Time (seconds), Duration (seconds),pred_(unlabeled),pred_table,pred_empty_box
0.00250,0.99500,0.00781,0.98956,0.00263
1.00250,0.99500,0.00296,0.99614,0.00090
2.00250,0.99500,0.10037,0.88794,0.01169
3.00250,0.99500,0.00168,0.99826,0.00006
4.00250,0.99500,0.00672,0.99199,0.00130
5.00250,0.99500,0.00215,0.99737,0.00048
6.00250,0.99500,0.00408,0.99567,0.00025
7.00250,0.99500,0.02188,0.96168,0.01644
8.00250,0.99500,0.02923,0.96344,0.00733
9.00250,0.99500,0.00136,0.99813,0.00050
10.00250,0.99500,0.00419,0.99030,0.00551
11.00250,0.99500,0.01512,0.91450,0.07038
12.00250,0.99500,0.01616,0.93416,0.04968
13.00250,0.99500,0.02105,0.96554,0.01341
14.00250,0.99500,0.00560,0.99211,0.00229
15.00250,0.99500,0.01439,0.61277,0.37284
16.00250,0.99500,0.52022,0.34315,0.13663
17.00250,0.99500,0.02838,0.10338,0.86823
18.00250,0.99500,0.00224,0.98829,0.00947
19.00250,0.99500,0.00952,0.86410,0.12639
20.00250,0.99500,0.01377,0.84264,0.14359
21.00250,0.99500,0.14400,0.15344,0.70256
22.00250,0.99500,0.02362,0.36808,0.60829
23.00250,0.99500,0.02105,0.05061,0.92834
24.00250,0.99500,0.02059,0.71356,0.26585
25.00250,0.99500,0.08347,0.36873,0.54780
26.00250,0.99500,0.02507,0.30099,0.67394
27.00250,0.99500,0.00611,0.90920,0.08470
28.00250,0.99500,0.18004,0.53299,0.28697
29.00250,0.99500,0.01974,0.26298,0.71728
30.00250,0.99500,0.22095,0.33495,0.44410
31.00250,0.99500,0.00521,0.92805,0.06674
32.00250,0.99500,0.00730,0.81487,0.17783
33.00250,0.99500,0.00233,0.99536,0.00231
34.00250,0.99500,0.00869,0.87510,0.11622
35.00250,0.99500,0.02230,0.53378,0.44392
36.00250,0.99500,0.01123,0.78595,0.20282
37.00250,0.99500,0.01928,0.97100,0.00972
38.00250,0.99500,0.06745,0.50695,0.42560
39.00250,0.99500,0.00682,0.95561,0.03757
40.00250,0.99500,0.00713,0.97651,0.01636
41.00250,0.99500,0.03602,0.66869,0.29529
42.00250,0.99500,0.05328,0.91796,0.02876
43.00250,0.99500,0.00146,0.99735,0.00119
44.00250,0.99500,0.00554,0.98969,0.00477
45.00250,0.99500,0.08672,0.72888,0.18440
46.00250,0.99500,0.02630,0.97131,0.00239
47.00250,0.99500,0.03163,0.96779,0.00057
48.00250,0.99500,0.00430,0.99338,0.00232
49.00250,0.99500,0.00203,0.99516,0.00280
50.00250,0.99500,0.03189,0.89797,0.07015
51.00250,0.99500,0.00108,0.99724,0.00168
52.00250,0.99500,0.01008,0.98759,0.00233
53.00250,0.99500,0.01080,0.98827,0.00093
54.00250,0.99500,0.01007,0.98532,0.00461
55.00250,0.99500,0.00047,0.99922,0.00031
56.00250,0.99500,0.00056,0.99929,0.00015
57.00250,0.99500,0.00674,0.99200,0.00126
58.00250,0.99500,0.00241,0.99679,0.00079
59.00250,0.99500,0.00705,0.99227,0.00068
60.00250,0.99500,0.00221,0.99726,0.00053
61.00250,0.99500,0.06585,0.81211,0.12204
62.00250,0.99500,0.03892,0.63246,0.32862
63.00250,0.99500,0.03605,0.86286,0.10108
64.00250,0.99500,0.00183,0.99322,0.00495
65.00250,0.99500,0.00268,0.99135,0.00596
66.00250,0.99500,0.00188,0.99565,0.00247
67.00250,0.99500,0.00424,0.98672,0.00904
68.00250,0.99500,0.44672,0.29974,0.25354
69.00250,0.99500,0.23746,0.36944,0.39309
70.00250,0.99500,0.05828,0.67028,0.27144
71.00250,0.99500,0.29116,0.22835,0.48049
72.00250,0.99500,0.02901,0.82656,0.14443
73.00250,0.99500,0.06642,0.07394,0.85963
74.00250,0.99500,0.01427,0.85654,0.12919
75.00250,0.99500,0.00808,0.92544,0.06649
76.00250,0.99500,0.01280,0.97657,0.01063
77.00250,0.99500,0.01753,0.97455,0.00792
78.00250,0.99500,0.00183,0.99334,0.00484
79.00250,0.99500,0.00743,0.98205,0.01052
80.00250,0.99500,0.01508,0.94832,0.03660
81.00250,0.99500,0.03805,0.30269,0.65926
82.00250,0.99500,0.00155,0.98825,0.01020
83.00250,0.99500,0.00096,0.99840,0.00064
84.00250,0.99500,0.00450,0.98467,0.01082
85.00250,0.99500,0.27292,0.46532,0.26176
86.00250,0.99500,1.00000,0.00000,0.00000
87.00250,0.99500,1.00000,0.00000,0.00000
88.00250,0.99500,1.00000,0.00000,0.00000
89.00250,0.99500,0.99934,0.00064,0.00003
90.00250,0.99500,0.02578,0.00019,0.97404
91.00250,0.99500,0.09001,0.00021,0.90978
92.00250,0.99500,0.02568,0.00014,0.97418
93.00250,0.99500,0.03382,0.00002,0.96616
94.00250,0.99500,0.02961,0.00003,0.97036
95.00250,0.99500,0.02327,0.00003,0.97670
96.00250,0.99500,0.08731,0.00002,0.91267
97.00250,0.99500,0.03894,0.00001,0.96105
98.00250,0.99500,0.00874,0.00000,0.99126
99.00250,0.99500,0.02210,0.00000,0.97790
100.00250,0.99500,0.04124,0.00004,0.95872
101.00250,0.99500,0.01035,0.00001,0.98964
102.00250,0.99500,0.05216,0.00006,0.94777
103.00250,0.99500,0.03560,0.00001,0.96440
104.00250,0.99500,0.05156,0.00001,0.94843
105.00250,0.99500,0.01784,0.00001,0.98215
106.00250,0.99500,0.01899,0.00002,0.98100
107.00250,0.99500,0.00917,0.00001,0.99082
108.00250,0.99500,0.06352,0.00153,0.93495
109.00250,0.99500,0.02221,0.00002,0.97777
110.00250,0.99500,0.01351,0.00000,0.98649
111.00250,0.99500,0.01371,0.00000,0.98628
112.00250,0.99500,0.06881,0.00011,0.93109
113.00250,0.99500,0.02346,0.00015,0.97639
114.00250,0.99500,0.03693,0.00007,0.96300
115.00250,0.99500,0.06391,0.00007,0.93602
116.00250,0.99500,0.00789,0.00003,0.99208
117.00250,0.99500,0.07207,0.00152,0.92642
118.00250,0.99500,0.00706,0.00001,0.99293
119.00250,0.99500,0.04667,0.00001,0.95332
120.00250,0.99500,0.02522,0.00001,0.97476
121.00250,0.99500,0.01224,0.00004,0.98772
122.00250,0.99500,0.01727,0.00004,0.98269
123.00250,0.99500,0.00518,0.00005,0.99477
124.00250,0.99500,0.03324,0.00006,0.96670
125.00250,0.99500,0.00358,0.00001,0.99641
126.00250,0.99500,0.07019,0.00123,0.92858
127.00250,0.99500,0.07489,0.00060,0.92451
128.00250,0.99500,0.08038,0.00041,0.91920
129.00250,0.99500,0.20430,0.00253,0.79318
130.00250,0.99500,0.32436,0.00360,0.67204
131.00250,0.99500,0.01652,0.00046,0.98302
132.00250,0.99500,0.13597,0.00104,0.86299
133.00250,0.99500,0.06179,0.00069,0.93753
134.00250,0.99500,0.06018,0.00048,0.93934
135.00250,0.99500,0.02649,0.00006,0.97345
136.00250,0.99500,0.05406,0.00005,0.94590
137.00250,0.99500,0.14278,0.00102,0.85620
138.00250,0.99500,0.08688,0.00005,0.91307
139.00250,0.99500,0.95447,0.00044,0.04509
140.00250,0.99500,0.05628,0.00015,0.94357
141.00250,0.99500,0.01853,0.00005,0.98142
142.00250,0.99500,0.07738,0.00021,0.92241
143.00250,0.99500,0.09152,0.00022,0.90826
144.00250,0.99500,0.03016,0.00002,0.96982
145.00250,0.99500,0.05122,0.00004,0.94875
146.00250,0.99500,0.00712,0.00001,0.99287
147.00250,0.99500,0.02469,0.00000,0.97531
148.00250,0.99500,0.01341,0.00000,0.98659
149.00250,0.99500,0.00959,0.00000,0.99041
150.00250,0.99500,0.01144,0.00000,0.98855
151.00250,0.99500,0.02380,0.00001,0.97619
152.00250,0.99500,0.01288,0.00003,0.98709
153.00250,0.99500,0.33714,0.00062,0.66223
154.00250,0.99500,0.01926,0.00000,0.98074
155.00250,0.99500,0.06955,0.00000,0.93045
156.00250,0.99500,0.01604,0.00007,0.98390
157.00250,0.99500,0.04834,0.00002,0.95164
158.00250,0.99500,0.03891,0.00005,0.96103
159.00250,0.99500,0.13840,0.01430,0.84731
160.00250,0.99500,0.03856,0.01999,0.94145
161.00250,0.99500,0.05642,0.00094,0.94265
162.00250,0.99500,0.01116,0.00001,0.98883
163.00250,0.99500,0.01338,0.00393,0.98270
164.00250,0.99500,0.03036,0.00017,0.96947
165.00250,0.99500,0.01216,0.00000,0.98783
166.00250,0.99500,0.02346,0.00481,0.97173
167.00250,0.99500,0.02895,0.00013,0.97091
168.00250,0.99500,0.00610,0.00001,0.99389
169.00250,0.99500,0.00130,0.00001,0.99869
170.00250,0.99500,0.01114,0.00018,0.98868
171.00250,0.99500,0.00837,0.00024,0.99139
172.00250,0.99500,0.09320,0.00002,0.90678
173.00250,0.99500,0.01181,0.00067,0.98752
174.00250,0.99500,0.05545,0.00100,0.94355
175.00250,0.99500,0.02793,0.00024,0.97183
176.00250,0.99500,0.00825,0.00069,0.99106
177.00250,0.99500,0.00470,0.00014,0.99516
178.00250,0.99500,0.00713,0.00394,0.98893
179.00250,0.99500,0.04502,0.00088,0.95410
180.00250,0.99500,0.04104,0.00016,0.95880
181.00250,0.99500,0.05487,0.00115,0.94398
182.00250,0.99500,0.33096,0.00733,0.66170
183.00250,0.99500,0.13239,0.00005,0.86755
184.00250,0.99500,0.00992,0.00000,0.99008
185.00250,0.99500,0.01716,0.00003,0.98281
186.00250,0.99500,0.05936,0.00000,0.94064
187.00250,0.99500,0.05260,0.00006,0.94733
188.00250,0.99500,1.00000,0.00000,0.00000
189.00250,0.99500,0.72259,0.10532,0.17209
190.00250,0.99500,0.50910,0.29978,0.19111
191.00250,0.99500,0.32509,0.48270,0.19221
192.00250,0.99500,0.04193,0.85081,0.10726
193.00250,0.99500,0.01014,0.94689,0.04298
194.00250,0.99500,0.01330,0.78167,0.20503
195.00250,0.99500,0.01135,0.96519,0.02346
196.00250,0.99500,0.08562,0.82680,0.08757
197.00250,0.99500,0.01339,0.68610,0.30050
198.00250,0.99500,0.03431,0.63608,0.32962
199.00250,0.99500,0.01847,0.61500,0.36653
200.00250,0.99500,0.03871,0.92196,0.03933
201.00250,0.99500,0.02741,0.75877,0.21382
202.00250,0.99500,0.10036,0.84786,0.05177
203.00250,0.99500,0.27644,0.54404,0.17952
204.00250,0.99500,0.01229,0.98241,0.00530
205.00250,0.99500,0.28419,0.62084,0.09498
206.00250,0.99500,0.02800,0.83915,0.13285
207.00250,0.99500,0.00843,0.93878,0.05279
208.00250,0.99500,0.00973,0.95402,0.03625
209.00250,0.99500,0.00131,0.99483,0.00386
210.00250,0.99500,0.03229,0.96608,0.00163
211.00250,0.99500,0.01240,0.94340,0.04419
212.00250,0.99500,0.00406,0.97047,0.02547
213.00250,0.99500,0.00525,0.98647,0.00828
214.00250,0.99500,0.02561,0.89707,0.07731
215.00250,0.99500,0.00119,0.99580,0.00301
216.00250,0.99500,0.00683,0.97530,0.01786
217.00250,0.99500,0.00842,0.98810,0.00348
218.00250,0.99500,0.00156,0.99188,0.00655
219.00250,0.99500,0.06497,0.90521,0.02981
220.00250,0.99500,0.02703,0.93840,0.03456
221.00250,0.99500,0.00542,0.99247,0.00211
222.00250,0.99500,0.00128,0.99794,0.00079
223.00250,0.99500,0.00610,0.99361,0.00029
224.00250,0.99500,0.01924,0.98020,0.00056
225.00250,0.99500,0.01444,0.98513,0.00043
226.00250,0.99500,0.01132,0.93555,0.05313
227.00250,0.99500,0.13964,0.78288,0.07748
228.00250,0.99500,0.00193,0.99684,0.00123
229.00250,0.99500,0.00083,0.99895,0.00022
230.00250,0.99500,0.00825,0.99056,0.00118
231.00250,0.99500,0.00040,0.99953,0.00007
232.00250,0.99500,0.00152,0.99807,0.00041
233.00250,0.99500,0.00272,0.99335,0.00393
234.00250,0.99500,0.00986,0.98937,0.00077
235.00250,0.99500,0.05776,0.93895,0.00329
236.00250,0.99500,0.01519,0.97220,0.01261
237.00250,0.99500,0.03838,0.74927,0.21235
238.00250,0.99500,0.00053,0.99799,0.00148
239.00250,0.99500,0.08731,0.90924,0.00345
240.00250,0.99500,0.00351,0.99476,0.00173
241.00250,0.99500,0.02381,0.96805,0.00814
242.00250,0.99500,0.05110,0.93941,0.00948
243.00250,0.99500,0.01843,0.97196,0.00962
244.00250,0.99500,0.01146,0.96697,0.02158
245.00250,0.99500,0.00380,0.98909,0.00711
246.00250,0.99500,0.00987,0.95155,0.03858
247.00250,0.99500,0.05754,0.61453,0.32794
248.00250,0.99500,0.00293,0.99511,0.00196
249.00250,0.99500,0.00216,0.99722,0.00062
250.00250,0.99500,0.00210,0.99788,0.00002
251.00250,0.99500,0.01231,0.98007,0.00762
252.00250,0.99500,0.00332,0.98990,0.00678
253.00250,0.99500,0.00240,0.99732,0.00028
254.00250,0.99500,0.00512,0.98139,0.01349
255.00250,0.99500,0.02481,0.97116,0.00403
256.00250,0.99500,0.00220,0.99338,0.00442
257.00250,0.99500,0.00646,0.98586,0.00768
258.00250,0.99500,0.00339,0.99462,0.00199
259.00250,0.99500,0.02131,0.92515,0.05354
260.00250,0.99500,0.00208,0.99644,0.00149
261.00250,0.99500,0.02742,0.96434,0.00823
262.00250,0.99500,0.00244,0.99009,0.00747
263.00250,0.99500,0.00276,0.98672,0.01052
264.00250,0.99500,0.01273,0.86328,0.12399
265.00250,0.99500,0.01564,0.96706,0.01729
266.00250,0.99500,0.02872,0.97079,0.00049
267.00250,0.99500,0.03512,0.96010,0.00478
268.00250,0.99500,0.00167,0.99819,0.00014
269.00250,0.99500,0.13836,0.86112,0.00052
270.00250,0.99500,0.03685,0.86915,0.09400
271.00250,0.99500,0.62220,0.35914,0.01866
272.00250,0.99500,0.01772,0.65701,0.32528
273.00250,0.99500,0.02730,0.97214,0.00056
274.00250,0.99500,0.13692,0.83668,0.02640
275.00250,0.99500,0.07211,0.84430,0.08359
276.00250,0.99500,0.00273,0.97565,0.02162
277.00250,0.99500,0.03129,0.68846,0.28026
278.00250,0.99500,0.19508,0.06869,0.73624
279.00250,0.99500,1.00000,0.00000,0.00000
280.00250,0.99500,1.00000,0.00000,0.00000
281.00250,0.99500,1.00000,0.00000,0.00000
282.00250,0.99500,0.99975,0.00000,0.00025
283.00250,0.99500,1.00000,0.00000,0.00000
284.00250,0.99500,1.00000,0.00000,0.00000
285.00250,0.99500,0.99999,0.00000,0.00001
286.00250,0.99500,1.00000,0.00000,0.00000
287.00250,0.99500,1.00000,0.00000,0.00000
288.00250,0.99500,1.00000,0.00000,0.00000
289.00250,0.99500,1.00000,0.00000,0.00000
290.00250,0.99500,1.00000,0.00000,0.00000
291.00250,0.99500,1.00000,0.00000,0.00000
292.00250,0.99500,1.00000,0.00000,0.00000
293.00250,0.99500,0.99996,0.00004,0.00000
294.00250,0.99500,0.99985,0.00015,0.00000
295.00250,0.99500,1.00000,0.00000,0.00000
296.00250,0.99500,1.00000,0.00000,0.00000
297.00250,0.99500,0.99999,0.00000,0.00000
298.00250,0.99500,0.99999,0.00001,0.00000
299.00250,0.99500,0.99968,0.00032,0.00000
