Time (seconds), Duration (seconds),pred_(unlabeled),pred_empty_box,pred_table
0.00250,0.49500,0.01295,0.98705,0.00000
0.10250,0.49500,0.01421,0.98579,0.00000
0.20250,0.49500,0.01531,0.98469,0.00000
0.30250,0.49500,0.01474,0.98526,0.00000
0.40250,0.49500,0.01392,0.98608,0.00000
0.50250,0.49500,0.01521,0.98479,0.00000
0.60250,0.49500,0.01297,0.98703,0.00000
0.70250,0.49500,0.01364,0.98636,0.00000
0.80250,0.49500,0.01477,0.98523,0.00000
0.90250,0.49500,0.01461,0.98539,0.00000
1.00250,0.49500,0.01611,0.98389,0.00000
1.10250,0.49500,0.01436,0.98564,0.00000
1.20250,0.49500,0.01376,0.98624,0.00000
1.30250,0.49500,0.01398,0.98602,0.00000
1.40250,0.49500,0.01450,0.98550,0.00000
1.50250,0.49500,0.01416,0.98584,0.00000
1.60250,0.49500,0.01391,0.98609,0.00000
1.70250,0.49500,0.01328,0.98672,0.00000
1.80250,0.49500,0.01445,0.98555,0.00000
1.90250,0.49500,0.01455,0.98545,0.00000
2.00250,0.49500,0.01532,0.98468,0.00000
2.10250,0.49500,0.01517,0.98483,0.00000
2.20250,0.49500,0.01506,0.98494,0.00000
2.30250,0.49500,0.01407,0.98593,0.00000
2.40250,0.49500,0.01354,0.98646,0.00000
2.50250,0.49500,0.01361,0.98639,0.00000
2.60250,0.49500,0.01345,0.98655,0.00000
2.70250,0.49500,0.01446,0.98554,0.00000
2.80250,0.49500,0.01418,0.98582,0.00000
2.90250,0.49500,0.01513,0.98487,0.00000
3.00250,0.49500,0.01520,0.98480,0.00000
3.10250,0.49500,0.01497,0.98503,0.00000
3.20250,0.49500,0.01521,0.98479,0.00000
3.30250,0.49500,0.01616,0.98384,0.00000
3.40250,0.49500,0.01615,0.98385,0.00000
3.50250,0.49500,0.01745,0.98255,0.00000
3.60250,0.49500,0.01821,0.98179,0.00000
3.70250,0.49500,0.01701,0.98299,0.00000
3.80250,0.49500,0.01861,0.98139,0.00000
3.90250,0.49500,0.01546,0.98454,0.00000
4.00250,0.49500,0.01695,0.98305,0.00000
4.10250,0.49500,0.01503,0.98497,0.00000
4.20250,0.49500,0.01299,0.98701,0.00000
4.30250,0.49500,0.01317,0.98683,0.00000
4.40250,0.49500,0.01329,0.98671,0.00000
4.50250,0.49500,0.01458,0.98542,0.00000
4.60250,0.49500,0.01543,0.98457,0.00000
4.70250,0.49500,0.01550,0.98450,0.00000
4.80250,0.49500,0.01662,0.98338,0.00000
4.90250,0.49500,0.01518,0.98482,0.00000
5.00250,0.49500,0.01707,0.98293,0.00000
5.10250,0.49500,0.02053,0.97947,0.00000
5.20250,0.49500,0.01885,0.98115,0.00000
5.30250,0.49500,0.02153,0.97847,0.00000
5.40250,0.49500,0.02055,0.97945,0.00000
5.50250,0.49500,0.01657,0.98343,0.00000
5.60250,0.49500,0.01700,0.98300,0.00000
5.70250,0.49500,0.01556,0.98444,0.00000
5.80250,0.49500,0.01514,0.98486,0.00000
5.90250,0.49500,0.01651,0.98349,0.00000
6.00250,0.49500,0.01446,0.98554,0.00000
6.10250,0.49500,0.01465,0.98535,0.00000
6.20250,0.49500,0.01486,0.98514,0.00000
6.30250,0.49500,0.01443,0.98557,0.00000
6.40250,0.49500,0.01640,0.98360,0.00000
6.50250,0.49500,0.01531,0.98469,0.00000
6.60250,0.49500,0.01497,0.98503,0.00000
6.70250,0.49500,0.01509,0.98491,0.00000
6.80250,0.49500,0.01495,0.98505,0.00000
6.90250,0.49500,0.01510,0.98490,0.00000
7.00250,0.49500,0.01442,0.98558,0.00000
7.10250,0.49500,0.01386,0.98614,0.00000
7.20250,0.49500,0.01429,0.98571,0.00000
7.30250,0.49500,0.01449,0.98551,0.00000
7.40250,0.49500,0.01603,0.98397,0.00000
7.50250,0.49500,0.01501,0.98499,0.00000
7.60250,0.49500,0.01698,0.98302,0.00000
7.70250,0.49500,0.01841,0.98159,0.00000
7.80250,0.49500,0.01647,0.98353,0.00000
7.90250,0.49500,0.01677,0.98323,0.00000
8.00250,0.49500,0.01646,0.98354,0.00000
8.10250,0.49500,0.01409,0.98591,0.00000
8.20250,0.49500,0.01472,0.98528,0.00000
8.30250,0.49500,0.01343,0.98657,0.00000
8.40250,0.49500,0.01538,0.98462,0.00000
8.50250,0.49500,0.01586,0.98414,0.00000
8.60250,0.49500,0.01501,0.98499,0.00000
8.70250,0.49500,0.01708,0.98292,0.00000
8.80250,0.49500,0.01766,0.98234,0.00000
8.90250,0.49500,0.01543,0.98457,0.00000
9.00250,0.49500,0.01586,0.98414,0.00000
9.10250,0.49500,0.01466,0.98534,0.00000
9.20250,0.49500,0.02462,0.97538,0.00000
9.30250,0.49500,0.02236,0.97764,0.00000
9.40250,0.49500,0.02477,0.97523,0.00000
9.50250,0.49500,0.02433,0.97567,0.00000
9.60250,0.49500,0.01988,0.98012,0.00000
9.70250,0.49500,0.01908,0.98092,0.00000
9.80250,0.49500,0.01974,0.98026,0.00000
9.90250,0.49500,0.01494,0.98506,0.00000
10.00250,0.49500,0.01512,0.98488,0.00000
10.10250,0.49500,0.01667,0.98333,0.00000
10.20250,0.49500,0.01693,0.98307,0.00000
10.30250,0.49500,0.01664,0.98336,0.00000
10.40250,0.49500,0.01770,0.98230,0.00000
10.50250,0.49500,0.01540,0.98460,0.00000
10.60250,0.49500,0.01700,0.98300,0.00000
10.70250,0.49500,0.01712,0.98288,0.00000
10.80250,0.49500,0.01597,0.98403,0.00000
10.90250,0.49500,0.01623,0.98377,0.00000
11.00250,0.49500,0.01626,0.98374,0.00000
11.10250,0.49500,0.01625,0.98375,0.00000
11.20250,0.49500,0.01522,0.98478,0.00000
11.30250,0.49500,0.01539,0.98461,0.00000
11.40250,0.49500,0.01502,0.98498,0.00000
11.50250,0.49500,0.01649,0.98351,0.00000
11.60250,0.49500,0.01536,0.98464,0.00000
11.70250,0.49500,0.01602,0.98398,0.00000
11.80250,0.49500,0.01405,0.98595,0.00000
11.90250,0.49500,0.01560,0.98440,0.00000
12.00250,0.49500,0.01366,0.98634,0.00000
12.10250,0.49500,0.01345,0.98655,0.00000
12.20250,0.49500,0.01247,0.98753,0.00000
12.30250,0.49500,0.01534,0.98466,0.00000
12.40250,0.49500,0.01570,0.98430,0.00000
12.50250,0.49500,0.01910,0.98090,0.00000
12.60250,0.49500,0.01905,0.98095,0.00000
12.70250,0.49500,0.01716,0.98284,0.00000
12.80250,0.49500,0.01736,0.98264,0.00000
12.90250,0.49500,0.01651,0.98349,0.00000
13.00250,0.49500,0.01437,0.98563,0.00000
13.10250,0.49500,0.01797,0.98203,0.00000
13.20250,0.49500,0.01653,0.98347,0.00000
13.30250,0.49500,0.01602,0.98398,0.00000
13.40250,0.49500,0.01746,0.98254,0.00000
13.50250,0.49500,0.01618,0.98382,0.00000
13.60250,0.49500,0.01856,0.98144,0.00000
13.70250,0.49500,0.01795,0.98205,0.00000
13.80250,0.49500,0.01467,0.98533,0.00000
13.90250,0.49500,0.01810,0.98190,0.00000
14.00250,0.49500,0.01555,0.98445,0.00000
14.10250,0.49500,0.01548,0.98452,0.00000
14.20250,0.49500,0.01418,0.98582,0.00000
14.30250,0.49500,0.01330,0.98670,0.00000
14.40250,0.49500,0.01349,0.98651,0.00000
14.50250,0.49500,0.01337,0.98663,0.00000
14.60250,0.49500,0.01729,0.98271,0.00000
14.70250,0.49500,0.01498,0.98502,0.00000
14.80250,0.49500,0.01613,0.98387,0.00000
14.90250,0.49500,0.01580,0.98420,0.00000
15.00250,0.49500,0.01327,0.98673,0.00000
15.10250,0.49500,0.01465,0.98535,0.00000
15.20250,0.49500,0.01387,0.98613,0.00000
15.30250,0.49500,0.01394,0.98606,0.00000
15.40250,0.49500,0.01515,0.98485,0.00000
15.50250,0.49500,0.01353,0.98647,0.00000
15.60250,0.49500,0.01342,0.98658,0.00000
15.70250,0.49500,0.01402,0.98598,0.00000
15.80250,0.49500,0.01687,0.98313,0.00000
15.90250,0.49500,0.01546,0.98454,0.00000
16.00250,0.49500,0.01567,0.98433,0.00000
16.10250,0.49500,0.01486,0.98514,0.00000
16.20250,0.49500,0.01326,0.98674,0.00000
16.30250,0.49500,0.01366,0.98634,0.00000
16.40250,0.49500,0.01370,0.98630,0.00000
16.50250,0.49500,0.01408,0.98592,0.00000
16.60250,0.49500,0.01450,0.98550,0.00000
16.70250,0.49500,0.01311,0.98689,0.00000
16.80250,0.49500,0.01369,0.98631,0.00000
16.90250,0.49500,0.01438,0.98562,0.00000
17.00250,0.49500,0.01415,0.98585,0.00000
17.10250,0.49500,0.01460,0.98540,0.00000
17.20250,0.49500,0.01433,0.98567,0.00000
17.30250,0.49500,0.01308,0.98692,0.00000
17.40250,0.49500,0.01424,0.98576,0.00000
17.50250,0.49500,0.01379,0.98621,0.00000
17.60250,0.49500,0.01447,0.98553,0.00000
17.70250,0.49500,0.01520,0.98480,0.00000
17.80250,0.49500,0.01435,0.98565,0.00000
17.90250,0.49500,0.01617,0.98383,0.00000
18.00250,0.49500,0.01614,0.98386,0.00000
18.10250,0.49500,0.01662,0.98338,0.00000
18.20250,0.49500,0.01578,0.98422,0.00000
18.30250,0.49500,0.01344,0.98656,0.00000
18.40250,0.49500,0.01252,0.98748,0.00000
18.50250,0.49500,0.01252,0.98748,0.00000
18.60250,0.49500,0.01259,0.98741,0.00000
18.70250,0.49500,0.01305,0.98695,0.00000
18.80250,0.49500,0.01525,0.98475,0.00000
18.90250,0.49500,0.01683,0.98317,0.00000
19.00250,0.49500,0.01612,0.98388,0.00000
19.10250,0.49500,0.01591,0.98409,0.00000
19.20250,0.49500,0.01565,0.98435,0.00000
19.30250,0.49500,0.01554,0.98446,0.00000
19.40250,0.49500,0.01511,0.98489,0.00000
19.50250,0.49500,0.02011,0.97989,0.00000
19.60250,0.49500,0.02604,0.97396,0.00000
19.70250,0.49500,0.03786,0.96214,0.00000
19.80250,0.49500,0.03921,0.96079,0.00000
19.90250,0.49500,0.03952,0.96048,0.00000
20.00250,0.49500,0.03649,0.96351,0.00000
20.10250,0.49500,0.02320,0.97680,0.00000
20.20250,0.49500,0.06934,0.93066,0.00000
20.30250,0.49500,0.15812,0.84188,0.00000
20.40250,0.49500,0.19414,0.80586,0.00000
20.50250,0.49500,0.24273,0.75727,0.00000
20.60250,0.49500,0.20793,0.79207,0.00000
20.70250,0.49500,0.13106,0.86894,0.00000
20.80250,0.49500,0.10187,0.89813,0.00000
20.90250,0.49500,0.11458,0.88542,0.00000
21.00250,0.49500,0.15836,0.84164,0.00000
21.10250,0.49500,0.14206,0.85794,0.00000
21.20250,0.49500,0.12407,0.87593,0.00000
21.30250,0.49500,0.06761,0.93239,0.00000
21.40250,0.49500,0.05316,0.94684,0.00000
21.50250,0.49500,0.05136,0.94864,0.00000
21.60250,0.49500,0.05044,0.94956,0.00000
21.70250,0.49500,0.08253,0.91747,0.00000
21.80250,0.49500,0.06673,0.93326,0.00000
21.90250,0.49500,0.03486,0.96514,0.00000
22.00250,0.49500,0.05855,0.94145,0.00000
22.10250,0.49500,0.02825,0.97175,0.00000
22.20250,0.49500,0.03572,0.96428,0.00000
22.30250,0.49500,0.04232,0.95768,0.00000
22.40250,0.49500,0.03232,0.96768,0.00000
22.50250,0.49500,0.03907,0.96093,0.00000
22.60250,0.49500,0.04327,0.95673,0.00000
22.70250,0.49500,0.02965,0.97035,0.00000
22.80250,0.49500,0.02524,0.97476,0.00000
22.90250,0.49500,0.02328,0.97672,0.00000
23.00250,0.49500,0.02386,0.97614,0.00000
23.10250,0.49500,0.02134,0.97866,0.00000
23.20250,0.49500,0.02287,0.97713,0.00000
23.30250,0.49500,0.02319,0.97681,0.00000
23.40250,0.49500,0.01652,0.98348,0.00000
23.50250,0.49500,0.01742,0.98258,0.00000
23.60250,0.49500,0.01802,0.98198,0.00000
23.70250,0.49500,0.01931,0.98069,0.00000
23.80250,0.49500,0.02621,0.97379,0.00000
23.90250,0.49500,0.02655,0.97345,0.00000
24.00250,0.49500,0.02579,0.97421,0.00000
24.10250,0.49500,0.02785,0.97215,0.00000
24.20250,0.49500,0.01863,0.98137,0.00000
24.30250,0.49500,0.01685,0.98315,0.00000
24.40250,0.49500,0.01429,0.98571,0.00000
24.50250,0.49500,0.01378,0.98622,0.00000
24.60250,0.49500,0.01296,0.98704,0.00000
24.70250,0.49500,0.01234,0.98766,0.00000
24.80250,0.49500,0.01241,0.98759,0.00000
24.90250,0.49500,0.01204,0.98796,0.00000
25.00250,0.49500,0.01190,0.98810,0.00000
25.10250,0.49500,0.01231,0.98769,0.00000
25.20250,0.49500,0.01348,0.98652,0.00000
25.30250,0.49500,0.01302,0.98698,0.00000
25.40250,0.49500,0.01451,0.98549,0.00000
25.50250,0.49500,0.01452,0.98548,0.00000
25.60250,0.49500,0.01561,0.98439,0.00000
25.70250,0.49500,0.01678,0.98322,0.00000
25.80250,0.49500,0.01513,0.98487,0.00000
25.90250,0.49500,0.01487,0.98513,0.00000
26.00250,0.49500,0.01568,0.98432,0.00000
26.10250,0.49500,0.01349,0.98651,0.00000
26.20250,0.49500,0.01388,0.98612,0.00000
26.30250,0.49500,0.01369,0.98631,0.00000
26.40250,0.49500,0.01379,0.98621,0.00000
26.50250,0.49500,0.01545,0.98455,0.00000
26.60250,0.49500,0.02201,0.97799,0.00000
26.70250,0.49500,0.03493,0.96507,0.00000
26.80250,0.49500,0.02889,0.97111,0.00000
26.90250,0.49500,0.03325,0.96675,0.00000
27.00250,0.49500,0.02481,0.97519,0.00000
27.10250,0.49500,0.01772,0.98228,0.00000
27.20250,0.49500,0.01891,0.98109,0.00000
27.30250,0.49500,0.01487,0.98513,0.00000
27.40250,0.49500,0.01502,0.98498,0.00000
27.50250,0.49500,0.01645,0.98355,0.00000
27.60250,0.49500,0.01588,0.98412,0.00000
27.70250,0.49500,0.01733,0.98267,0.00000
27.80250,0.49500,0.01874,0.98126,0.00000
27.90250,0.49500,0.01858,0.98142,0.00000
28.00250,0.49500,0.01748,0.98252,0.00000
28.10250,0.49500,0.01710,0.98290,0.00000
28.20250,0.49500,0.01633,0.98367,0.00000
28.30250,0.49500,0.01571,0.98429,0.00000
28.40250,0.49500,0.01598,0.98402,0.00000
28.50250,0.49500,0.01499,0.98501,0.00000
28.60250,0.49500,0.01486,0.98514,0.00000
28.70250,0.49500,0.01505,0.98495,0.00000
28.80250,0.49500,0.01557,0.98443,0.00000
28.90250,0.49500,0.01367,0.98633,0.00000
29.00250,0.49500,0.01326,0.98674,0.00000
29.10250,0.49500,0.01595,0.98405,0.00000
29.20250,0.49500,0.01852,0.98148,0.00000
29.30250,0.49500,0.01917,0.98083,0.00000
29.40250,0.49500,0.02098,0.97902,0.00000
29.50250,0.49500,0.02000,0.98000,0.00000
29.60250,0.49500,0.01880,0.98120,0.00000
29.70250,0.49500,0.02046,0.97954,0.00000
29.80250,0.49500,0.01747,0.98253,0.00000
29.90250,0.49500,0.01787,0.98213,0.00000
30.00250,0.49500,0.01894,0.98106,0.00000
30.10250,0.49500,0.01625,0.98375,0.00000
30.20250,0.49500,0.01672,0.98328,0.00000
30.30250,0.49500,0.01845,0.98155,0.00000
30.40250,0.49500,0.01614,0.98386,0.00000
30.50250,0.49500,0.01839,0.98161,0.00000
30.60250,0.49500,0.01975,0.98025,0.00000
30.70250,0.49500,0.02783,0.97217,0.00000
30.80250,0.49500,0.02627,0.97373,0.00000
30.90250,0.49500,0.02554,0.97446,0.00000
31.00250,0.49500,0.02044,0.97956,0.00000
31.10250,0.49500,0.02029,0.97971,0.00000
31.20250,0.49500,0.02138,0.97862,0.00000
31.30250,0.49500,0.02644,0.97356,0.00000
31.40250,0.49500,0.02398,0.97602,0.00000
31.50250,0.49500,0.02118,0.97882,0.00000
31.60250,0.49500,0.02308,0.97692,0.00000
31.70250,0.49500,0.03539,0.96461,0.00000
31.80250,0.49500,0.03234,0.96766,0.00000
31.90250,0.49500,0.04188,0.95812,0.00000
32.00250,0.49500,0.04134,0.95866,0.00000
32.10250,0.49500,0.03582,0.96418,0.00000
32.20250,0.49500,0.03445,0.96555,0.00000
32.30250,0.49500,0.02574,0.97426,0.00000
32.40250,0.49500,0.02524,0.97476,0.00000
32.50250,0.49500,0.01774,0.98226,0.00000
32.60250,0.49500,0.01910,0.98090,0.00000
32.70250,0.49500,0.01959,0.98041,0.00000
32.80250,0.49500,0.01824,0.98176,0.00000
32.90250,0.49500,0.01693,0.98307,0.00000
33.00250,0.49500,0.01735,0.98265,0.00000
33.10250,0.49500,0.02092,0.97908,0.00000
33.20250,0.49500,0.01946,0.98054,0.00000
33.30250,0.49500,0.01888,0.98112,0.00000
33.40250,0.49500,0.01875,0.98125,0.00000
33.50250,0.49500,0.01687,0.98313,0.00000
33.60250,0.49500,0.01453,0.98547,0.00000
33.70250,0.49500,0.01509,0.98491,0.00000
33.80250,0.49500,0.01458,0.98542,0.00000
33.90250,0.49500,0.01530,0.98470,0.00000
34.00250,0.49500,0.01563,0.98437,0.00000
34.10250,0.49500,0.02001,0.97999,0.00000
34.20250,0.49500,0.02566,0.97434,0.00000
34.30250,0.49500,0.02589,0.97411,0.00000
34.40250,0.49500,0.03777,0.96223,0.00000
34.50250,0.49500,0.04441,0.95559,0.00000
34.60250,0.49500,0.05193,0.94807,0.00000
34.70250,0.49500,0.07277,0.92723,0.00000
34.80250,0.49500,0.11071,0.88929,0.00000
34.90250,0.49500,0.10078,0.89922,0.00000
35.00250,0.49500,0.09580,0.90420,0.00000
35.10250,0.49500,0.07127,0.92873,0.00000
35.20250,0.49500,0.05994,0.94006,0.00000
35.30250,0.49500,0.07786,0.92214,0.00000
35.40250,0.49500,0.15687,0.84313,0.00000
35.50250,0.49500,0.24304,0.75696,0.00000
35.60250,0.49500,0.50492,0.49508,0.00000
35.70250,0.49500,0.71111,0.28889,0.00000
35.80250,0.49500,0.72667,0.27333,0.00000
35.90250,0.49500,0.78339,0.21661,0.00000
36.00250,0.49500,0.75067,0.24933,0.00000
36.10250,0.49500,0.49301,0.50699,0.00000
36.20250,0.49500,0.40388,0.59612,0.00000
36.30250,0.49500,0.21161,0.78839,0.00000
36.40250,0.49500,0.07804,0.92196,0.00000
36.50250,0.49500,0.06325,0.93675,0.00000
36.60250,0.49500,0.04916,0.95084,0.00000
36.70250,0.49500,0.05199,0.94801,0.00000
36.80250,0.49500,0.04746,0.95254,0.00000
36.90250,0.49500,0.05423,0.94577,0.00000
37.00250,0.49500,0.06838,0.93162,0.00000
37.10250,0.49500,0.07433,0.92567,0.00000
37.20250,0.49500,0.06272,0.93728,0.00000
37.30250,0.49500,0.04128,0.95872,0.00000
37.40250,0.49500,0.03107,0.96893,0.00000
37.50250,0.49500,0.01954,0.98046,0.00000
37.60250,0.49500,0.02222,0.97778,0.00000
37.70250,0.49500,0.02605,0.97395,0.00000
37.80250,0.49500,0.02749,0.97251,0.00000
37.90250,0.49500,0.02435,0.97565,0.00000
38.00250,0.49500,0.02656,0.97344,0.00000
38.10250,0.49500,0.02992,0.97008,0.00000
38.20250,0.49500,0.02622,0.97378,0.00000
38.30250,0.49500,0.03397,0.96603,0.00000
38.40250,0.49500,0.02791,0.97209,0.00000
38.50250,0.49500,0.02470,0.97530,0.00000
38.60250,0.49500,0.02938,0.97062,0.00000
38.70250,0.49500,0.02384,0.97616,0.00000
38.80250,0.49500,0.02303,0.97697,0.00000
38.90250,0.49500,0.01953,0.98047,0.00000
39.00250,0.49500,0.01997,0.98003,0.00000
39.10250,0.49500,0.01703,0.98297,0.00000
39.20250,0.49500,0.01535,0.98465,0.00000
39.30250,0.49500,0.01704,0.98296,0.00000
39.40250,0.49500,0.01502,0.98498,0.00000
39.50250,0.49500,0.02248,0.97752,0.00000
39.60250,0.49500,0.02652,0.97348,0.00000
39.70250,0.49500,0.03059,0.96941,0.00000
39.80250,0.49500,0.03444,0.96556,0.00000
39.90250,0.49500,0.03184,0.96816,0.00000
40.00250,0.49500,0.03226,0.96774,0.00000
40.10250,0.49500,0.03885,0.96115,0.00000
40.20250,0.49500,0.04080,0.95920,0.00000
40.30250,0.49500,0.04682,0.95318,0.00000
40.40250,0.49500,0.03907,0.96093,0.00000
40.50250,0.49500,0.03606,0.96394,0.00000
40.60250,0.49500,0.03276,0.96724,0.00000
40.70250,0.49500,0.02060,0.97940,0.00000
40.80250,0.49500,0.02305,0.97695,0.00000
40.90250,0.49500,0.02673,0.97327,0.00000
41.00250,0.49500,0.02390,0.97610,0.00000
41.10250,0.49500,0.02672,0.97328,0.00000
41.20250,0.49500,0.02132,0.97868,0.00000
41.30250,0.49500,0.01762,0.98238,0.00000
41.40250,0.49500,0.02468,0.97532,0.00000
41.50250,0.49500,0.02624,0.97376,0.00000
41.60250,0.49500,0.03303,0.96697,0.00000
41.70250,0.49500,0.03100,0.96900,0.00000
41.80250,0.49500,0.02616,0.97384,0.00000
41.90250,0.49500,0.01870,0.98130,0.00000
42.00250,0.49500,0.02347,0.97653,0.00000
42.10250,0.49500,0.01987,0.98013,0.00000
42.20250,0.49500,0.02000,0.98000,0.00000
42.30250,0.49500,0.01866,0.98134,0.00000
42.40250,0.49500,0.02105,0.97895,0.00000
42.50250,0.49500,0.01754,0.98246,0.00000
42.60250,0.49500,0.02091,0.97909,0.00000
42.70250,0.49500,0.01887,0.98113,0.00000
42.80250,0.49500,0.01739,0.98261,0.00000
42.90250,0.49500,0.01955,0.98045,0.00000
43.00250,0.49500,0.01718,0.98282,0.00000
43.10250,0.49500,0.01911,0.98089,0.00000
43.20250,0.49500,0.01831,0.98169,0.00000
43.30250,0.49500,0.01884,0.98116,0.00000
43.40250,0.49500,0.02346,0.97654,0.00000
43.50250,0.49500,0.02133,0.97867,0.00000
43.60250,0.49500,0.01947,0.98053,0.00000
43.70250,0.49500,0.01900,0.98100,0.00000
43.80250,0.49500,0.01594,0.98406,0.00000
43.90250,0.49500,0.01593,0.98407,0.00000
44.00250,0.49500,0.01848,0.98152,0.00000
44.10250,0.49500,0.01878,0.98122,0.00000
44.20250,0.49500,0.01986,0.98014,0.00000
44.30250,0.49500,0.02273,0.97727,0.00000
44.40250,0.49500,0.01899,0.98101,0.00000
44.50250,0.49500,0.02043,0.97957,0.00000
44.60250,0.49500,0.01987,0.98013,0.00000
44.70250,0.49500,0.02025,0.97975,0.00000
44.80250,0.49500,0.01985,0.98015,0.00000
44.90250,0.49500,0.01897,0.98103,0.00000
45.00250,0.49500,0.03330,0.96670,0.00000
45.10250,0.49500,0.03065,0.96935,0.00000
45.20250,0.49500,0.03110,0.96890,0.00000
45.30250,0.49500,0.03340,0.96660,0.00000
45.40250,0.49500,0.02890,0.97110,0.00000
45.50250,0.49500,0.02657,0.97343,0.00000
45.60250,0.49500,0.02981,0.97019,0.00000
45.70250,0.49500,0.02419,0.97581,0.00000
45.80250,0.49500,0.02888,0.97112,0.00000
45.90250,0.49500,0.02388,0.97612,0.00000
46.00250,0.49500,0.02660,0.97340,0.00000
46.10250,0.49500,0.02469,0.97531,0.00000
46.20250,0.49500,0.02272,0.97728,0.00000
46.30250,0.49500,0.02418,0.97582,0.00000
46.40250,0.49500,0.02603,0.97397,0.00000
46.50250,0.49500,0.02524,0.97476,0.00000
46.60250,0.49500,0.02393,0.97607,0.00000
46.70250,0.49500,0.01942,0.98058,0.00000
46.80250,0.49500,0.01902,0.98098,0.00000
46.90250,0.49500,0.01954,0.98046,0.00000
47.00250,0.49500,0.01968,0.98032,0.00000
47.10250,0.49500,0.01842,0.98158,0.00000
47.20250,0.49500,0.02101,0.97899,0.00000
47.30250,0.49500,0.01959,0.98041,0.00000
47.40250,0.49500,0.02172,0.97828,0.00000
47.50250,0.49500,0.02505,0.97495,0.00000
47.60250,0.49500,0.02349,0.97651,0.00000
47.70250,0.49500,0.03546,0.96454,0.00000
47.80250,0.49500,0.02480,0.97520,0.00000
47.90250,0.49500,0.02573,0.97427,0.00000
48.00250,0.49500,0.02570,0.97430,0.00000
48.10250,0.49500,0.01548,0.98452,0.00000
48.20250,0.49500,0.01719,0.98281,0.00000
48.30250,0.49500,0.01873,0.98127,0.00000
48.40250,0.49500,0.01614,0.98386,0.00000
48.50250,0.49500,0.01667,0.98333,0.00000
48.60250,0.49500,0.01677,0.98323,0.00000
48.70250,0.49500,0.01685,0.98315,0.00000
48.80250,0.49500,0.01663,0.98337,0.00000
48.90250,0.49500,0.02200,0.97800,0.00000
49.00250,0.49500,0.01970,0.98030,0.00000
49.10250,0.49500,0.02468,0.97532,0.00000
49.20250,0.49500,0.02360,0.97640,0.00000
49.30250,0.49500,0.01749,0.98251,0.00000
49.40250,0.49500,0.02032,0.97968,0.00000
49.50250,0.49500,0.02313,0.97687,0.00000
49.60250,0.49500,0.03909,0.96091,0.00000
49.70250,0.49500,0.03762,0.96238,0.00000
49.80250,0.49500,0.04236,0.95764,0.00000
49.90250,0.49500,0.03611,0.96389,0.00000
50.00250,0.49500,0.02842,0.97158,0.00000
50.10250,0.49500,0.03973,0.96027,0.00000
50.20250,0.49500,0.03976,0.96024,0.00000
50.30250,0.49500,0.04488,0.95512,0.00000
50.40250,0.49500,0.04485,0.95515,0.00000
50.50250,0.49500,0.03769,0.96231,0.00000
50.60250,0.49500,0.03811,0.96189,0.00000
50.70250,0.49500,0.04283,0.95717,0.00000
50.80250,0.49500,0.04087,0.95913,0.00000
50.90250,0.49500,0.02962,0.97038,0.00000
51.00250,0.49500,0.02810,0.97190,0.00000
51.10250,0.49500,0.02273,0.97727,0.00000
51.20250,0.49500,0.02218,0.97782,0.00000
51.30250,0.49500,0.02542,0.97458,0.00000
51.40250,0.49500,0.03078,0.96922,0.00000
51.50250,0.49500,0.02341,0.97659,0.00000
51.60250,0.49500,0.02046,0.97954,0.00000
51.70250,0.49500,0.02149,0.97851,0.00000
51.80250,0.49500,0.01750,0.98250,0.00000
51.90250,0.49500,0.02063,0.97937,0.00000
52.00250,0.49500,0.02066,0.97934,0.00000
52.10250,0.49500,0.02481,0.97519,0.00000
52.20250,0.49500,0.02237,0.97763,0.00000
52.30250,0.49500,0.02325,0.97675,0.00000
52.40250,0.49500,0.02149,0.97851,0.00000
52.50250,0.49500,0.02028,0.97972,0.00000
52.60250,0.49500,0.02040,0.97960,0.00000
52.70250,0.49500,0.01842,0.98158,0.00000
52.80250,0.49500,0.02707,0.97293,0.00000
52.90250,0.49500,0.02361,0.97639,0.00000
53.00250,0.49500,0.03104,0.96896,0.00000
53.10250,0.49500,0.04558,0.95442,0.00000
53.20250,0.49500,0.03494,0.96506,0.00000
53.30250,0.49500,0.04081,0.95919,0.00000
53.40250,0.49500,0.03586,0.96414,0.00000
53.50250,0.49500,0.03192,0.96808,0.00000
53.60250,0.49500,0.02906,0.97094,0.00000
53.70250,0.49500,0.02678,0.97322,0.00000
53.80250,0.49500,0.02460,0.97540,0.00000
53.90250,0.49500,0.02465,0.97535,0.00000
54.00250,0.49500,0.02180,0.97820,0.00000
54.10250,0.49500,0.02198,0.97802,0.00000
54.20250,0.49500,0.02260,0.97740,0.00000
54.30250,0.49500,0.02222,0.97778,0.00000
54.40250,0.49500,0.02196,0.97804,0.00000
54.50250,0.49500,0.02190,0.97810,0.00000
54.60250,0.49500,0.02057,0.97943,0.00000
54.70250,0.49500,0.02244,0.97756,0.00000
54.80250,0.49500,0.02256,0.97744,0.00000
54.90250,0.49500,0.01895,0.98105,0.00000
55.00250,0.49500,0.02148,0.97852,0.00000
55.10250,0.49500,0.02023,0.97977,0.00000
55.20250,0.49500,0.01915,0.98085,0.00000
55.30250,0.49500,0.01795,0.98205,0.00000
55.40250,0.49500,0.01918,0.98082,0.00000
55.50250,0.49500,0.01831,0.98169,0.00000
55.60250,0.49500,0.02286,0.97714,0.00000
55.70250,0.49500,0.03872,0.96128,0.00000
55.80250,0.49500,0.03789,0.96211,0.00000
55.90250,0.49500,0.03433,0.96567,0.00000
56.00250,0.49500,0.03096,0.96904,0.00000
56.10250,0.49500,0.02298,0.97702,0.00000
56.20250,0.49500,0.02261,0.97739,0.00000
56.30250,0.49500,0.02291,0.97709,0.00000
56.40250,0.49500,0.02302,0.97698,0.00000
56.50250,0.49500,0.02328,0.97672,0.00000
56.60250,0.49500,0.02413,0.97587,0.00000
56.70250,0.49500,0.02947,0.97053,0.00000
56.80250,0.49500,0.02892,0.97108,0.00000
56.90250,0.49500,0.04223,0.95777,0.00000
57.00250,0.49500,0.04215,0.95785,0.00000
57.10250,0.49500,0.04999,0.95001,0.00000
57.20250,0.49500,0.03415,0.96585,0.00000
57.30250,0.49500,0.02671,0.97329,0.00000
57.40250,0.49500,0.01670,0.98330,0.00000
57.50250,0.49500,0.01903,0.98097,0.00000
57.60250,0.49500,0.02504,0.97496,0.00000
57.70250,0.49500,0.02154,0.97846,0.00000
57.80250,0.49500,0.02023,0.97977,0.00000
57.90250,0.49500,0.01982,0.98018,0.00000
58.00250,0.49500,0.02002,0.97998,0.00000
58.10250,0.49500,0.02085,0.97915,0.00000
58.20250,0.49500,0.02577,0.97423,0.00000
58.30250,0.49500,0.02345,0.97655,0.00000
58.40250,0.49500,0.03254,0.96746,0.00000
58.50250,0.49500,0.03328,0.96672,0.00000
58.60250,0.49500,0.03085,0.96915,0.00000
58.70250,0.49500,0.03489,0.96511,0.00000
58.80250,0.49500,0.03384,0.96616,0.00000
58.90250,0.49500,0.03478,0.96522,0.00000
59.00250,0.49500,0.04725,0.95275,0.00000
59.10250,0.49500,0.04004,0.95996,0.00000
59.20250,0.49500,0.06804,0.93196,0.00000
59.30250,0.49500,0.04698,0.95302,0.00000
59.40250,0.49500,0.06391,0.93609,0.00000
59.50250,0.49500,0.06128,0.93872,0.00000
59.60250,0.49500,0.04227,0.95773,0.00000
59.70250,0.49500,0.08615,0.91385,0.00000
59.80250,0.49500,0.15398,0.84602,0.00000
59.90250,0.49500,0.17669,0.82331,0.00000
60.00250,0.49500,0.38449,0.61551,0.00000
60.10250,0.49500,0.26389,0.73611,0.00000
60.20250,0.49500,0.53494,0.46506,0.00000
60.30250,0.49500,0.38476,0.61524,0.00000
60.40250,0.49500,0.64843,0.35157,0.00000
60.50250,0.49500,0.86605,0.13395,0.00000
60.60250,0.49500,0.67860,0.32140,0.00000
60.70250,0.49500,0.71411,0.28589,0.00000
60.80250,0.49500,0.35873,0.64125,0.00002
60.90250,0.49500,0.47514,0.52477,0.00009
61.00250,0.49500,0.72552,0.27435,0.00013
61.10250,0.49500,0.56987,0.43011,0.00002
61.20250,0.49500,0.77300,0.22693,0.00007
61.30250,0.49500,0.52659,0.47334,0.00007
61.40250,0.49500,0.40067,0.59917,0.00016
61.50250,0.49500,0.18915,0.81077,0.00008
61.60250,0.49500,0.03852,0.96100,0.00048
61.70250,0.49500,0.03746,0.96238,0.00016
61.80250,0.49500,0.01150,0.98839,0.00011
61.90250,0.49500,0.03280,0.96705,0.00015
62.00250,0.49500,0.02068,0.97919,0.00013
62.10250,0.49500,0.01259,0.98714,0.00027
62.20250,0.49500,0.02259,0.97730,0.00011
62.30250,0.49500,0.00619,0.99366,0.00016
62.40250,0.49500,0.00780,0.99204,0.00016
62.50250,0.49500,0.00901,0.99088,0.00011
62.60250,0.49500,0.00304,0.99679,0.00017
62.70250,0.49500,0.00240,0.99742,0.00018
62.80250,0.49500,0.00220,0.99767,0.00013
62.90250,0.49500,0.00247,0.99748,0.00005
63.00250,0.49500,0.00219,0.99779,0.00002
63.10250,0.49500,0.00224,0.99774,0.00002
63.20250,0.49500,0.00304,0.99693,0.00003
63.30250,0.49500,0.00237,0.99762,0.00001
63.40250,0.49500,0.00245,0.99754,0.00002
63.50250,0.49500,0.00241,0.99757,0.00002
63.60250,0.49500,0.00348,0.99651,0.00001
63.70250,0.49500,0.00363,0.99636,0.00002
63.80250,0.49500,0.00519,0.99480,0.00001
63.90250,0.49500,0.00454,0.99545,0.00001
64.00250,0.49500,0.00363,0.99635,0.00001
64.10250,0.49500,0.00296,0.99703,0.00002
64.20250,0.49500,0.00231,0.99768,0.00001
64.30250,0.49500,0.00252,0.99746,0.00002
64.40250,0.49500,0.00243,0.99754,0.00003
64.50250,0.49500,0.00263,0.99731,0.00005
64.60250,0.49500,0.00262,0.99727,0.00011
64.70250,0.49500,0.00270,0.99710,0.00020
64.80250,0.49500,0.00269,0.99716,0.00014
64.90250,0.49500,0.00268,0.99719,0.00013
65.00250,0.49500,0.00278,0.99687,0.00035
65.10250,0.49500,0.00265,0.99706,0.00029
65.20250,0.49500,0.00213,0.99767,0.00019
65.30250,0.49500,0.00284,0.99692,0.00025
65.40250,0.49500,0.00478,0.99510,0.00012
65.50250,0.49500,0.00395,0.99595,0.00010
65.60250,0.49500,0.00444,0.99552,0.00004
65.70250,0.49500,0.00344,0.99652,0.00005
65.80250,0.49500,0.00247,0.99750,0.00003
65.90250,0.49500,0.00246,0.99750,0.00004
66.00250,0.49500,0.00212,0.99785,0.00003
66.10250,0.49500,0.00222,0.99775,0.00002
66.20250,0.49500,0.00204,0.99794,0.00002
66.30250,0.49500,0.00252,0.99747,0.00001
66.40250,0.49500,0.00326,0.99672,0.00003
66.50250,0.49500,0.00414,0.99584,0.00002
66.60250,0.49500,0.00391,0.99605,0.00004
66.70250,0.49500,0.00304,0.99693,0.00003
66.80250,0.49500,0.00366,0.99625,0.00008
66.90250,0.49500,0.00277,0.99720,0.00003
67.00250,0.49500,0.00220,0.99779,0.00001
67.10250,0.49500,0.00166,0.99833,0.00001
67.20250,0.49500,0.00210,0.99789,0.00001
67.30250,0.49500,0.00203,0.99796,0.00001
67.40250,0.49500,0.00200,0.99798,0.00002
67.50250,0.49500,0.00251,0.99745,0.00004
67.60250,0.49500,0.00207,0.99784,0.00009
67.70250,0.49500,0.00219,0.99775,0.00006
67.80250,0.49500,0.00224,0.99768,0.00008
67.90250,0.49500,0.00167,0.99827,0.00006
68.00250,0.49500,0.00197,0.99799,0.00004
68.10250,0.49500,0.00181,0.99815,0.00004
68.20250,0.49500,0.00233,0.99765,0.00002
68.30250,0.49500,0.00216,0.99783,0.00001
68.40250,0.49500,0.00213,0.99786,0.00001
68.50250,0.49500,0.00187,0.99812,0.00001
68.60250,0.49500,0.00187,0.99812,0.00001
68.70250,0.49500,0.00168,0.99831,0.00001
68.80250,0.49500,0.00257,0.99742,0.00001
68.90250,0.49500,0.00205,0.99794,0.00001
69.00250,0.49500,0.00226,0.99773,0.00001
69.10250,0.49500,0.00190,0.99809,0.00001
69.20250,0.49500,0.00188,0.99810,0.00002
69.30250,0.49500,0.00248,0.99747,0.00004
69.40250,0.49500,0.00227,0.99770,0.00003
69.50250,0.49500,0.00243,0.99753,0.00004
69.60250,0.49500,0.00259,0.99737,0.00004
69.70250,0.49500,0.00277,0.99721,0.00002
69.80250,0.49500,0.00252,0.99747,0.00001
69.90250,0.49500,0.00343,0.99656,0.00001
70.00250,0.49500,0.00236,0.99764,0.00000
70.10250,0.49500,0.00229,0.99770,0.00000
70.20250,0.49500,0.00200,0.99799,0.00001
70.30250,0.49500,0.00197,0.99801,0.00002
70.40250,0.49500,0.00198,0.99798,0.00004
70.50250,0.49500,0.00177,0.99820,0.00003
70.60250,0.49500,0.00234,0.99761,0.00005
70.70250,0.49500,0.00234,0.99762,0.00004
70.80250,0.49500,0.00280,0.99715,0.00005
70.90250,0.49500,0.00195,0.99800,0.00005
71.00250,0.49500,0.00207,0.99787,0.00006
71.10250,0.49500,0.00211,0.99785,0.00004
71.20250,0.49500,0.00212,0.99784,0.00004
71.30250,0.49500,0.00243,0.99755,0.00002
71.40250,0.49500,0.00272,0.99726,0.00003
71.50250,0.49500,0.00259,0.99740,0.00002
71.60250,0.49500,0.00233,0.99766,0.00001
71.70250,0.49500,0.00190,0.99809,0.00001
71.80250,0.49500,0.00177,0.99822,0.00001
71.90250,0.49500,0.00218,0.99781,0.00001
72.00250,0.49500,0.00171,0.99828,0.00001
72.10250,0.49500,0.00176,0.99823,0.00001
72.20250,0.49500,0.00144,0.99855,0.00002
72.30250,0.49500,0.00172,0.99826,0.00002
72.40250,0.49500,0.00225,0.99771,0.00004
72.50250,0.49500,0.00243,0.99752,0.00004
72.60250,0.49500,0.00273,0.99723,0.00005
72.70250,0.49500,0.00280,0.99715,0.00004
72.80250,0.49500,0.00253,0.99746,0.00001
72.90250,0.49500,0.00262,0.99736,0.00001
73.00250,0.49500,0.00210,0.99789,0.00001
73.10250,0.49500,0.00191,0.99808,0.00001
73.20250,0.49500,0.00191,0.99806,0.00003
73.30250,0.49500,0.00165,0.99831,0.00004
73.40250,0.49500,0.00163,0.99833,0.00003
73.50250,0.49500,0.00220,0.99771,0.00009
73.60250,0.49500,0.00207,0.99788,0.00005
73.70250,0.49500,0.00252,0.99745,0.00004
73.80250,0.49500,0.00257,0.99738,0.00004
73.90250,0.49500,0.00293,0.99700,0.00007
74.00250,0.49500,0.00238,0.99752,0.00010
74.10250,0.49500,0.00287,0.99703,0.00010
74.20250,0.49500,0.00259,0.99736,0.00005
74.30250,0.49500,0.00274,0.99721,0.00005
74.40250,0.49500,0.00274,0.99722,0.00004
74.50250,0.49500,0.00285,0.99713,0.00002
74.60250,0.49500,0.00265,0.99733,0.00002
74.70250,0.49500,0.00383,0.99615,0.00002
74.80250,0.49500,0.00283,0.99714,0.00003
74.90250,0.49500,0.00279,0.99715,0.00006
75.00250,0.49500,0.00237,0.99753,0.00010
75.10250,0.49500,0.00232,0.99750,0.00018
75.20250,0.49500,0.00215,0.99771,0.00014
75.30250,0.49500,0.00174,0.99819,0.00007
75.40250,0.49500,0.00228,0.99766,0.00005
75.50250,0.49500,0.00200,0.99798,0.00002
75.60250,0.49500,0.00270,0.99729,0.00001
75.70250,0.49500,0.00292,0.99707,0.00001
75.80250,0.49500,0.00296,0.99702,0.00002
75.90250,0.49500,0.00253,0.99746,0.00002
76.00250,0.49500,0.00184,0.99814,0.00001
76.10250,0.49500,0.00234,0.99765,0.00002
76.20250,0.49500,0.00217,0.99783,0.00001
76.30250,0.49500,0.00226,0.99773,0.00001
76.40250,0.49500,0.00260,0.99738,0.00002
76.50250,0.49500,0.00384,0.99613,0.00003
76.60250,0.49500,0.00289,0.99704,0.00007
76.70250,0.49500,0.00314,0.99675,0.00012
76.80250,0.49500,0.00205,0.99784,0.00011
76.90250,0.49500,0.00202,0.99790,0.00008
77.00250,0.49500,0.00308,0.99688,0.00004
77.10250,0.49500,0.00235,0.99762,0.00003
77.20250,0.49500,0.00230,0.99767,0.00003
77.30250,0.49500,0.00253,0.99744,0.00002
77.40250,0.49500,0.00268,0.99728,0.00004
77.50250,0.49500,0.00419,0.99576,0.00006
77.60250,0.49500,0.00505,0.99491,0.00005
77.70250,0.49500,0.00303,0.99692,0.00005
77.80250,0.49500,0.00370,0.99622,0.00007
77.90250,0.49500,0.00351,0.99643,0.00007
78.00250,0.49500,0.00310,0.99677,0.00013
78.10250,0.49500,0.00306,0.99684,0.00009
78.20250,0.49500,0.00286,0.99708,0.00007
78.30250,0.49500,0.00415,0.99575,0.00010
78.40250,0.49500,0.00403,0.99592,0.00005
78.50250,0.49500,0.00357,0.99640,0.00003
78.60250,0.49500,0.00283,0.99710,0.00006
78.70250,0.49500,0.00312,0.99685,0.00004
78.80250,0.49500,0.00283,0.99715,0.00002
78.90250,0.49500,0.00493,0.99505,0.00002
79.00250,0.49500,0.00522,0.99476,0.00002
79.10250,0.49500,0.00864,0.99135,0.00001
79.20250,0.49500,0.01288,0.98709,0.00003
79.30250,0.49500,0.01077,0.98916,0.00007
79.40250,0.49500,0.00732,0.99253,0.00015
79.50250,0.49500,0.00389,0.99593,0.00018
79.60250,0.49500,0.02124,0.97844,0.00032
79.70250,0.49500,0.02828,0.97044,0.00128
79.80250,0.49500,0.05072,0.94884,0.00044
79.90250,0.49500,0.06177,0.93730,0.00093
80.00250,0.49500,0.56406,0.43586,0.00009
80.10250,0.49500,0.83651,0.16335,0.00014
80.20250,0.49500,0.84420,0.15580,0.00000
80.30250,0.49500,0.92402,0.07598,0.00000
80.40250,0.49500,0.98224,0.01776,0.00000
80.50250,0.49500,0.98876,0.01124,0.00000
80.60250,0.49500,0.99222,0.00778,0.00000
80.70250,0.49500,0.99662,0.00338,0.00000
80.80250,0.49500,0.96908,0.03092,0.00000
80.90250,0.49500,0.70983,0.29017,0.00000
81.00250,0.49500,0.40324,0.59674,0.00002
81.10250,0.49500,0.40476,0.59522,0.00002
81.20250,0.49500,0.37756,0.62241,0.00002
81.30250,0.49500,0.30892,0.69107,0.00001
81.40250,0.49500,0.16374,0.83626,0.00000
81.50250,0.49500,0.07811,0.92189,0.00000
81.60250,0.49500,0.03501,0.96498,0.00001
81.70250,0.49500,0.02892,0.97107,0.00001
81.80250,0.49500,0.01591,0.98408,0.00001
81.90250,0.49500,0.01590,0.98408,0.00001
82.00250,0.49500,0.01362,0.98637,0.00000
82.10250,0.49500,0.01907,0.98092,0.00001
82.20250,0.49500,0.01625,0.98375,0.00000
82.30250,0.49500,0.01982,0.98017,0.00000
82.40250,0.49500,0.02186,0.97814,0.00000
82.50250,0.49500,0.02950,0.97050,0.00000
82.60250,0.49500,0.03077,0.96922,0.00000
82.70250,0.49500,0.04040,0.95960,0.00001
82.80250,0.49500,0.03178,0.96822,0.00001
82.90250,0.49500,0.02479,0.97521,0.00001
83.00250,0.49500,0.01717,0.98282,0.00001
83.10250,0.49500,0.01352,0.98648,0.00001
83.20250,0.49500,0.01228,0.98772,0.00001
83.30250,0.49500,0.01485,0.98514,0.00001
83.40250,0.49500,0.01569,0.98430,0.00001
83.50250,0.49500,0.01998,0.98002,0.00000
83.60250,0.49500,0.02209,0.97790,0.00000
83.70250,0.49500,0.01787,0.98212,0.00001
83.80250,0.49500,0.01863,0.98137,0.00001
83.90250,0.49500,0.01175,0.98824,0.00001
84.00250,0.49500,0.01184,0.98815,0.00001
84.10250,0.49500,0.01145,0.98855,0.00001
84.20250,0.49500,0.01239,0.98760,0.00001
84.30250,0.49500,0.01105,0.98895,0.00000
84.40250,0.49500,0.01180,0.98820,0.00000
84.50250,0.49500,0.01089,0.98911,0.00000
84.60250,0.49500,0.01349,0.98650,0.00000
84.70250,0.49500,0.01345,0.98654,0.00000
84.80250,0.49500,0.01343,0.98657,0.00000
84.90250,0.49500,0.01147,0.98853,0.00000
85.00250,0.49500,0.01247,0.98753,0.00001
85.10250,0.49500,0.01089,0.98911,0.00001
85.20250,0.49500,0.01143,0.98856,0.00001
85.30250,0.49500,0.01151,0.98848,0.00001
85.40250,0.49500,0.01133,0.98866,0.00001
85.50250,0.49500,0.01180,0.98818,0.00001
85.60250,0.49500,0.01042,0.98957,0.00001
85.70250,0.49500,0.01196,0.98803,0.00001
85.80250,0.49500,0.01089,0.98910,0.00001
85.90250,0.49500,0.01173,0.98826,0.00001
86.00250,0.49500,0.01223,0.98776,0.00001
86.10250,0.49500,0.01159,0.98840,0.00001
86.20250,0.49500,0.01020,0.98980,0.00001
86.30250,0.49500,0.01158,0.98841,0.00001
86.40250,0.49500,0.01229,0.98770,0.00001
86.50250,0.49500,0.01274,0.98725,0.00001
86.60250,0.49500,0.01221,0.98778,0.00001
86.70250,0.49500,0.01160,0.98838,0.00002
86.80250,0.49500,0.01186,0.98812,0.00002
86.90250,0.49500,0.01056,0.98943,0.00002
87.00250,0.49500,0.01126,0.98871,0.00002
87.10250,0.49500,0.01110,0.98888,0.00002
87.20250,0.49500,0.01090,0.98908,0.00002
87.30250,0.49500,0.01186,0.98812,0.00002
87.40250,0.49500,0.01195,0.98804,0.00001
87.50250,0.49500,0.01164,0.98836,0.00001
87.60250,0.49500,0.01389,0.98611,0.00000
87.70250,0.49500,0.01173,0.98827,0.00000
87.80250,0.49500,0.01209,0.98790,0.00000
87.90250,0.49500,0.01262,0.98737,0.00000
88.00250,0.49500,0.01128,0.98871,0.00001
88.10250,0.49500,0.01233,0.98766,0.00001
88.20250,0.49500,0.01108,0.98891,0.00001
88.30250,0.49500,0.01062,0.98937,0.00001
88.40250,0.49500,0.01102,0.98897,0.00001
88.50250,0.49500,0.01132,0.98867,0.00001
88.60250,0.49500,0.01220,0.98780,0.00001
88.70250,0.49500,0.01176,0.98823,0.00001
88.80250,0.49500,0.01222,0.98778,0.00000
88.90250,0.49500,0.01388,0.98612,0.00000
89.00250,0.49500,0.01296,0.98703,0.00000
89.10250,0.49500,0.01416,0.98584,0.00000
89.20250,0.49500,0.01299,0.98700,0.00000
89.30250,0.49500,0.01487,0.98512,0.00001
89.40250,0.49500,0.01456,0.98543,0.00001
89.50250,0.49500,0.01282,0.98717,0.00001
89.60250,0.49500,0.01346,0.98652,0.00001
89.70250,0.49500,0.01085,0.98913,0.00002
89.80250,0.49500,0.01006,0.98992,0.00002
89.90250,0.49500,0.00939,0.99059,0.00002
90.00250,0.49500,0.00988,0.99010,0.00002
90.10250,0.49500,0.01157,0.98841,0.00002
90.20250,0.49500,0.01218,0.98781,0.00001
90.30250,0.49500,0.01305,0.98694,0.00002
90.40250,0.49500,0.01154,0.98844,0.00001
90.50250,0.49500,0.01425,0.98574,0.00002
90.60250,0.49500,0.01387,0.98611,0.00002
90.70250,0.49500,0.01378,0.98620,0.00001
90.80250,0.49500,0.01948,0.98050,0.00002
90.90250,0.49500,0.01705,0.98293,0.00002
91.00250,0.49500,0.01809,0.98189,0.00001
91.10250,0.49500,0.01664,0.98335,0.00002
91.20250,0.49500,0.01388,0.98611,0.00001
91.30250,0.49500,0.01616,0.98383,0.00001
91.40250,0.49500,0.01323,0.98676,0.00001
91.50250,0.49500,0.01488,0.98511,0.00001
91.60250,0.49500,0.01097,0.98903,0.00001
91.70250,0.49500,0.01114,0.98884,0.00002
91.80250,0.49500,0.01090,0.98908,0.00002
91.90250,0.49500,0.01045,0.98954,0.00001
92.00250,0.49500,0.01006,0.98992,0.00002
92.10250,0.49500,0.01151,0.98848,0.00002
92.20250,0.49500,0.01233,0.98765,0.00002
92.30250,0.49500,0.01154,0.98844,0.00002
92.40250,0.49500,0.01120,0.98878,0.00002
92.50250,0.49500,0.01437,0.98561,0.00002
92.60250,0.49500,0.01197,0.98801,0.00002
92.70250,0.49500,0.01345,0.98653,0.00002
92.80250,0.49500,0.01199,0.98800,0.00001
92.90250,0.49500,0.01201,0.98797,0.00002
93.00250,0.49500,0.01239,0.98760,0.00001
93.10250,0.49500,0.01258,0.98741,0.00001
93.20250,0.49500,0.01303,0.98696,0.00001
93.30250,0.49500,0.01295,0.98704,0.00001
93.40250,0.49500,0.01212,0.98787,0.00001
93.50250,0.49500,0.01284,0.98714,0.00002
93.60250,0.49500,0.01058,0.98940,0.00002
93.70250,0.49500,0.00923,0.99075,0.00002
93.80250,0.49500,0.00854,0.99144,0.00002
93.90250,0.49500,0.00959,0.99040,0.00002
94.00250,0.49500,0.01125,0.98873,0.00002
94.10250,0.49500,0.01137,0.98862,0.00002
94.20250,0.49500,0.01046,0.98953,0.00001
94.30250,0.49500,0.01026,0.98974,0.00001
94.40250,0.49500,0.01062,0.98937,0.00001
94.50250,0.49500,0.01276,0.98723,0.00001
94.60250,0.49500,0.01323,0.98677,0.00000
94.70250,0.49500,0.01596,0.98404,0.00000
94.80250,0.49500,0.01776,0.98223,0.00000
94.90250,0.49500,0.01963,0.98036,0.00000
95.00250,0.49500,0.01694,0.98305,0.00000
95.10250,0.49500,0.01370,0.98630,0.00000
95.20250,0.49500,0.01141,0.98859,0.00000
95.30250,0.49500,0.01186,0.98813,0.00000
95.40250,0.49500,0.01228,0.98772,0.00000
95.50250,0.49500,0.01199,0.98801,0.00000
95.60250,0.49500,0.01355,0.98645,0.00000
95.70250,0.49500,0.01348,0.98652,0.00000
95.80250,0.49500,0.01512,0.98488,0.00000
95.90250,0.49500,0.02006,0.97994,0.00000
96.00250,0.49500,0.02495,0.97505,0.00000
96.10250,0.49500,0.02352,0.97647,0.00001
96.20250,0.49500,0.02424,0.97576,0.00001
96.30250,0.49500,0.02213,0.97786,0.00001
96.40250,0.49500,0.01347,0.98652,0.00001
96.50250,0.49500,0.01462,0.98538,0.00000
96.60250,0.49500,0.01553,0.98446,0.00001
96.70250,0.49500,0.01129,0.98870,0.00001
96.80250,0.49500,0.01060,0.98939,0.00001
96.90250,0.49500,0.01005,0.98994,0.00001
97.00250,0.49500,0.01139,0.98860,0.00001
97.10250,0.49500,0.01061,0.98939,0.00001
97.20250,0.49500,0.01241,0.98759,0.00001
97.30250,0.49500,0.01460,0.98539,0.00000
97.40250,0.49500,0.01307,0.98692,0.00000
97.50250,0.49500,0.01503,0.98497,0.00000
97.60250,0.49500,0.01367,0.98633,0.00000
97.70250,0.49500,0.01273,0.98727,0.00000
97.80250,0.49500,0.01379,0.98621,0.00000
97.90250,0.49500,0.01588,0.98412,0.00000
98.00250,0.49500,0.01385,0.98615,0.00000
98.10250,0.49500,0.01527,0.98473,0.00000
98.20250,0.49500,0.01427,0.98573,0.00000
98.30250,0.49500,0.01454,0.98545,0.00000
98.40250,0.49500,0.01222,0.98778,0.00001
98.50250,0.49500,0.01072,0.98928,0.00001
98.60250,0.49500,0.01027,0.98972,0.00000
98.70250,0.49500,0.00895,0.99104,0.00001
98.80250,0.49500,0.01032,0.98967,0.00001
98.90250,0.49500,0.01030,0.98970,0.00000
99.00250,0.49500,0.01166,0.98834,0.00000
99.10250,0.49500,0.02244,0.97756,0.00000
99.20250,0.49500,0.02088,0.97911,0.00000
99.30250,0.49500,0.02487,0.97513,0.00000
99.40250,0.49500,0.01907,0.98093,0.00000
99.50250,0.49500,0.01581,0.98419,0.00000
99.60250,0.49500,0.01790,0.98210,0.00000
99.70250,0.49500,0.01699,0.98301,0.00000
99.80250,0.49500,0.01309,0.98690,0.00000
99.90250,0.49500,0.01350,0.98649,0.00001
100.00250,0.49500,0.01208,0.98790,0.00002
100.10250,0.49500,0.01310,0.98689,0.00001
100.20250,0.49500,0.01292,0.98707,0.00001
100.30250,0.49500,0.01206,0.98793,0.00001
100.40250,0.49500,0.01447,0.98551,0.00001
100.50250,0.49500,0.01206,0.98794,0.00001
100.60250,0.49500,0.01308,0.98691,0.00001
100.70250,0.49500,0.01122,0.98877,0.00000
100.80250,0.49500,0.01317,0.98683,0.00001
100.90250,0.49500,0.01170,0.98830,0.00000
101.00250,0.49500,0.01111,0.98889,0.00000
101.10250,0.49500,0.01047,0.98953,0.00000
101.20250,0.49500,0.01300,0.98699,0.00000
101.30250,0.49500,0.01129,0.98870,0.00000
101.40250,0.49500,0.01284,0.98716,0.00000
101.50250,0.49500,0.01349,0.98651,0.00000
101.60250,0.49500,0.01272,0.98728,0.00000
101.70250,0.49500,0.01532,0.98467,0.00000
101.80250,0.49500,0.01728,0.98272,0.00000
101.90250,0.49500,0.01502,0.98498,0.00000
102.00250,0.49500,0.01335,0.98665,0.00000
102.10250,0.49500,0.01488,0.98512,0.00000
102.20250,0.49500,0.01598,0.98402,0.00000
102.30250,0.49500,0.02437,0.97563,0.00000
102.40250,0.49500,0.02752,0.97248,0.00000
102.50250,0.49500,0.02575,0.97425,0.00000
102.60250,0.49500,0.02023,0.97977,0.00000
102.70250,0.49500,0.01430,0.98569,0.00001
102.80250,0.49500,0.01249,0.98750,0.00001
102.90250,0.49500,0.02421,0.97578,0.00001
103.00250,0.49500,0.03233,0.96766,0.00001
103.10250,0.49500,0.05018,0.94981,0.00001
103.20250,0.49500,0.06320,0.93679,0.00001
103.30250,0.49500,0.42232,0.57767,0.00001
103.40250,0.49500,0.69031,0.30969,0.00000
103.50250,0.49500,0.81438,0.18562,0.00000
103.60250,0.49500,0.81074,0.18926,0.00000
103.70250,0.49500,0.72096,0.27904,0.00000
103.80250,0.49500,0.67210,0.32790,0.00000
103.90250,0.49500,0.85752,0.14248,0.00000
104.00250,0.49500,0.92383,0.07617,0.00000
104.10250,0.49500,0.88746,0.11254,0.00000
104.20250,0.49500,0.66079,0.33921,0.00000
104.30250,0.49500,0.27523,0.72477,0.00000
104.40250,0.49500,0.22496,0.77504,0.00000
104.50250,0.49500,0.29317,0.70683,0.00000
104.60250,0.49500,0.32970,0.67030,0.00000
104.70250,0.49500,0.25869,0.74131,0.00000
104.80250,0.49500,0.20270,0.79730,0.00000
104.90250,0.49500,0.12595,0.87405,0.00000
105.00250,0.49500,0.09739,0.90261,0.00000
105.10250,0.49500,0.04884,0.95116,0.00000
105.20250,0.49500,0.06041,0.93959,0.00000
105.30250,0.49500,0.05007,0.94993,0.00000
105.40250,0.49500,0.04521,0.95479,0.00000
105.50250,0.49500,0.05173,0.94827,0.00000
105.60250,0.49500,0.02961,0.97039,0.00000
105.70250,0.49500,0.03533,0.96467,0.00000
105.80250,0.49500,0.02683,0.97317,0.00000
105.90250,0.49500,0.02503,0.97497,0.00000
106.00250,0.49500,0.03357,0.96643,0.00000
106.10250,0.49500,0.03307,0.96693,0.00000
106.20250,0.49500,0.03978,0.96022,0.00000
106.30250,0.49500,0.02587,0.97413,0.00000
106.40250,0.49500,0.02446,0.97554,0.00000
106.50250,0.49500,0.02025,0.97975,0.00000
106.60250,0.49500,0.01753,0.98247,0.00000
106.70250,0.49500,0.01916,0.98084,0.00000
106.80250,0.49500,0.02007,0.97993,0.00000
106.90250,0.49500,0.02235,0.97765,0.00000
107.00250,0.49500,0.02104,0.97896,0.00000
107.10250,0.49500,0.02068,0.97932,0.00000
107.20250,0.49500,0.02660,0.97340,0.00000
107.30250,0.49500,0.01658,0.98342,0.00000
107.40250,0.49500,0.01786,0.98214,0.00000
107.50250,0.49500,0.01604,0.98396,0.00000
107.60250,0.49500,0.01558,0.98442,0.00000
107.70250,0.49500,0.02168,0.97832,0.00000
107.80250,0.49500,0.02024,0.97976,0.00000
107.90250,0.49500,0.02016,0.97984,0.00000
108.00250,0.49500,0.02684,0.97316,0.00000
108.10250,0.49500,0.02237,0.97763,0.00000
108.20250,0.49500,0.02171,0.97829,0.00000
108.30250,0.49500,0.02567,0.97433,0.00000
108.40250,0.49500,0.02109,0.97891,0.00000
108.50250,0.49500,0.01376,0.98624,0.00000
108.60250,0.49500,0.01395,0.98605,0.00000
108.70250,0.49500,0.01295,0.98705,0.00000
108.80250,0.49500,0.01427,0.98573,0.00000
108.90250,0.49500,0.01481,0.98519,0.00000
109.00250,0.49500,0.01560,0.98440,0.00000
109.10250,0.49500,0.01498,0.98502,0.00000
109.20250,0.49500,0.01836,0.98163,0.00000
109.30250,0.49500,0.01715,0.98285,0.00000
109.40250,0.49500,0.01728,0.98272,0.00000
109.50250,0.49500,0.01723,0.98277,0.00000
109.60250,0.49500,0.01684,0.98316,0.00000
109.70250,0.49500,0.01741,0.98259,0.00000
109.80250,0.49500,0.01992,0.98008,0.00000
109.90250,0.49500,0.02033,0.97967,0.00000
110.00250,0.49500,0.02327,0.97673,0.00000
110.10250,0.49500,0.02299,0.97701,0.00000
110.20250,0.49500,0.02848,0.97152,0.00000
110.30250,0.49500,0.02670,0.97330,0.00000
110.40250,0.49500,0.02620,0.97380,0.00000
110.50250,0.49500,0.01844,0.98156,0.00000
110.60250,0.49500,0.01979,0.98021,0.00000
110.70250,0.49500,0.01802,0.98198,0.00000
110.80250,0.49500,0.01768,0.98232,0.00000
110.90250,0.49500,0.02090,0.97910,0.00000
111.00250,0.49500,0.01839,0.98161,0.00000
111.10250,0.49500,0.01788,0.98212,0.00000
111.20250,0.49500,0.02405,0.97595,0.00000
111.30250,0.49500,0.02200,0.97799,0.00000
111.40250,0.49500,0.02507,0.97493,0.00000
111.50250,0.49500,0.02116,0.97884,0.00000
111.60250,0.49500,0.02365,0.97635,0.00000
111.70250,0.49500,0.02775,0.97225,0.00000
111.80250,0.49500,0.02419,0.97581,0.00000
111.90250,0.49500,0.02784,0.97216,0.00000
112.00250,0.49500,0.01641,0.98359,0.00000
112.10250,0.49500,0.01361,0.98639,0.00000
112.20250,0.49500,0.01636,0.98363,0.00000
112.30250,0.49500,0.01621,0.98378,0.00000
112.40250,0.49500,0.01483,0.98517,0.00000
112.50250,0.49500,0.01356,0.98644,0.00000
112.60250,0.49500,0.01777,0.98223,0.00000
112.70250,0.49500,0.01491,0.98509,0.00000
112.80250,0.49500,0.01892,0.98108,0.00000
112.90250,0.49500,0.02082,0.97918,0.00000
113.00250,0.49500,0.01924,0.98076,0.00000
113.10250,0.49500,0.01770,0.98230,0.00000
113.20250,0.49500,0.01468,0.98532,0.00000
113.30250,0.49500,0.01615,0.98385,0.00000
113.40250,0.49500,0.01276,0.98724,0.00000
113.50250,0.49500,0.01235,0.98765,0.00000
113.60250,0.49500,0.01745,0.98255,0.00000
113.70250,0.49500,0.01952,0.98048,0.00000
113.80250,0.49500,0.02108,0.97892,0.00000
113.90250,0.49500,0.01840,0.98160,0.00000
114.00250,0.49500,0.01630,0.98370,0.00000
114.10250,0.49500,0.01693,0.98307,0.00000
114.20250,0.49500,0.01704,0.98295,0.00000
114.30250,0.49500,0.02238,0.97762,0.00000
114.40250,0.49500,0.02453,0.97546,0.00000
114.50250,0.49500,0.02079,0.97921,0.00000
114.60250,0.49500,0.01925,0.98075,0.00000
114.70250,0.49500,0.01763,0.98237,0.00000
114.80250,0.49500,0.01553,0.98447,0.00000
114.90250,0.49500,0.01535,0.98465,0.00000
115.00250,0.49500,0.01543,0.98457,0.00000
115.10250,0.49500,0.01412,0.98588,0.00000
115.20250,0.49500,0.01591,0.98409,0.00000
115.30250,0.49500,0.01592,0.98407,0.00000
115.40250,0.49500,0.01803,0.98196,0.00000
115.50250,0.49500,0.01887,0.98113,0.00000
115.60250,0.49500,0.01640,0.98360,0.00000
115.70250,0.49500,0.01970,0.98030,0.00000
115.80250,0.49500,0.01738,0.98262,0.00000
115.90250,0.49500,0.01536,0.98464,0.00000
116.00250,0.49500,0.01764,0.98235,0.00000
116.10250,0.49500,0.01855,0.98144,0.00000
116.20250,0.49500,0.01722,0.98277,0.00000
116.30250,0.49500,0.01636,0.98364,0.00000
116.40250,0.49500,0.01737,0.98262,0.00000
116.50250,0.49500,0.01413,0.98587,0.00000
116.60250,0.49500,0.01762,0.98238,0.00000
116.70250,0.49500,0.01845,0.98155,0.00000
116.80250,0.49500,0.02070,0.97930,0.00000
116.90250,0.49500,0.01997,0.98003,0.00000
117.00250,0.49500,0.01917,0.98083,0.00000
117.10250,0.49500,0.01674,0.98326,0.00000
117.20250,0.49500,0.01981,0.98019,0.00000
117.30250,0.49500,0.01889,0.98111,0.00000
117.40250,0.49500,0.02535,0.97465,0.00000
117.50250,0.49500,0.02503,0.97497,0.00000
117.60250,0.49500,0.02733,0.97267,0.00000
117.70250,0.49500,0.04835,0.95165,0.00000
117.80250,0.49500,0.03927,0.96073,0.00000
117.90250,0.49500,0.03402,0.96598,0.00000
118.00250,0.49500,0.03182,0.96818,0.00000
118.10250,0.49500,0.02189,0.97810,0.00000
118.20250,0.49500,0.01633,0.98367,0.00000
118.30250,0.49500,0.02133,0.97866,0.00000
118.40250,0.49500,0.01724,0.98276,0.00000
118.50250,0.49500,0.01729,0.98271,0.00000
118.60250,0.49500,0.02040,0.97960,0.00000
118.70250,0.49500,0.01738,0.98262,0.00000
118.80250,0.49500,0.01615,0.98385,0.00000
118.90250,0.49500,0.01808,0.98192,0.00000
119.00250,0.49500,0.01654,0.98346,0.00000
119.10250,0.49500,0.01801,0.98199,0.00000
119.20250,0.49500,0.02338,0.97662,0.00000
119.30250,0.49500,0.02294,0.97706,0.00000
119.40250,0.49500,0.02076,0.97924,0.00000
119.50250,0.49500,0.01896,0.98104,0.00000
119.60250,0.49500,0.01799,0.98201,0.00000
119.70250,0.49500,0.01713,0.98287,0.00000
119.80250,0.49500,0.01468,0.98532,0.00000
119.90250,0.49500,0.01761,0.98239,0.00000
120.00250,0.49500,0.01367,0.98633,0.00000
120.10250,0.49500,0.01248,0.98752,0.00000
120.20250,0.49500,0.01473,0.98527,0.00000
120.30250,0.49500,0.01317,0.98683,0.00000
120.40250,0.49500,0.01483,0.98517,0.00000
120.50250,0.49500,0.02231,0.97769,0.00000
120.60250,0.49500,0.01979,0.98021,0.00000
120.70250,0.49500,0.02332,0.97667,0.00000
120.80250,0.49500,0.02041,0.97959,0.00000
120.90250,0.49500,0.01498,0.98502,0.00000
121.00250,0.49500,0.01523,0.98477,0.00000
121.10250,0.49500,0.01599,0.98401,0.00000
121.20250,0.49500,0.01512,0.98488,0.00000
121.30250,0.49500,0.01650,0.98350,0.00000
121.40250,0.49500,0.01817,0.98183,0.00000
