Time (seconds), Duration (seconds),pred_(unlabeled),pred_empty_box,pred_table
0.00250,0.49500,0.01446,0.98554,0.00000
0.10250,0.49500,0.02946,0.97054,0.00000
0.20250,0.49500,0.01266,0.98734,0.00000
0.30250,0.49500,0.01172,0.98828,0.00000
0.40250,0.49500,0.01008,0.98992,0.00000
0.50250,0.49500,0.01451,0.98549,0.00000
0.60250,0.49500,0.00585,0.99415,0.00000
0.70250,0.49500,0.00665,0.99335,0.00000
0.80250,0.49500,0.00487,0.99513,0.00000
0.90250,0.49500,0.00467,0.99533,0.00000
1.00250,0.49500,0.00449,0.99551,0.00000
1.10250,0.49500,0.00387,0.99613,0.00000
1.20250,0.49500,0.00267,0.99733,0.00000
1.30250,0.49500,0.00453,0.99547,0.00000
1.40250,0.49500,0.00494,0.99506,0.00000
1.50250,0.49500,0.01066,0.98934,0.00000
1.60250,0.49500,0.01383,0.98617,0.00000
1.70250,0.49500,0.01187,0.98813,0.00000
1.80250,0.49500,0.00557,0.99443,0.00000
1.90250,0.49500,0.00470,0.99530,0.00000
2.00250,0.49500,0.00569,0.99431,0.00000
2.10250,0.49500,0.00638,0.99362,0.00000
2.20250,0.49500,0.01197,0.98803,0.00000
2.30250,0.49500,0.00571,0.99429,0.00000
2.40250,0.49500,0.02024,0.97976,0.00000
2.50250,0.49500,0.00656,0.99344,0.00000
2.60250,0.49500,0.02054,0.97946,0.00000
2.70250,0.49500,0.00853,0.99147,0.00000
2.80250,0.49500,0.00911,0.99089,0.00000
2.90250,0.49500,0.01024,0.98976,0.00000
3.00250,0.49500,0.04236,0.95764,0.00000
3.10250,0.49500,0.03289,0.96711,0.00000
3.20250,0.49500,0.03214,0.96786,0.00000
3.30250,0.49500,0.01073,0.98927,0.00000
3.40250,0.49500,0.01701,0.98299,0.00000
3.50250,0.49500,0.00877,0.99123,0.00000
3.60250,0.49500,0.01226,0.98774,0.00000
3.70250,0.49500,0.00907,0.99093,0.00000
3.80250,0.49500,0.00770,0.99230,0.00000
3.90250,0.49500,0.02626,0.97374,0.00000
4.00250,0.49500,0.01028,0.98972,0.00000
4.10250,0.49500,0.01041,0.98959,0.00000
4.20250,0.49500,0.00933,0.99067,0.00000
4.30250,0.49500,0.00535,0.99465,0.00000
4.40250,0.49500,0.00826,0.99174,0.00000
4.50250,0.49500,0.01852,0.98148,0.00000
4.60250,0.49500,0.01672,0.98328,0.00000
4.70250,0.49500,0.00429,0.99571,0.00000
4.80250,0.49500,0.01723,0.98277,0.00000
4.90250,0.49500,0.01744,0.98256,0.00000
5.00250,0.49500,0.01134,0.98866,0.00000
5.10250,0.49500,0.01532,0.98468,0.00000
5.20250,0.49500,0.00816,0.99184,0.00000
5.30250,0.49500,0.01115,0.98885,0.00000
5.40250,0.49500,0.00582,0.99418,0.00000
5.50250,0.49500,0.00853,0.99147,0.00000
5.60250,0.49500,0.01024,0.98976,0.00000
5.70250,0.49500,0.01646,0.98354,0.00000
5.80250,0.49500,0.01201,0.98799,0.00000
5.90250,0.49500,0.01057,0.98943,0.00000
6.00250,0.49500,0.00732,0.99268,0.00000
6.10250,0.49500,0.00831,0.99169,0.00000
6.20250,0.49500,0.01354,0.98646,0.00000
6.30250,0.49500,0.01090,0.98910,0.00000
6.40250,0.49500,0.00679,0.99321,0.00000
6.50250,0.49500,0.00540,0.99460,0.00000
6.60250,0.49500,0.00720,0.99280,0.00000
6.70250,0.49500,0.00687,0.99313,0.00000
6.80250,0.49500,0.00856,0.99144,0.00000
6.90250,0.49500,0.00602,0.99398,0.00000
7.00250,0.49500,0.00557,0.99443,0.00000
7.10250,0.49500,0.00474,0.99526,0.00000
7.20250,0.49500,0.00543,0.99457,0.00000
7.30250,0.49500,0.01017,0.98983,0.00000
7.40250,0.49500,0.00858,0.99142,0.00000
7.50250,0.49500,0.01273,0.98727,0.00000
7.60250,0.49500,0.01438,0.98562,0.00000
7.70250,0.49500,0.00513,0.99487,0.00000
7.80250,0.49500,0.01340,0.98660,0.00000
7.90250,0.49500,0.00895,0.99105,0.00000
8.00250,0.49500,0.01085,0.98915,0.00000
8.10250,0.49500,0.01209,0.98791,0.00000
8.20250,0.49500,0.01422,0.98578,0.00000
8.30250,0.49500,0.00834,0.99166,0.00000
8.40250,0.49500,0.00889,0.99111,0.00000
8.50250,0.49500,0.01123,0.98877,0.00000
8.60250,0.49500,0.00941,0.99059,0.00000
8.70250,0.49500,0.00521,0.99479,0.00000
8.80250,0.49500,0.00465,0.99535,0.00000
8.90250,0.49500,0.00590,0.99410,0.00000
9.00250,0.49500,0.00593,0.99407,0.00000
9.10250,0.49500,0.00755,0.99245,0.00000
9.20250,0.49500,0.00869,0.99131,0.00000
9.30250,0.49500,0.00880,0.99120,0.00000
9.40250,0.49500,0.00788,0.99212,0.00000
9.50250,0.49500,0.01341,0.98659,0.00000
9.60250,0.49500,0.00569,0.99431,0.00000
9.70250,0.49500,0.01083,0.98917,0.00000
9.80250,0.49500,0.00896,0.99104,0.00000
9.90250,0.49500,0.01101,0.98899,0.00000
10.00250,0.49500,0.00614,0.99386,0.00000
10.10250,0.49500,0.00807,0.99193,0.00000
10.20250,0.49500,0.01445,0.98555,0.00000
10.30250,0.49500,0.01437,0.98563,0.00000
10.40250,0.49500,0.01907,0.98093,0.00000
10.50250,0.49500,0.00950,0.99050,0.00000
10.60250,0.49500,0.00461,0.99539,0.00000
10.70250,0.49500,0.00553,0.99447,0.00000
10.80250,0.49500,0.00875,0.99125,0.00000
10.90250,0.49500,0.00818,0.99182,0.00000
11.00250,0.49500,0.00694,0.99306,0.00000
11.10250,0.49500,0.00541,0.99459,0.00000
11.20250,0.49500,0.00639,0.99361,0.00000
11.30250,0.49500,0.00712,0.99288,0.00000
11.40250,0.49500,0.00886,0.99114,0.00000
11.50250,0.49500,0.00782,0.99218,0.00000
11.60250,0.49500,0.00872,0.99128,0.00000
11.70250,0.49500,0.00412,0.99588,0.00000
11.80250,0.49500,0.01002,0.98998,0.00000
11.90250,0.49500,0.00394,0.99606,0.00000
12.00250,0.49500,0.00930,0.99070,0.00000
12.10250,0.49500,0.00882,0.99118,0.00000
12.20250,0.49500,0.00836,0.99164,0.00000
12.30250,0.49500,0.00696,0.99304,0.00000
12.40250,0.49500,0.00697,0.99303,0.00000
12.50250,0.49500,0.00510,0.99490,0.00000
12.60250,0.49500,0.00381,0.99619,0.00000
12.70250,0.49500,0.00441,0.99559,0.00000
12.80250,0.49500,0.00572,0.99428,0.00000
12.90250,0.49500,0.00516,0.99484,0.00000
13.00250,0.49500,0.00472,0.99528,0.00000
13.10250,0.49500,0.01233,0.98767,0.00000
13.20250,0.49500,0.01232,0.98768,0.00000
13.30250,0.49500,0.00938,0.99062,0.00000
13.40250,0.49500,0.00806,0.99194,0.00000
13.50250,0.49500,0.01684,0.98316,0.00000
13.60250,0.49500,0.00993,0.99007,0.00000
13.70250,0.49500,0.01081,0.98919,0.00000
13.80250,0.49500,0.00828,0.99172,0.00000
13.90250,0.49500,0.02341,0.97659,0.00000
14.00250,0.49500,0.07683,0.92317,0.00000
14.10250,0.49500,0.04160,0.95840,0.00000
14.20250,0.49500,0.02158,0.97842,0.00000
14.30250,0.49500,0.01716,0.98284,0.00000
14.40250,0.49500,0.35925,0.64075,0.00000
14.50250,0.49500,0.37220,0.62780,0.00000
14.60250,0.49500,0.81590,0.18410,0.00000
14.70250,0.49500,0.91762,0.08238,0.00000
14.80250,0.49500,0.98729,0.01271,0.00000
14.90250,0.49500,0.99995,0.00005,0.00000
15.00250,0.49500,0.99999,0.00001,0.00000
15.10250,0.49500,1.00000,0.00000,0.00000
15.20250,0.49500,0.99999,0.00001,0.00000
15.30250,0.49500,1.00000,0.00000,0.00000
15.40250,0.49500,1.00000,0.00000,0.00000
15.50250,0.49500,1.00000,0.00000,0.00000
15.60250,0.49500,1.00000,0.00000,0.00000
15.70250,0.49500,1.00000,0.00000,0.00000
15.80250,0.49500,1.00000,0.00000,0.00000
15.90250,0.49500,1.00000,0.00000,0.00000
16.00250,0.49500,0.99821,0.00179,0.00000
16.10250,0.49500,0.98138,0.01199,0.00663
16.20250,0.49500,0.94834,0.00380,0.04786
16.30250,0.49500,0.91973,0.00573,0.07453
16.40250,0.49500,0.67494,0.03116,0.29390
16.50250,0.49500,0.02237,0.00242,0.97521
16.60250,0.49500,0.02735,0.00194,0.97070
16.70250,0.49500,0.03244,0.00459,0.96297
16.80250,0.49500,0.00742,0.00068,0.99190
16.90250,0.49500,0.00369,0.00283,0.99348
17.00250,0.49500,0.00121,0.00079,0.99800
17.10250,0.49500,0.00377,0.00131,0.99492
17.20250,0.49500,0.00818,0.00441,0.98741
17.30250,0.49500,0.01324,0.00386,0.98290
17.40250,0.49500,0.00691,0.00252,0.99058
17.50250,0.49500,0.00643,0.00358,0.98999
17.60250,0.49500,0.00606,0.00210,0.99184
17.70250,0.49500,0.01509,0.00179,0.98312
17.80250,0.49500,0.01633,0.00207,0.98160
17.90250,0.49500,0.03193,0.00248,0.96559
18.00250,0.49500,0.02084,0.00158,0.97758
18.10250,0.49500,0.02036,0.00514,0.97450
18.20250,0.49500,0.03813,0.00868,0.95319
18.30250,0.49500,0.02639,0.00622,0.96739
18.40250,0.49500,0.01561,0.00547,0.97892
18.50250,0.49500,0.00629,0.00178,0.99193
18.60250,0.49500,0.00683,0.00193,0.99123
18.70250,0.49500,0.00403,0.00182,0.99416
18.80250,0.49500,0.01334,0.00122,0.98544
18.90250,0.49500,0.00990,0.00104,0.98906
19.00250,0.49500,0.00681,0.00111,0.99208
19.10250,0.49500,0.01016,0.00171,0.98814
19.20250,0.49500,0.00408,0.00166,0.99426
19.30250,0.49500,0.01206,0.00082,0.98712
19.40250,0.49500,0.01863,0.00132,0.98004
19.50250,0.49500,0.01041,0.00125,0.98833
19.60250,0.49500,0.00884,0.00046,0.99070
19.70250,0.49500,0.00280,0.00058,0.99662
19.80250,0.49500,0.00510,0.00065,0.99424
19.90250,0.49500,0.00392,0.00250,0.99358
20.00250,0.49500,0.00475,0.00226,0.99299
20.10250,0.49500,0.00561,0.00071,0.99368
20.20250,0.49500,0.00176,0.00127,0.99697
20.30250,0.49500,0.00259,0.00107,0.99633
20.40250,0.49500,0.00318,0.00066,0.99616
20.50250,0.49500,0.00280,0.00124,0.99595
20.60250,0.49500,0.00582,0.00102,0.99317
20.70250,0.49500,0.00363,0.00104,0.99533
20.80250,0.49500,0.00409,0.00109,0.99482
20.90250,0.49500,0.00416,0.00133,0.99451
21.00250,0.49500,0.00230,0.00067,0.99704
21.10250,0.49500,0.00284,0.00146,0.99570
21.20250,0.49500,0.00268,0.00088,0.99643
21.30250,0.49500,0.00462,0.00112,0.99427
21.40250,0.49500,0.00384,0.00281,0.99335
21.50250,0.49500,0.00432,0.00188,0.99380
21.60250,0.49500,0.00154,0.00087,0.99759
21.70250,0.49500,0.00228,0.00206,0.99566
21.80250,0.49500,0.00272,0.00071,0.99657
21.90250,0.49500,0.00258,0.00087,0.99655
22.00250,0.49500,0.00263,0.00168,0.99569
22.10250,0.49500,0.00306,0.00163,0.99532
22.20250,0.49500,0.00369,0.00048,0.99583
22.30250,0.49500,0.00717,0.00122,0.99161
22.40250,0.49500,0.00430,0.00224,0.99346
22.50250,0.49500,0.00217,0.00150,0.99633
22.60250,0.49500,0.00487,0.00106,0.99407
22.70250,0.49500,0.00676,0.00196,0.99128
22.80250,0.49500,0.00727,0.00149,0.99124
22.90250,0.49500,0.01403,0.00151,0.98446
23.00250,0.49500,0.00350,0.00223,0.99427
23.10250,0.49500,0.00479,0.00096,0.99425
23.20250,0.49500,0.00227,0.00167,0.99606
23.30250,0.49500,0.00383,0.00084,0.99533
23.40250,0.49500,0.00244,0.00070,0.99686
23.50250,0.49500,0.00197,0.00109,0.99695
23.60250,0.49500,0.00211,0.00097,0.99692
23.70250,0.49500,0.00147,0.00116,0.99737
23.80250,0.49500,0.00452,0.00193,0.99355
23.90250,0.49500,0.00571,0.00082,0.99347
24.00250,0.49500,0.00807,0.00231,0.98962
24.10250,0.49500,0.01447,0.00113,0.98440
24.20250,0.49500,0.01757,0.00132,0.98110
24.30250,0.49500,0.00417,0.00110,0.99473
24.40250,0.49500,0.00882,0.00119,0.98999
24.50250,0.49500,0.00272,0.00075,0.99653
24.60250,0.49500,0.00178,0.00089,0.99733
24.70250,0.49500,0.00214,0.00080,0.99706
24.80250,0.49500,0.00297,0.00083,0.99620
24.90250,0.49500,0.00183,0.00124,0.99693
25.00250,0.49500,0.00551,0.00072,0.99377
25.10250,0.49500,0.00401,0.00177,0.99422
25.20250,0.49500,0.00474,0.00120,0.99405
25.30250,0.49500,0.00859,0.00219,0.98922
25.40250,0.49500,0.00799,0.00082,0.99120
25.50250,0.49500,0.00566,0.00085,0.99349
25.60250,0.49500,0.01082,0.00131,0.98787
25.70250,0.49500,0.00540,0.00180,0.99280
25.80250,0.49500,0.01168,0.00209,0.98623
25.90250,0.49500,0.00396,0.00059,0.99545
26.00250,0.49500,0.00208,0.00159,0.99634
26.10250,0.49500,0.00178,0.00107,0.99715
26.20250,0.49500,0.00387,0.00064,0.99550
26.30250,0.49500,0.00437,0.00077,0.99486
26.40250,0.49500,0.00324,0.00064,0.99611
26.50250,0.49500,0.00505,0.00076,0.99419
26.60250,0.49500,0.00189,0.00174,0.99637
26.70250,0.49500,0.00218,0.00097,0.99686
26.80250,0.49500,0.00124,0.00147,0.99729
26.90250,0.49500,0.00203,0.00068,0.99728
27.00250,0.49500,0.00411,0.00107,0.99483
27.10250,0.49500,0.00624,0.00034,0.99342
27.20250,0.49500,0.01165,0.00068,0.98767
27.30250,0.49500,0.00615,0.00127,0.99258
27.40250,0.49500,0.00613,0.00057,0.99330
27.50250,0.49500,0.00278,0.00070,0.99651
27.60250,0.49500,0.00600,0.00131,0.99269
27.70250,0.49500,0.00457,0.00212,0.99331
27.80250,0.49500,0.00747,0.00148,0.99105
27.90250,0.49500,0.01160,0.00126,0.98714
28.00250,0.49500,0.00775,0.00051,0.99174
28.10250,0.49500,0.00465,0.00107,0.99427
28.20250,0.49500,0.00281,0.00095,0.99624
28.30250,0.49500,0.00140,0.00066,0.99795
28.40250,0.49500,0.00286,0.00195,0.99519
28.50250,0.49500,0.00664,0.00197,0.99139
28.60250,0.49500,0.00664,0.00177,0.99159
28.70250,0.49500,0.00338,0.00127,0.99535
28.80250,0.49500,0.00411,0.00293,0.99295
28.90250,0.49500,0.00481,0.00227,0.99292
29.00250,0.49500,0.00724,0.00115,0.99161
29.10250,0.49500,0.01275,0.00111,0.98613
29.20250,0.49500,0.01996,0.00164,0.97840
29.30250,0.49500,0.00632,0.00183,0.99185
29.40250,0.49500,0.00469,0.00189,0.99342
29.50250,0.49500,0.00206,0.00142,0.99652
29.60250,0.49500,0.00455,0.00099,0.99447
29.70250,0.49500,0.00483,0.00128,0.99389
29.80250,0.49500,0.00281,0.00140,0.99580
29.90250,0.49500,0.00176,0.00211,0.99613
30.00250,0.49500,0.00252,0.00148,0.99600
30.10250,0.49500,0.00235,0.00101,0.99665
30.20250,0.49500,0.00316,0.00143,0.99541
30.30250,0.49500,0.00573,0.00152,0.99275
30.40250,0.49500,0.00412,0.00218,0.99370
30.50250,0.49500,0.00530,0.00317,0.99153
30.60250,0.49500,0.00673,0.00393,0.98934
30.70250,0.49500,0.00608,0.00285,0.99107
30.80250,0.49500,0.00553,0.00349,0.99099
30.90250,0.49500,0.00829,0.00100,0.99070
31.00250,0.49500,0.00520,0.00289,0.99190
31.10250,0.49500,0.00220,0.00222,0.99557
31.20250,0.49500,0.00202,0.00192,0.99606
31.30250,0.49500,0.00116,0.00263,0.99622
31.40250,0.49500,0.00200,0.00177,0.99622
31.50250,0.49500,0.00198,0.00134,0.99669
31.60250,0.49500,0.00250,0.00186,0.99563
31.70250,0.49500,0.00698,0.00264,0.99038
31.80250,0.49500,0.01031,0.00246,0.98723
31.90250,0.49500,0.00589,0.00150,0.99261
32.00250,0.49500,0.00273,0.00197,0.99529
32.10250,0.49500,0.00868,0.00113,0.99018
32.20250,0.49500,0.00400,0.00142,0.99458
32.30250,0.49500,0.00510,0.00143,0.99347
32.40250,0.49500,0.00324,0.00120,0.99556
32.50250,0.49500,0.01276,0.00208,0.98515
32.60250,0.49500,0.01329,0.00212,0.98458
32.70250,0.49500,0.01560,0.00143,0.98297
32.80250,0.49500,0.00686,0.00118,0.99196
32.90250,0.49500,0.00622,0.00178,0.99200
33.00250,0.49500,0.00642,0.00090,0.99268
33.10250,0.49500,0.00404,0.00092,0.99503
33.20250,0.49500,0.01818,0.00180,0.98002
33.30250,0.49500,0.03882,0.00311,0.95806
33.40250,0.49500,0.04958,0.00220,0.94822
33.50250,0.49500,0.02906,0.00080,0.97014
33.60250,0.49500,0.02498,0.00103,0.97399
33.70250,0.49500,0.00452,0.00088,0.99460
33.80250,0.49500,0.00684,0.00075,0.99241
33.90250,0.49500,0.00644,0.00145,0.99211
34.00250,0.49500,0.00195,0.00084,0.99720
34.10250,0.49500,0.00129,0.00174,0.99697
34.20250,0.49500,0.00094,0.00105,0.99801
34.30250,0.49500,0.00270,0.00084,0.99646
34.40250,0.49500,0.00279,0.00214,0.99507
34.50250,0.49500,0.00845,0.00161,0.98994
34.60250,0.49500,0.01081,0.00132,0.98787
34.70250,0.49500,0.00609,0.00163,0.99228
34.80250,0.49500,0.00373,0.00227,0.99399
34.90250,0.49500,0.00292,0.00200,0.99508
35.00250,0.49500,0.00409,0.00188,0.99403
35.10250,0.49500,0.00579,0.00186,0.99235
35.20250,0.49500,0.03776,0.00602,0.95621
35.30250,0.49500,0.09180,0.00304,0.90516
35.40250,0.49500,0.20207,0.00426,0.79367
35.50250,0.49500,0.28149,0.00309,0.71543
35.60250,0.49500,0.27989,0.01519,0.70492
35.70250,0.49500,0.27514,0.00038,0.72447
35.80250,0.49500,0.69197,0.00259,0.30544
35.90250,0.49500,0.98533,0.00059,0.01408
36.00250,0.49500,0.97790,0.00021,0.02189
36.10250,0.49500,0.99206,0.00099,0.00695
36.20250,0.49500,0.99278,0.00693,0.00028
36.30250,0.49500,0.99282,0.00219,0.00499
36.40250,0.49500,1.00000,0.00000,0.00000
36.50250,0.49500,1.00000,0.00000,0.00000
36.60250,0.49500,1.00000,0.00000,0.00000
36.70250,0.49500,1.00000,0.00000,0.00000
36.80250,0.49500,0.99997,0.00002,0.00001
36.90250,0.49500,0.99999,0.00000,0.00001
37.00250,0.49500,0.93346,0.00000,0.06654
37.10250,0.49500,0.98157,0.00000,0.01843
37.20250,0.49500,0.96565,0.00000,0.03435
37.30250,0.49500,0.95963,0.00000,0.04036
37.40250,0.49500,0.84949,0.00000,0.15051
37.50250,0.49500,0.92863,0.00000,0.07137
37.60250,0.49500,0.41579,0.00000,0.58421
37.70250,0.49500,0.13951,0.00000,0.86049
37.80250,0.49500,0.04610,0.00000,0.95390
37.90250,0.49500,0.05686,0.00000,0.94314
38.00250,0.49500,0.02184,0.00000,0.97816
38.10250,0.49500,0.04662,0.00000,0.95338
38.20250,0.49500,0.03253,0.00000,0.96747
38.30250,0.49500,0.07559,0.00000,0.92441
38.40250,0.49500,0.08593,0.00000,0.91407
38.50250,0.49500,0.20383,0.00000,0.79617
38.60250,0.49500,0.26480,0.00000,0.73520
38.70250,0.49500,0.21759,0.00000,0.78241
38.80250,0.49500,0.09595,0.00000,0.90405
38.90250,0.49500,0.08607,0.00000,0.91393
39.00250,0.49500,0.18122,0.00000,0.81878
39.10250,0.49500,0.09240,0.00000,0.90760
39.20250,0.49500,0.07978,0.00000,0.92022
39.30250,0.49500,0.07582,0.00001,0.92417
39.40250,0.49500,0.02427,0.00000,0.97573
39.50250,0.49500,0.02165,0.00000,0.97835
39.60250,0.49500,0.01132,0.00000,0.98868
39.70250,0.49500,0.00773,0.00000,0.99227
39.80250,0.49500,0.00341,0.00000,0.99659
39.90250,0.49500,0.00557,0.00000,0.99443
40.00250,0.49500,0.00549,0.00000,0.99451
40.10250,0.49500,0.00553,0.00000,0.99447
40.20250,0.49500,0.00457,0.00000,0.99543
40.30250,0.49500,0.00223,0.00000,0.99777
40.40250,0.49500,0.00204,0.00000,0.99796
40.50250,0.49500,0.00254,0.00000,0.99746
40.60250,0.49500,0.00497,0.00000,0.99503
40.70250,0.49500,0.00239,0.00000,0.99761
40.80250,0.49500,0.00214,0.00000,0.99786
40.90250,0.49500,0.00273,0.00000,0.99727
41.00250,0.49500,0.00454,0.00000,0.99546
41.10250,0.49500,0.00697,0.00000,0.99303
41.20250,0.49500,0.00460,0.00000,0.99540
41.30250,0.49500,0.00519,0.00000,0.99481
41.40250,0.49500,0.00401,0.00000,0.99599
41.50250,0.49500,0.00253,0.00000,0.99747
41.60250,0.49500,0.00220,0.00000,0.99780
41.70250,0.49500,0.00454,0.00000,0.99546
41.80250,0.49500,0.00570,0.00000,0.99430
41.90250,0.49500,0.00713,0.00000,0.99287
42.00250,0.49500,0.02180,0.00000,0.97820
42.10250,0.49500,0.00441,0.00000,0.99559
42.20250,0.49500,0.00553,0.00000,0.99447
42.30250,0.49500,0.00333,0.00000,0.99667
42.40250,0.49500,0.00193,0.00000,0.99807
42.50250,0.49500,0.00323,0.00000,0.99677
42.60250,0.49500,0.00298,0.00000,0.99702
42.70250,0.49500,0.00313,0.00000,0.99687
42.80250,0.49500,0.00199,0.00000,0.99801
42.90250,0.49500,0.00154,0.00000,0.99846
43.00250,0.49500,0.00325,0.00000,0.99675
43.10250,0.49500,0.00509,0.00000,0.99491
43.20250,0.49500,0.00670,0.00000,0.99330
43.30250,0.49500,0.00463,0.00000,0.99537
43.40250,0.49500,0.00557,0.00000,0.99443
43.50250,0.49500,0.00260,0.00000,0.99740
43.60250,0.49500,0.00528,0.00000,0.99472
43.70250,0.49500,0.00806,0.00000,0.99194
43.80250,0.49500,0.00338,0.00000,0.99661
43.90250,0.49500,0.00594,0.00000,0.99406
44.00250,0.49500,0.00409,0.00000,0.99591
44.10250,0.49500,0.00341,0.00000,0.99659
44.20250,0.49500,0.00296,0.00000,0.99704
44.30250,0.49500,0.00249,0.00000,0.99751
44.40250,0.49500,0.00386,0.00000,0.99614
44.50250,0.49500,0.00330,0.00000,0.99670
44.60250,0.49500,0.00428,0.00000,0.99572
44.70250,0.49500,0.00229,0.00000,0.99771
44.80250,0.49500,0.00453,0.00000,0.99547
44.90250,0.49500,0.00132,0.00000,0.99868
45.00250,0.49500,0.00174,0.00000,0.99826
45.10250,0.49500,0.00206,0.00000,0.99794
45.20250,0.49500,0.00282,0.00000,0.99718
45.30250,0.49500,0.00303,0.00000,0.99697
45.40250,0.49500,0.00696,0.00000,0.99304
45.50250,0.49500,0.00571,0.00000,0.99429
45.60250,0.49500,0.00864,0.00000,0.99136
45.70250,0.49500,0.00360,0.00000,0.99640
45.80250,0.49500,0.00560,0.00000,0.99440
45.90250,0.49500,0.00204,0.00000,0.99796
46.00250,0.49500,0.00239,0.00000,0.99761
46.10250,0.49500,0.00198,0.00000,0.99802
46.20250,0.49500,0.00182,0.00000,0.99818
46.30250,0.49500,0.00303,0.00000,0.99697
46.40250,0.49500,0.00145,0.00000,0.99855
46.50250,0.49500,0.00260,0.00000,0.99740
46.60250,0.49500,0.00186,0.00000,0.99814
46.70250,0.49500,0.00188,0.00000,0.99812
46.80250,0.49500,0.00146,0.00000,0.99854
46.90250,0.49500,0.00173,0.00000,0.99827
47.00250,0.49500,0.00317,0.00000,0.99683
47.10250,0.49500,0.00320,0.00000,0.99680
47.20250,0.49500,0.00147,0.00000,0.99853
47.30250,0.49500,0.00171,0.00000,0.99829
47.40250,0.49500,0.00143,0.00000,0.99857
47.50250,0.49500,0.00202,0.00000,0.99798
47.60250,0.49500,0.00178,0.00000,0.99821
47.70250,0.49500,0.00300,0.00000,0.99700
47.80250,0.49500,0.00989,0.00000,0.99011
47.90250,0.49500,0.00551,0.00000,0.99449
48.00250,0.49500,0.00778,0.00000,0.99222
48.10250,0.49500,0.00564,0.00000,0.99436
48.20250,0.49500,0.00492,0.00000,0.99508
48.30250,0.49500,0.00427,0.00000,0.99573
48.40250,0.49500,0.00512,0.00000,0.99488
48.50250,0.49500,0.00280,0.00000,0.99720
48.60250,0.49500,0.00296,0.00000,0.99704
48.70250,0.49500,0.00242,0.00000,0.99758
48.80250,0.49500,0.00197,0.00000,0.99803
48.90250,0.49500,0.00470,0.00000,0.99530
49.00250,0.49500,0.00513,0.00000,0.99487
49.10250,0.49500,0.00384,0.00000,0.99616
49.20250,0.49500,0.00338,0.00000,0.99662
49.30250,0.49500,0.00542,0.00000,0.99458
49.40250,0.49500,0.00494,0.00000,0.99506
49.50250,0.49500,0.00495,0.00000,0.99505
49.60250,0.49500,0.00547,0.00000,0.99453
49.70250,0.49500,0.00410,0.00000,0.99590
49.80250,0.49500,0.00391,0.00000,0.99609
49.90250,0.49500,0.00354,0.00000,0.99646
50.00250,0.49500,0.00200,0.00001,0.99799
50.10250,0.49500,0.00324,0.00000,0.99675
50.20250,0.49500,0.00183,0.00000,0.99817
50.30250,0.49500,0.00344,0.00000,0.99656
50.40250,0.49500,0.00215,0.00000,0.99785
50.50250,0.49500,0.00159,0.00000,0.99841
50.60250,0.49500,0.00324,0.00000,0.99676
50.70250,0.49500,0.00512,0.00000,0.99488
50.80250,0.49500,0.01056,0.00000,0.98944
50.90250,0.49500,0.00766,0.00000,0.99234
51.00250,0.49500,0.00421,0.00000,0.99579
51.10250,0.49500,0.00207,0.00000,0.99793
51.20250,0.49500,0.00225,0.00000,0.99775
51.30250,0.49500,0.00289,0.00000,0.99711
51.40250,0.49500,0.00204,0.00000,0.99796
51.50250,0.49500,0.00363,0.00000,0.99637
51.60250,0.49500,0.00256,0.00000,0.99744
51.70250,0.49500,0.00303,0.00000,0.99697
51.80250,0.49500,0.00164,0.00000,0.99836
51.90250,0.49500,0.00192,0.00000,0.99808
52.00250,0.49500,0.00487,0.00000,0.99513
52.10250,0.49500,0.00367,0.00000,0.99633
52.20250,0.49500,0.00373,0.00000,0.99627
52.30250,0.49500,0.00122,0.00000,0.99878
52.40250,0.49500,0.00140,0.00000,0.99860
52.50250,0.49500,0.00179,0.00000,0.99821
52.60250,0.49500,0.00275,0.00000,0.99725
52.70250,0.49500,0.00435,0.00000,0.99565
52.80250,0.49500,0.00865,0.00000,0.99135
52.90250,0.49500,0.00442,0.00000,0.99558
53.00250,0.49500,0.00397,0.00000,0.99603
53.10250,0.49500,0.00364,0.00000,0.99636
53.20250,0.49500,0.00237,0.00000,0.99763
53.30250,0.49500,0.00396,0.00000,0.99604
53.40250,0.49500,0.00301,0.00000,0.99699
53.50250,0.49500,0.00349,0.00000,0.99651
53.60250,0.49500,0.00176,0.00000,0.99823
53.70250,0.49500,0.00344,0.00000,0.99656
53.80250,0.49500,0.00417,0.00000,0.99583
53.90250,0.49500,0.01517,0.00000,0.98483
54.00250,0.49500,0.05455,0.00000,0.94545
54.10250,0.49500,0.53513,0.00000,0.46487
54.20250,0.49500,0.99555,0.00000,0.00445
54.30250,0.49500,0.99892,0.00000,0.00108
54.40250,0.49500,0.99975,0.00000,0.00025
54.50250,0.49500,0.99991,0.00000,0.00009
54.60250,0.49500,1.00000,0.00000,0.00000
54.70250,0.49500,1.00000,0.00000,0.00000
54.80250,0.49500,1.00000,0.00000,0.00000
54.90250,0.49500,1.00000,0.00000,0.00000
55.00250,0.49500,0.99986,0.00014,0.00000
55.10250,0.49500,0.99961,0.00039,0.00000
55.20250,0.49500,0.99653,0.00347,0.00000
55.30250,0.49500,0.99957,0.00043,0.00000
55.40250,0.49500,0.99993,0.00007,0.00000
55.50250,0.49500,0.99994,0.00006,0.00000
55.60250,0.49500,0.99961,0.00039,0.00000
55.70250,0.49500,0.99938,0.00062,0.00000
55.80250,0.49500,0.99670,0.00330,0.00000
55.90250,0.49500,0.99960,0.00040,0.00000
56.00250,0.49500,0.99768,0.00230,0.00002
56.10250,0.49500,0.94650,0.05344,0.00006
56.20250,0.49500,0.94846,0.02143,0.03011
56.30250,0.49500,0.55416,0.44493,0.00091
56.40250,0.49500,0.41667,0.58120,0.00214
56.50250,0.49500,0.82382,0.17611,0.00007
56.60250,0.49500,0.66633,0.33341,0.00027
56.70250,0.49500,0.84245,0.15749,0.00006
56.80250,0.49500,0.63715,0.36144,0.00141
56.90250,0.49500,0.42813,0.57172,0.00015
57.00250,0.49500,0.33958,0.65950,0.00092
57.10250,0.49500,0.44620,0.55353,0.00027
57.20250,0.49500,0.52329,0.47374,0.00297
57.30250,0.49500,0.59714,0.40283,0.00003
57.40250,0.49500,0.46670,0.53329,0.00001
57.50250,0.49500,0.41412,0.58587,0.00001
57.60250,0.49500,0.44601,0.55393,0.00005
57.70250,0.49500,0.38986,0.61008,0.00006
57.80250,0.49500,0.27884,0.72089,0.00026
57.90250,0.49500,0.31875,0.67666,0.00459
58.00250,0.49500,0.37874,0.59316,0.02810
58.10250,0.49500,0.30161,0.63682,0.06158
58.20250,0.49500,0.31024,0.64936,0.04039
58.30250,0.49500,0.20283,0.79371,0.00346
58.40250,0.49500,0.14697,0.84935,0.00369
58.50250,0.49500,0.11162,0.88260,0.00578
58.60250,0.49500,0.04843,0.94954,0.00202
58.70250,0.49500,0.03806,0.95850,0.00344
58.80250,0.49500,0.04715,0.93836,0.01449
58.90250,0.49500,0.04790,0.94385,0.00825
59.00250,0.49500,0.04864,0.94728,0.00408
59.10250,0.49500,0.06014,0.93404,0.00582
59.20250,0.49500,0.03363,0.95811,0.00826
59.30250,0.49500,0.02465,0.96953,0.00582
59.40250,0.49500,0.01813,0.97758,0.00428
59.50250,0.49500,0.01325,0.98163,0.00512
59.60250,0.49500,0.01420,0.98165,0.00415
59.70250,0.49500,0.00653,0.99271,0.00076
59.80250,0.49500,0.01664,0.97236,0.01099
59.90250,0.49500,0.01549,0.97273,0.01178
60.00250,0.49500,0.02447,0.96871,0.00682
60.10250,0.49500,0.01289,0.96783,0.01928
60.20250,0.49500,0.00805,0.98722,0.00472
60.30250,0.49500,0.01201,0.98417,0.00382
60.40250,0.49500,0.03040,0.96618,0.00342
60.50250,0.49500,0.02121,0.97687,0.00192
60.60250,0.49500,0.01569,0.97853,0.00578
60.70250,0.49500,0.01117,0.98399,0.00485
60.80250,0.49500,0.00230,0.99165,0.00605
60.90250,0.49500,0.00336,0.98845,0.00819
61.00250,0.49500,0.00365,0.99367,0.00267
61.10250,0.49500,0.00458,0.99172,0.00369
61.20250,0.49500,0.00687,0.98760,0.00552
61.30250,0.49500,0.01756,0.98071,0.00173
61.40250,0.49500,0.00674,0.98754,0.00572
61.50250,0.49500,0.00359,0.99305,0.00336
61.60250,0.49500,0.00994,0.98188,0.00818
61.70250,0.49500,0.00310,0.99284,0.00406
61.80250,0.49500,0.00472,0.99337,0.00192
61.90250,0.49500,0.00327,0.99287,0.00387
62.00250,0.49500,0.00475,0.99066,0.00459
62.10250,0.49500,0.00379,0.98931,0.00690
62.20250,0.49500,0.00461,0.99261,0.00278
62.30250,0.49500,0.00727,0.99068,0.00206
62.40250,0.49500,0.00883,0.98937,0.00179
62.50250,0.49500,0.00916,0.98753,0.00331
62.60250,0.49500,0.00668,0.99115,0.00218
62.70250,0.49500,0.00580,0.99316,0.00104
62.80250,0.49500,0.00657,0.99162,0.00181
62.90250,0.49500,0.01141,0.98594,0.00265
63.00250,0.49500,0.01422,0.98398,0.00179
63.10250,0.49500,0.01389,0.98412,0.00199
63.20250,0.49500,0.01551,0.97757,0.00692
63.30250,0.49500,0.01359,0.98352,0.00289
63.40250,0.49500,0.00986,0.98529,0.00485
63.50250,0.49500,0.02161,0.97084,0.00755
63.60250,0.49500,0.01408,0.97185,0.01407
63.70250,0.49500,0.01044,0.98568,0.00388
63.80250,0.49500,0.01041,0.98132,0.00826
63.90250,0.49500,0.00550,0.99239,0.00211
64.00250,0.49500,0.02592,0.97012,0.00396
64.10250,0.49500,0.02287,0.97545,0.00168
64.20250,0.49500,0.01930,0.97624,0.00447
64.30250,0.49500,0.00581,0.99337,0.00082
64.40250,0.49500,0.00305,0.99617,0.00078
64.50250,0.49500,0.00367,0.99402,0.00231
64.60250,0.49500,0.00884,0.98911,0.00205
64.70250,0.49500,0.02931,0.96371,0.00698
64.80250,0.49500,0.02745,0.96314,0.00940
64.90250,0.49500,0.01537,0.98429,0.00034
65.00250,0.49500,0.01651,0.98002,0.00347
65.10250,0.49500,0.01356,0.98340,0.00304
65.20250,0.49500,0.01338,0.98417,0.00246
65.30250,0.49500,0.02058,0.97224,0.00717
65.40250,0.49500,0.02021,0.97733,0.00246
65.50250,0.49500,0.01173,0.98689,0.00138
65.60250,0.49500,0.00956,0.98811,0.00233
65.70250,0.49500,0.02148,0.97000,0.00852
65.80250,0.49500,0.03251,0.96532,0.00217
65.90250,0.49500,0.03709,0.95628,0.00663
66.00250,0.49500,0.03963,0.95709,0.00328
66.10250,0.49500,0.01571,0.98244,0.00185
66.20250,0.49500,0.01378,0.98398,0.00224
66.30250,0.49500,0.00717,0.99055,0.00228
66.40250,0.49500,0.01234,0.98348,0.00418
66.50250,0.49500,0.01261,0.98552,0.00187
66.60250,0.49500,0.00723,0.99063,0.00214
66.70250,0.49500,0.00832,0.98671,0.00497
66.80250,0.49500,0.00813,0.99051,0.00135
66.90250,0.49500,0.00652,0.98983,0.00366
67.00250,0.49500,0.01191,0.98686,0.00123
67.10250,0.49500,0.01520,0.98219,0.00262
67.20250,0.49500,0.01193,0.98679,0.00127
67.30250,0.49500,0.04253,0.94883,0.00864
67.40250,0.49500,0.02578,0.97021,0.00401
67.50250,0.49500,0.01078,0.98407,0.00515
67.60250,0.49500,0.00783,0.99016,0.00201
67.70250,0.49500,0.00242,0.99620,0.00138
67.80250,0.49500,0.00942,0.98648,0.00411
67.90250,0.49500,0.03443,0.95452,0.01105
68.00250,0.49500,0.02957,0.96718,0.00325
68.10250,0.49500,0.05346,0.93807,0.00847
68.20250,0.49500,0.01677,0.97945,0.00378
68.30250,0.49500,0.05816,0.93907,0.00277
68.40250,0.49500,0.02535,0.97115,0.00350
68.50250,0.49500,0.03213,0.96677,0.00111
68.60250,0.49500,0.00979,0.97653,0.01368
68.70250,0.49500,0.00686,0.99106,0.00208
68.80250,0.49500,0.01881,0.97505,0.00614
68.90250,0.49500,0.01217,0.98513,0.00270
69.00250,0.49500,0.02430,0.97221,0.00348
69.10250,0.49500,0.01297,0.98638,0.00065
69.20250,0.49500,0.01855,0.98053,0.00091
69.30250,0.49500,0.00925,0.98577,0.00498
69.40250,0.49500,0.01235,0.98565,0.00200
69.50250,0.49500,0.00589,0.99111,0.00300
69.60250,0.49500,0.00412,0.99231,0.00357
69.70250,0.49500,0.00208,0.99673,0.00119
69.80250,0.49500,0.00543,0.98505,0.00952
69.90250,0.49500,0.00650,0.98973,0.00377
70.00250,0.49500,0.00377,0.99414,0.00209
70.10250,0.49500,0.00291,0.99543,0.00166
70.20250,0.49500,0.00424,0.99325,0.00251
70.30250,0.49500,0.01151,0.98671,0.00178
70.40250,0.49500,0.01672,0.97571,0.00757
70.50250,0.49500,0.01869,0.96861,0.01270
70.60250,0.49500,0.01149,0.98561,0.00290
70.70250,0.49500,0.02070,0.97543,0.00386
70.80250,0.49500,0.01171,0.98479,0.00350
70.90250,0.49500,0.01784,0.98031,0.00184
71.00250,0.49500,0.03353,0.95926,0.00721
71.10250,0.49500,0.01686,0.97943,0.00372
71.20250,0.49500,0.02884,0.96850,0.00266
71.30250,0.49500,0.00940,0.96757,0.02303
71.40250,0.49500,0.00572,0.99136,0.00292
71.50250,0.49500,0.01115,0.97179,0.01706
71.60250,0.49500,0.00463,0.99433,0.00104
71.70250,0.49500,0.00459,0.99380,0.00161
71.80250,0.49500,0.01482,0.98266,0.00252
71.90250,0.49500,0.01102,0.98517,0.00381
72.00250,0.49500,0.01422,0.98068,0.00510
72.10250,0.49500,0.02737,0.96416,0.00846
72.20250,0.49500,0.01477,0.98318,0.00205
72.30250,0.49500,0.02773,0.96623,0.00604
72.40250,0.49500,0.01426,0.98462,0.00112
72.50250,0.49500,0.00776,0.99042,0.00182
72.60250,0.49500,0.01785,0.97972,0.00243
72.70250,0.49500,0.01570,0.97906,0.00523
72.80250,0.49500,0.06128,0.93577,0.00295
72.90250,0.49500,0.05169,0.94602,0.00229
73.00250,0.49500,0.03218,0.96574,0.00208
73.10250,0.49500,0.05242,0.93202,0.01556
73.20250,0.49500,0.00533,0.99144,0.00323
73.30250,0.49500,0.01155,0.98090,0.00755
73.40250,0.49500,0.00757,0.98855,0.00388
73.50250,0.49500,0.00845,0.98915,0.00240
73.60250,0.49500,0.00999,0.98746,0.00255
73.70250,0.49500,0.00744,0.98609,0.00647
73.80250,0.49500,0.00650,0.98543,0.00807
73.90250,0.49500,0.00574,0.98995,0.00431
74.00250,0.49500,0.02010,0.97367,0.00623
74.10250,0.49500,0.01216,0.97953,0.00831
74.20250,0.49500,0.01195,0.98175,0.00631
74.30250,0.49500,0.02370,0.96868,0.00762
74.40250,0.49500,0.00662,0.98843,0.00495
74.50250,0.49500,0.01480,0.98280,0.00240
74.60250,0.49500,0.01055,0.98615,0.00330
74.70250,0.49500,0.01756,0.97569,0.00675
74.80250,0.49500,0.03479,0.95395,0.01125
74.90250,0.49500,0.03767,0.95671,0.00561
75.00250,0.49500,0.03134,0.95374,0.01492
75.10250,0.49500,0.02634,0.96262,0.01104
75.20250,0.49500,0.01514,0.97504,0.00981
75.30250,0.49500,0.01263,0.98567,0.00170
75.40250,0.49500,0.00796,0.99028,0.00176
75.50250,0.49500,0.00431,0.99278,0.00291
75.60250,0.49500,0.00634,0.99027,0.00339
75.70250,0.49500,0.00456,0.99352,0.00192
75.80250,0.49500,0.01638,0.98024,0.00337
75.90250,0.49500,0.01841,0.98003,0.00156
76.00250,0.49500,0.01427,0.98501,0.00072
76.10250,0.49500,0.02426,0.97166,0.00408
76.20250,0.49500,0.01841,0.97899,0.00260
76.30250,0.49500,0.00602,0.99246,0.00152
76.40250,0.49500,0.00926,0.98774,0.00301
76.50250,0.49500,0.01032,0.98885,0.00083
76.60250,0.49500,0.03460,0.96128,0.00412
76.70250,0.49500,0.01450,0.98440,0.00109
76.80250,0.49500,0.00926,0.98933,0.00141
76.90250,0.49500,0.00525,0.98938,0.00537
77.00250,0.49500,0.01895,0.97454,0.00651
77.10250,0.49500,0.01478,0.98258,0.00264
77.20250,0.49500,0.07509,0.92085,0.00407
77.30250,0.49500,0.02387,0.97521,0.00092
77.40250,0.49500,0.07497,0.91539,0.00964
77.50250,0.49500,0.01149,0.98496,0.00355
77.60250,0.49500,0.07491,0.92213,0.00296
77.70250,0.49500,0.32451,0.66263,0.01286
77.80250,0.49500,0.39305,0.60691,0.00003
77.90250,0.49500,0.64254,0.35732,0.00014
78.00250,0.49500,0.97425,0.02575,0.00000
78.10250,0.49500,0.97239,0.02761,0.00000
78.20250,0.49500,0.99977,0.00023,0.00000
78.30250,0.49500,1.00000,0.00000,0.00000
78.40250,0.49500,0.99993,0.00007,0.00000
78.50250,0.49500,1.00000,0.00000,0.00000
78.60250,0.49500,0.99998,0.00001,0.00000
78.70250,0.49500,0.99999,0.00000,0.00000
78.80250,0.49500,1.00000,0.00000,0.00000
78.90250,0.49500,0.99990,0.00010,0.00000
79.00250,0.49500,0.93508,0.00624,0.05868
79.10250,0.49500,0.99755,0.00177,0.00068
79.20250,0.49500,0.97152,0.00007,0.02841
79.30250,0.49500,0.77500,0.00028,0.22472
79.40250,0.49500,0.25986,0.00002,0.74012
79.50250,0.49500,0.30219,0.00001,0.69780
79.60250,0.49500,0.03886,0.00001,0.96113
79.70250,0.49500,0.02798,0.00000,0.97202
79.80250,0.49500,0.02213,0.00000,0.97787
79.90250,0.49500,0.01447,0.00000,0.98552
80.00250,0.49500,0.01022,0.00000,0.98978
80.10250,0.49500,0.01662,0.00000,0.98338
80.20250,0.49500,0.01583,0.00000,0.98417
80.30250,0.49500,0.00749,0.00000,0.99251
80.40250,0.49500,0.00733,0.00000,0.99266
80.50250,0.49500,0.00736,0.00000,0.99263
80.60250,0.49500,0.00934,0.00000,0.99066
80.70250,0.49500,0.01554,0.00000,0.98446
80.80250,0.49500,0.03420,0.00000,0.96579
80.90250,0.49500,0.01661,0.00000,0.98339
81.00250,0.49500,0.01496,0.00000,0.98504
81.10250,0.49500,0.00813,0.00000,0.99187
81.20250,0.49500,0.00289,0.00000,0.99711
81.30250,0.49500,0.00272,0.00000,0.99727
81.40250,0.49500,0.00414,0.00000,0.99586
81.50250,0.49500,0.00214,0.00000,0.99786
81.60250,0.49500,0.00737,0.00000,0.99263
81.70250,0.49500,0.00246,0.00000,0.99754
81.80250,0.49500,0.00545,0.00000,0.99455
81.90250,0.49500,0.00564,0.00000,0.99436
82.00250,0.49500,0.00715,0.00000,0.99285
82.10250,0.49500,0.00675,0.00000,0.99325
82.20250,0.49500,0.00448,0.00000,0.99552
82.30250,0.49500,0.01191,0.00000,0.98809
82.40250,0.49500,0.00698,0.00000,0.99302
82.50250,0.49500,0.00910,0.00000,0.99090
82.60250,0.49500,0.00905,0.00000,0.99095
82.70250,0.49500,0.01173,0.00000,0.98827
82.80250,0.49500,0.00779,0.00000,0.99221
82.90250,0.49500,0.00607,0.00000,0.99393
83.00250,0.49500,0.00649,0.00000,0.99351
83.10250,0.49500,0.00678,0.00000,0.99322
83.20250,0.49500,0.00448,0.00000,0.99552
83.30250,0.49500,0.00685,0.00000,0.99315
83.40250,0.49500,0.00411,0.00001,0.99588
83.50250,0.49500,0.00480,0.00001,0.99519
83.60250,0.49500,0.00584,0.00001,0.99415
83.70250,0.49500,0.00657,0.00000,0.99343
83.80250,0.49500,0.00869,0.00000,0.99131
83.90250,0.49500,0.00405,0.00000,0.99595
84.00250,0.49500,0.00475,0.00001,0.99525
84.10250,0.49500,0.00160,0.00000,0.99840
84.20250,0.49500,0.00214,0.00000,0.99786
84.30250,0.49500,0.00095,0.00001,0.99904
84.40250,0.49500,0.00178,0.00000,0.99822
84.50250,0.49500,0.00207,0.00000,0.99792
84.60250,0.49500,0.00326,0.00000,0.99674
84.70250,0.49500,0.01243,0.00001,0.98756
84.80250,0.49500,0.00821,0.00000,0.99178
84.90250,0.49500,0.01297,0.00000,0.98703
85.00250,0.49500,0.00694,0.00001,0.99306
85.10250,0.49500,0.00470,0.00000,0.99530
85.20250,0.49500,0.00263,0.00001,0.99737
85.30250,0.49500,0.00358,0.00000,0.99642
85.40250,0.49500,0.00191,0.00001,0.99809
85.50250,0.49500,0.00115,0.00001,0.99885
85.60250,0.49500,0.00082,0.00000,0.99917
85.70250,0.49500,0.00400,0.00000,0.99600
85.80250,0.49500,0.01426,0.00000,0.98574
85.90250,0.49500,0.01491,0.00000,0.98509
86.00250,0.49500,0.01415,0.00000,0.98585
86.10250,0.49500,0.00481,0.00000,0.99519
86.20250,0.49500,0.00284,0.00000,0.99715
86.30250,0.49500,0.00286,0.00000,0.99714
86.40250,0.49500,0.00484,0.00000,0.99516
86.50250,0.49500,0.00353,0.00000,0.99647
86.60250,0.49500,0.00586,0.00000,0.99413
86.70250,0.49500,0.00537,0.00000,0.99463
86.80250,0.49500,0.00498,0.00000,0.99502
86.90250,0.49500,0.00625,0.00000,0.99375
87.00250,0.49500,0.00606,0.00001,0.99393
87.10250,0.49500,0.00700,0.00000,0.99300
87.20250,0.49500,0.00531,0.00001,0.99468
87.30250,0.49500,0.00281,0.00000,0.99719
87.40250,0.49500,0.00276,0.00000,0.99724
87.50250,0.49500,0.00156,0.00000,0.99844
87.60250,0.49500,0.00292,0.00000,0.99707
87.70250,0.49500,0.00397,0.00000,0.99603
87.80250,0.49500,0.00612,0.00000,0.99388
87.90250,0.49500,0.00692,0.00000,0.99308
88.00250,0.49500,0.01827,0.00000,0.98173
88.10250,0.49500,0.00744,0.00000,0.99256
88.20250,0.49500,0.00604,0.00000,0.99396
88.30250,0.49500,0.00447,0.00000,0.99553
88.40250,0.49500,0.00296,0.00000,0.99704
88.50250,0.49500,0.00436,0.00000,0.99564
88.60250,0.49500,0.00130,0.00000,0.99870
88.70250,0.49500,0.00205,0.00000,0.99794
88.80250,0.49500,0.00174,0.00000,0.99826
88.90250,0.49500,0.00207,0.00000,0.99793
89.00250,0.49500,0.00150,0.00001,0.99849
89.10250,0.49500,0.00115,0.00000,0.99885
89.20250,0.49500,0.00189,0.00000,0.99811
89.30250,0.49500,0.01663,0.00000,0.98337
89.40250,0.49500,0.02694,0.00000,0.97306
89.50250,0.49500,0.01477,0.00001,0.98522
89.60250,0.49500,0.00770,0.00000,0.99230
89.70250,0.49500,0.00294,0.00001,0.99706
89.80250,0.49500,0.00197,0.00000,0.99803
89.90250,0.49500,0.00568,0.00000,0.99432
90.00250,0.49500,0.05506,0.00000,0.94494
90.10250,0.49500,0.53972,0.00001,0.46027
90.20250,0.49500,0.99871,0.00007,0.00122
90.30250,0.49500,0.99958,0.00041,0.00001
90.40250,0.49500,0.99688,0.00312,0.00000
90.50250,0.49500,0.99909,0.00091,0.00000
90.60250,0.49500,0.99934,0.00066,0.00000
90.70250,0.49500,0.99999,0.00001,0.00000
90.80250,0.49500,0.99988,0.00012,0.00000
90.90250,0.49500,0.99998,0.00002,0.00000
91.00250,0.49500,0.95001,0.04999,0.00000
91.10250,0.49500,0.79009,0.20991,0.00000
91.20250,0.49500,0.74888,0.25112,0.00000
91.30250,0.49500,0.88135,0.11865,0.00000
91.40250,0.49500,0.47271,0.52729,0.00000
91.50250,0.49500,0.09158,0.90842,0.00000
91.60250,0.49500,0.03576,0.96424,0.00000
91.70250,0.49500,0.02993,0.97007,0.00000
91.80250,0.49500,0.05755,0.94245,0.00000
91.90250,0.49500,0.03574,0.96426,0.00000
92.00250,0.49500,0.05764,0.94236,0.00000
92.10250,0.49500,0.08173,0.91827,0.00000
92.20250,0.49500,0.08541,0.91459,0.00000
92.30250,0.49500,0.15517,0.84483,0.00000
92.40250,0.49500,0.11489,0.88511,0.00000
92.50250,0.49500,0.13668,0.86332,0.00000
92.60250,0.49500,0.19164,0.80836,0.00000
92.70250,0.49500,0.08215,0.91785,0.00000
92.80250,0.49500,0.05664,0.94336,0.00000
92.90250,0.49500,0.03273,0.96727,0.00000
93.00250,0.49500,0.04810,0.95190,0.00000
93.10250,0.49500,0.02076,0.97924,0.00000
93.20250,0.49500,0.02046,0.97954,0.00000
93.30250,0.49500,0.01772,0.98228,0.00000
93.40250,0.49500,0.01234,0.98766,0.00000
93.50250,0.49500,0.00640,0.99360,0.00000
93.60250,0.49500,0.01806,0.98194,0.00000
93.70250,0.49500,0.00685,0.99315,0.00000
93.80250,0.49500,0.00667,0.99333,0.00000
93.90250,0.49500,0.00486,0.99514,0.00000
94.00250,0.49500,0.00861,0.99139,0.00000
94.10250,0.49500,0.00900,0.99100,0.00000
94.20250,0.49500,0.01376,0.98624,0.00000
94.30250,0.49500,0.01503,0.98497,0.00000
94.40250,0.49500,0.00741,0.99259,0.00000
94.50250,0.49500,0.01105,0.98895,0.00000
94.60250,0.49500,0.00820,0.99180,0.00000
94.70250,0.49500,0.00444,0.99556,0.00000
94.80250,0.49500,0.00539,0.99461,0.00000
94.90250,0.49500,0.00688,0.99312,0.00000
95.00250,0.49500,0.01068,0.98932,0.00000
95.10250,0.49500,0.00768,0.99232,0.00000
95.20250,0.49500,0.00458,0.99542,0.00000
95.30250,0.49500,0.00570,0.99430,0.00000
95.40250,0.49500,0.00297,0.99703,0.00000
95.50250,0.49500,0.00816,0.99184,0.00000
95.60250,0.49500,0.00586,0.99414,0.00000
95.70250,0.49500,0.00942,0.99058,0.00000
95.80250,0.49500,0.01669,0.98331,0.00000
95.90250,0.49500,0.00945,0.99055,0.00000
96.00250,0.49500,0.00778,0.99222,0.00000
96.10250,0.49500,0.00423,0.99577,0.00000
96.20250,0.49500,0.00668,0.99332,0.00000
96.30250,0.49500,0.00539,0.99461,0.00000
96.40250,0.49500,0.00333,0.99667,0.00000
96.50250,0.49500,0.00511,0.99489,0.00000
96.60250,0.49500,0.00506,0.99494,0.00000
96.70250,0.49500,0.00519,0.99481,0.00000
96.80250,0.49500,0.00480,0.99520,0.00000
96.90250,0.49500,0.00631,0.99369,0.00000
97.00250,0.49500,0.00518,0.99482,0.00000
97.10250,0.49500,0.01117,0.98883,0.00000
97.20250,0.49500,0.00756,0.99244,0.00000
97.30250,0.49500,0.00554,0.99446,0.00000
97.40250,0.49500,0.00718,0.99282,0.00000
97.50250,0.49500,0.00900,0.99100,0.00000
97.60250,0.49500,0.00947,0.99053,0.00000
97.70250,0.49500,0.00686,0.99314,0.00000
97.80250,0.49500,0.00582,0.99418,0.00000
97.90250,0.49500,0.00514,0.99486,0.00000
98.00250,0.49500,0.00318,0.99682,0.00000
98.10250,0.49500,0.00837,0.99163,0.00000
98.20250,0.49500,0.00898,0.99102,0.00000
98.30250,0.49500,0.00626,0.99374,0.00000
98.40250,0.49500,0.00764,0.99236,0.00000
98.50250,0.49500,0.00735,0.99265,0.00000
98.60250,0.49500,0.00350,0.99650,0.00000
98.70250,0.49500,0.00580,0.99420,0.00000
98.80250,0.49500,0.00375,0.99625,0.00000
98.90250,0.49500,0.00424,0.99576,0.00000
99.00250,0.49500,0.00596,0.99404,0.00000
99.10250,0.49500,0.00434,0.99566,0.00000
99.20250,0.49500,0.00708,0.99292,0.00000
99.30250,0.49500,0.00470,0.99530,0.00000
99.40250,0.49500,0.00382,0.99618,0.00000
99.50250,0.49500,0.00394,0.99606,0.00000
99.60250,0.49500,0.00463,0.99537,0.00000
99.70250,0.49500,0.00596,0.99404,0.00000
99.80250,0.49500,0.00795,0.99205,0.00000
99.90250,0.49500,0.00467,0.99533,0.00000
100.00250,0.49500,0.00744,0.99256,0.00000
100.10250,0.49500,0.00574,0.99426,0.00000
100.20250,0.49500,0.00539,0.99461,0.00000
100.30250,0.49500,0.00567,0.99433,0.00000
100.40250,0.49500,0.00249,0.99751,0.00000
100.50250,0.49500,0.00455,0.99545,0.00000
100.60250,0.49500,0.00505,0.99495,0.00000
100.70250,0.49500,0.00606,0.99394,0.00000
100.80250,0.49500,0.00515,0.99485,0.00000
100.90250,0.49500,0.00457,0.99543,0.00000
101.00250,0.49500,0.00582,0.99418,0.00000
101.10250,0.49500,0.00628,0.99372,0.00000
101.20250,0.49500,0.00651,0.99349,0.00000
101.30250,0.49500,0.00494,0.99506,0.00000
101.40250,0.49500,0.00630,0.99370,0.00000
101.50250,0.49500,0.00366,0.99634,0.00000
101.60250,0.49500,0.00501,0.99499,0.00000
101.70250,0.49500,0.01920,0.98080,0.00000
101.80250,0.49500,0.01220,0.98780,0.00000
101.90250,0.49500,0.01096,0.98904,0.00000
102.00250,0.49500,0.01004,0.98996,0.00000
102.10250,0.49500,0.00810,0.99190,0.00000
102.20250,0.49500,0.00489,0.99511,0.00000
102.30250,0.49500,0.00606,0.99394,0.00000
102.40250,0.49500,0.00797,0.99203,0.00000
102.50250,0.49500,0.00687,0.99313,0.00000
102.60250,0.49500,0.00671,0.99329,0.00000
102.70250,0.49500,0.00657,0.99343,0.00000
102.80250,0.49500,0.00396,0.99604,0.00000
102.90250,0.49500,0.00963,0.99037,0.00000
103.00250,0.49500,0.00496,0.99504,0.00000
103.10250,0.49500,0.00646,0.99354,0.00000
103.20250,0.49500,0.00536,0.99464,0.00000
103.30250,0.49500,0.00405,0.99595,0.00000
103.40250,0.49500,0.00433,0.99567,0.00000
103.50250,0.49500,0.00413,0.99587,0.00000
103.60250,0.49500,0.00556,0.99444,0.00000
103.70250,0.49500,0.01135,0.98865,0.00000
103.80250,0.49500,0.00812,0.99188,0.00000
103.90250,0.49500,0.01287,0.98713,0.00000
104.00250,0.49500,0.00849,0.99151,0.00000
104.10250,0.49500,0.00632,0.99368,0.00000
104.20250,0.49500,0.00611,0.99389,0.00000
104.30250,0.49500,0.00663,0.99337,0.00000
104.40250,0.49500,0.00860,0.99140,0.00000
104.50250,0.49500,0.00745,0.99255,0.00000
104.60250,0.49500,0.00852,0.99148,0.00000
104.70250,0.49500,0.00720,0.99280,0.00000
104.80250,0.49500,0.01059,0.98941,0.00000
104.90250,0.49500,0.02785,0.97215,0.00000
105.00250,0.49500,0.02861,0.97139,0.00000
105.10250,0.49500,0.01990,0.98010,0.00000
105.20250,0.49500,0.03361,0.96639,0.00000
105.30250,0.49500,0.03877,0.96123,0.00000
105.40250,0.49500,0.13117,0.86883,0.00000
105.50250,0.49500,0.19289,0.80711,0.00000
105.60250,0.49500,0.75047,0.24953,0.00000
105.70250,0.49500,1.00000,0.00000,0.00000
105.80250,0.49500,1.00000,0.00000,0.00000
105.90250,0.49500,1.00000,0.00000,0.00000
106.00250,0.49500,1.00000,0.00000,0.00000
106.10250,0.49500,1.00000,0.00000,0.00000
106.20250,0.49500,1.00000,0.00000,0.00000
106.30250,0.49500,1.00000,0.00000,0.00000
106.40250,0.49500,1.00000,0.00000,0.00000
106.50250,0.49500,0.99995,0.00000,0.00005
106.60250,0.49500,0.99664,0.00000,0.00336
106.70250,0.49500,0.99822,0.00000,0.00178
106.80250,0.49500,0.99984,0.00000,0.00016
106.90250,0.49500,0.95975,0.00000,0.04025
107.00250,0.49500,0.99153,0.00000,0.00847
107.10250,0.49500,0.46571,0.00000,0.53429
107.20250,0.49500,0.54075,0.00000,0.45925
107.30250,0.49500,0.03031,0.00000,0.96969
107.40250,0.49500,0.01621,0.00000,0.98379
107.50250,0.49500,0.05505,0.00000,0.94495
107.60250,0.49500,0.01122,0.00000,0.98878
107.70250,0.49500,0.06328,0.00001,0.93672
107.80250,0.49500,0.01268,0.00000,0.98732
107.90250,0.49500,0.05405,0.00000,0.94594
108.00250,0.49500,0.02069,0.00000,0.97931
108.10250,0.49500,0.01091,0.00000,0.98908
108.20250,0.49500,0.00283,0.00000,0.99717
108.30250,0.49500,0.00542,0.00000,0.99458
108.40250,0.49500,0.00997,0.00000,0.99003
108.50250,0.49500,0.02498,0.00000,0.97502
108.60250,0.49500,0.02194,0.00000,0.97806
108.70250,0.49500,0.02128,0.00000,0.97872
108.80250,0.49500,0.04186,0.00000,0.95814
108.90250,0.49500,0.05098,0.00000,0.94902
109.00250,0.49500,0.03237,0.00000,0.96763
109.10250,0.49500,0.06814,0.00000,0.93186
109.20250,0.49500,0.01476,0.00000,0.98524
109.30250,0.49500,0.00315,0.00000,0.99685
109.40250,0.49500,0.00241,0.00000,0.99759
109.50250,0.49500,0.00295,0.00000,0.99705
109.60250,0.49500,0.00235,0.00000,0.99765
109.70250,0.49500,0.00185,0.00000,0.99815
109.80250,0.49500,0.00164,0.00000,0.99836
109.90250,0.49500,0.00198,0.00000,0.99802
110.00250,0.49500,0.00268,0.00000,0.99732
110.10250,0.49500,0.00375,0.00000,0.99625
110.20250,0.49500,0.00264,0.00000,0.99736
110.30250,0.49500,0.00402,0.00000,0.99598
110.40250,0.49500,0.00402,0.00000,0.99598
110.50250,0.49500,0.00241,0.00000,0.99759
110.60250,0.49500,0.00319,0.00000,0.99681
110.70250,0.49500,0.00188,0.00000,0.99812
110.80250,0.49500,0.00315,0.00000,0.99685
110.90250,0.49500,0.00528,0.00000,0.99472
111.00250,0.49500,0.00485,0.00000,0.99515
111.10250,0.49500,0.00539,0.00000,0.99461
111.20250,0.49500,0.00258,0.00000,0.99742
111.30250,0.49500,0.00321,0.00000,0.99679
111.40250,0.49500,0.00257,0.00000,0.99743
111.50250,0.49500,0.00248,0.00000,0.99752
111.60250,0.49500,0.00167,0.00000,0.99833
111.70250,0.49500,0.00178,0.00000,0.99822
111.80250,0.49500,0.00142,0.00000,0.99858
111.90250,0.49500,0.00178,0.00000,0.99822
112.00250,0.49500,0.00251,0.00000,0.99749
112.10250,0.49500,0.00693,0.00000,0.99307
112.20250,0.49500,0.00793,0.00000,0.99207
112.30250,0.49500,0.01203,0.00000,0.98797
112.40250,0.49500,0.00638,0.00000,0.99362
112.50250,0.49500,0.00261,0.00000,0.99739
112.60250,0.49500,0.00228,0.00000,0.99772
112.70250,0.49500,0.00174,0.00000,0.99826
112.80250,0.49500,0.00221,0.00000,0.99779
112.90250,0.49500,0.00171,0.00000,0.99829
113.00250,0.49500,0.00229,0.00000,0.99771
113.10250,0.49500,0.00274,0.00000,0.99726
113.20250,0.49500,0.00224,0.00000,0.99776
113.30250,0.49500,0.00365,0.00000,0.99635
113.40250,0.49500,0.00360,0.00000,0.99640
113.50250,0.49500,0.00175,0.00000,0.99825
113.60250,0.49500,0.00272,0.00000,0.99728
113.70250,0.49500,0.00535,0.00000,0.99465
113.80250,0.49500,0.00667,0.00000,0.99333
113.90250,0.49500,0.01043,0.00000,0.98957
114.00250,0.49500,0.00655,0.00000,0.99345
114.10250,0.49500,0.00405,0.00000,0.99595
114.20250,0.49500,0.00189,0.00000,0.99811
114.30250,0.49500,0.00147,0.00000,0.99853
114.40250,0.49500,0.00416,0.00000,0.99584
114.50250,0.49500,0.00440,0.00000,0.99560
114.60250,0.49500,0.00678,0.00000,0.99322
114.70250,0.49500,0.00684,0.00001,0.99316
114.80250,0.49500,0.00264,0.00000,0.99735
114.90250,0.49500,0.00910,0.00000,0.99090
115.00250,0.49500,0.60622,0.00000,0.39378
115.10250,0.49500,1.00000,0.00000,0.00000
115.20250,0.49500,1.00000,0.00000,0.00000
115.30250,0.49500,1.00000,0.00000,0.00000
115.40250,0.49500,1.00000,0.00000,0.00000
115.50250,0.49500,0.99998,0.00001,0.00000
115.60250,0.49500,1.00000,0.00000,0.00000
115.70250,0.49500,1.00000,0.00000,0.00000
115.80250,0.49500,1.00000,0.00000,0.00000
115.90250,0.49500,1.00000,0.00000,0.00000
116.00250,0.49500,1.00000,0.00000,0.00000
116.10250,0.49500,1.00000,0.00000,0.00000
116.20250,0.49500,0.99761,0.00239,0.00000
116.30250,0.49500,0.90531,0.09452,0.00017
116.40250,0.49500,0.98315,0.01684,0.00001
116.50250,0.49500,0.99934,0.00066,0.00000
116.60250,0.49500,0.99999,0.00001,0.00000
116.70250,0.49500,0.99987,0.00013,0.00000
116.80250,0.49500,0.99361,0.00639,0.00000
116.90250,0.49500,0.92179,0.07821,0.00000
117.00250,0.49500,0.23735,0.76265,0.00000
117.10250,0.49500,0.54818,0.45175,0.00008
117.20250,0.49500,0.98900,0.01082,0.00019
117.30250,0.49500,0.98334,0.00148,0.01519
117.40250,0.49500,0.72699,0.05417,0.21884
117.50250,0.49500,0.91725,0.00066,0.08209
117.60250,0.49500,0.69402,0.00741,0.29857
117.70250,0.49500,0.38184,0.00249,0.61567
117.80250,0.49500,0.26762,0.00790,0.72447
117.90250,0.49500,0.25920,0.00494,0.73585
118.00250,0.49500,0.62125,0.00419,0.37457
118.10250,0.49500,0.98229,0.00328,0.01443
118.20250,0.49500,0.99719,0.00056,0.00225
118.30250,0.49500,0.99975,0.00020,0.00005
118.40250,0.49500,0.99940,0.00060,0.00000
118.50250,0.49500,0.99937,0.00062,0.00001
118.60250,0.49500,0.99055,0.00944,0.00000
118.70250,0.49500,0.99953,0.00047,0.00000
118.80250,0.49500,0.99997,0.00003,0.00000
118.90250,0.49500,0.99979,0.00017,0.00004
119.00250,0.49500,0.99927,0.00046,0.00027
119.10250,0.49500,0.99680,0.00265,0.00055
119.20250,0.49500,0.99165,0.00687,0.00148
119.30250,0.49500,0.99659,0.00230,0.00112
119.40250,0.49500,0.99100,0.00827,0.00073
119.50250,0.49500,0.99424,0.00505,0.00072
119.60250,0.49500,0.91455,0.08093,0.00452
119.70250,0.49500,0.97028,0.00903,0.02069
119.80250,0.49500,0.96506,0.00196,0.03298
119.90250,0.49500,0.76624,0.00262,0.23114
120.00250,0.49500,0.37336,0.00736,0.61929
120.10250,0.49500,0.30459,0.01289,0.68252
120.20250,0.49500,0.06556,0.00967,0.92477
120.30250,0.49500,0.06155,0.00843,0.93002
120.40250,0.49500,0.05165,0.01456,0.93379
120.50250,0.49500,0.01880,0.02242,0.95879
120.60250,0.49500,0.00891,0.00406,0.98703
120.70250,0.49500,0.01040,0.00552,0.98408
120.80250,0.49500,0.01173,0.00450,0.98377
120.90250,0.49500,0.00814,0.00241,0.98945
121.00250,0.49500,0.00736,0.00418,0.98846
121.10250,0.49500,0.01845,0.00344,0.97811
121.20250,0.49500,0.01813,0.00323,0.97865
121.30250,0.49500,0.00876,0.00501,0.98623
121.40250,0.49500,0.01339,0.00209,0.98452
121.50250,0.49500,0.00570,0.00533,0.98897
121.60250,0.49500,0.01090,0.00176,0.98734
121.70250,0.49500,0.00894,0.00154,0.98952
121.80250,0.49500,0.01083,0.00227,0.98691
121.90250,0.49500,0.01192,0.00222,0.98586
122.00250,0.49500,0.01348,0.00289,0.98363
122.10250,0.49500,0.01534,0.00338,0.98129
122.20250,0.49500,0.01973,0.00169,0.97858
122.30250,0.49500,0.03582,0.00675,0.95743
122.40250,0.49500,0.06859,0.00684,0.92457
122.50250,0.49500,0.04084,0.00336,0.95580
122.60250,0.49500,0.06405,0.00640,0.92955
122.70250,0.49500,0.02172,0.00361,0.97467
122.80250,0.49500,0.01592,0.00634,0.97775
122.90250,0.49500,0.01244,0.00506,0.98250
123.00250,0.49500,0.01157,0.00380,0.98462
123.10250,0.49500,0.00812,0.00284,0.98904
123.20250,0.49500,0.00416,0.00237,0.99347
123.30250,0.49500,0.00638,0.00132,0.99230
