Time (seconds), Duration (seconds),pred_(unlabeled),pred_empty_box,pred_table
0.00250,0.49500,0.12500,0.68914,0.18586
0.10250,0.49500,0.12267,0.78114,0.09619
0.20250,0.49500,0.02672,0.94087,0.03241
0.30250,0.49500,0.02438,0.89363,0.08199
0.40250,0.49500,0.01795,0.59146,0.39060
0.50250,0.49500,0.01542,0.79791,0.18667
0.60250,0.49500,0.10113,0.73152,0.16735
0.70250,0.49500,0.25482,0.60472,0.14047
0.80250,0.49500,0.20467,0.41045,0.38488
0.90250,0.49500,0.12118,0.52582,0.35300
1.00250,0.49500,0.04434,0.54652,0.40914
1.10250,0.49500,0.08297,0.33260,0.58443
1.20250,0.49500,0.04163,0.42633,0.53203
1.30250,0.49500,0.02828,0.58925,0.38247
1.40250,0.49500,0.07856,0.76885,0.15258
1.50250,0.49500,0.09443,0.60726,0.29831
1.60250,0.49500,0.15199,0.39686,0.45116
1.70250,0.49500,0.15636,0.04512,0.79852
1.80250,0.49500,0.14412,0.43177,0.42411
1.90250,0.49500,0.22252,0.38581,0.39167
2.00250,0.49500,0.23698,0.22233,0.54069
2.10250,0.49500,0.17116,0.59482,0.23402
2.20250,0.49500,0.41277,0.44666,0.14056
2.30250,0.49500,0.23452,0.45889,0.30659
2.40250,0.49500,0.33165,0.36519,0.30316
2.50250,0.49500,0.04141,0.61086,0.34773
2.60250,0.49500,0.06896,0.75622,0.17482
2.70250,0.49500,0.03000,0.85467,0.11533
2.80250,0.49500,0.00859,0.91050,0.08091
2.90250,0.49500,0.02692,0.86553,0.10755
3.00250,0.49500,0.02152,0.87860,0.09988
3.10250,0.49500,0.03078,0.72370,0.24552
3.20250,0.49500,0.02970,0.87112,0.09918
3.30250,0.49500,0.04360,0.84946,0.10695
3.40250,0.49500,0.01495,0.90340,0.08165
3.50250,0.49500,0.02213,0.82062,0.15725
3.60250,0.49500,0.04206,0.79686,0.16109
3.70250,0.49500,0.03855,0.65164,0.30981
3.80250,0.49500,0.08392,0.75496,0.16111
3.90250,0.49500,0.05165,0.87156,0.07679
4.00250,0.49500,0.07256,0.86485,0.06259
4.10250,0.49500,0.06707,0.80526,0.12766
4.20250,0.49500,0.04232,0.91650,0.04118
4.30250,0.49500,0.05913,0.87623,0.06464
4.40250,0.49500,0.11330,0.81470,0.07200
4.50250,0.49500,0.06650,0.69817,0.23533
4.60250,0.49500,0.02160,0.94822,0.03018
4.70250,0.49500,0.03055,0.88989,0.07956
4.80250,0.49500,0.01297,0.96029,0.02674
4.90250,0.49500,0.02761,0.92830,0.04409
5.00250,0.49500,0.04045,0.92908,0.03048
5.10250,0.49500,0.01248,0.93920,0.04831
5.20250,0.49500,0.07320,0.78793,0.13887
5.30250,0.49500,0.02732,0.91059,0.06209
5.40250,0.49500,0.03628,0.91495,0.04876
5.50250,0.49500,0.09813,0.80827,0.09360
5.60250,0.49500,0.03553,0.79896,0.16551
5.70250,0.49500,0.00951,0.93659,0.05390
5.80250,0.49500,0.01274,0.84040,0.14687
5.90250,0.49500,0.00515,0.92967,0.06518
6.00250,0.49500,0.01330,0.93205,0.05465
6.10250,0.49500,0.06405,0.86993,0.06602
6.20250,0.49500,0.08569,0.57502,0.33929
6.30250,0.49500,0.23739,0.44677,0.31585
6.40250,0.49500,0.10939,0.72716,0.16346
6.50250,0.49500,0.08348,0.85838,0.05814
6.60250,0.49500,0.03292,0.87351,0.09357
6.70250,0.49500,0.02602,0.92049,0.05349
6.80250,0.49500,0.11374,0.80500,0.08127
6.90250,0.49500,0.16306,0.80215,0.03479
7.00250,0.49500,0.17701,0.73446,0.08853
7.10250,0.49500,0.27199,0.68565,0.04235
7.20250,0.49500,0.31248,0.49383,0.19369
7.30250,0.49500,0.05308,0.91760,0.02932
7.40250,0.49500,0.10987,0.78587,0.10426
7.50250,0.49500,0.09804,0.72153,0.18044
7.60250,0.49500,0.03045,0.89984,0.06972
7.70250,0.49500,0.03057,0.73837,0.23106
7.80250,0.49500,0.01554,0.92498,0.05948
7.90250,0.49500,0.03359,0.79196,0.17445
8.00250,0.49500,0.02376,0.92293,0.05331
8.10250,0.49500,0.01052,0.96256,0.02692
8.20250,0.49500,0.01008,0.95769,0.03222
8.30250,0.49500,0.01996,0.89526,0.08479
8.40250,0.49500,0.01237,0.88158,0.10605
8.50250,0.49500,0.00710,0.95641,0.03649
8.60250,0.49500,0.04011,0.89074,0.06915
8.70250,0.49500,0.01992,0.79102,0.18906
8.80250,0.49500,0.01759,0.96262,0.01980
8.90250,0.49500,0.07428,0.78555,0.14017
9.00250,0.49500,0.03591,0.91763,0.04645
9.10250,0.49500,0.04856,0.89285,0.05859
9.20250,0.49500,0.19484,0.64887,0.15629
9.30250,0.49500,0.16284,0.69743,0.13973
9.40250,0.49500,0.10619,0.78873,0.10508
9.50250,0.49500,0.13555,0.64198,0.22247
9.60250,0.49500,0.05444,0.89348,0.05208
9.70250,0.49500,0.11647,0.68956,0.19397
9.80250,0.49500,0.02135,0.92564,0.05301
9.90250,0.49500,0.02872,0.90034,0.07094
10.00250,0.49500,0.01105,0.89752,0.09143
10.10250,0.49500,0.01109,0.89669,0.09222
10.20250,0.49500,0.02188,0.93110,0.04702
10.30250,0.49500,0.05286,0.89752,0.04962
10.40250,0.49500,0.04296,0.85298,0.10406
10.50250,0.49500,0.03205,0.88870,0.07925
10.60250,0.49500,0.01615,0.95335,0.03051
10.70250,0.49500,0.07530,0.90323,0.02146
10.80250,0.49500,0.00818,0.95420,0.03762
10.90250,0.49500,0.01084,0.97536,0.01380
11.00250,0.49500,0.01609,0.89331,0.09060
11.10250,0.49500,0.03233,0.89559,0.07208
11.20250,0.49500,0.00889,0.95653,0.03458
11.30250,0.49500,0.17748,0.62688,0.19563
11.40250,0.49500,0.06685,0.83222,0.10093
11.50250,0.49500,0.06907,0.83919,0.09174
11.60250,0.49500,0.14879,0.75198,0.09923
11.70250,0.49500,0.08645,0.83660,0.07695
11.80250,0.49500,0.03814,0.87741,0.08444
11.90250,0.49500,0.03225,0.90348,0.06427
12.00250,0.49500,0.01777,0.91906,0.06318
12.10250,0.49500,0.01679,0.92113,0.06209
12.20250,0.49500,0.00824,0.92294,0.06882
12.30250,0.49500,0.00912,0.95745,0.03343
12.40250,0.49500,0.00628,0.93407,0.05965
12.50250,0.49500,0.01360,0.90241,0.08399
12.60250,0.49500,0.00860,0.97083,0.02057
12.70250,0.49500,0.02043,0.89962,0.07995
12.80250,0.49500,0.01941,0.90726,0.07334
12.90250,0.49500,0.02641,0.88095,0.09264
13.00250,0.49500,0.01629,0.91488,0.06882
13.10250,0.49500,0.00713,0.98107,0.01181
13.20250,0.49500,0.03567,0.93688,0.02745
13.30250,0.49500,0.02111,0.92313,0.05576
13.40250,0.49500,0.00861,0.96864,0.02275
13.50250,0.49500,0.00373,0.98378,0.01249
13.60250,0.49500,0.00941,0.96007,0.03052
13.70250,0.49500,0.01049,0.97919,0.01032
13.80250,0.49500,0.01487,0.96764,0.01749
13.90250,0.49500,0.00734,0.98450,0.00816
14.00250,0.49500,0.01275,0.95986,0.02740
14.10250,0.49500,0.01257,0.96345,0.02398
14.20250,0.49500,0.00912,0.97953,0.01135
14.30250,0.49500,0.00927,0.97327,0.01746
14.40250,0.49500,0.00316,0.97277,0.02407
14.50250,0.49500,0.00164,0.99153,0.00683
14.60250,0.49500,0.00363,0.96928,0.02710
14.70250,0.49500,0.00435,0.98176,0.01389
14.80250,0.49500,0.00504,0.96339,0.03157
14.90250,0.49500,0.01177,0.95530,0.03293
15.00250,0.49500,0.01265,0.95905,0.02830
15.10250,0.49500,0.04659,0.87411,0.07930
15.20250,0.49500,0.03697,0.84832,0.11471
15.30250,0.49500,0.06107,0.86147,0.07746
15.40250,0.49500,0.19655,0.63948,0.16397
15.50250,0.49500,0.07387,0.74214,0.18399
15.60250,0.49500,0.16685,0.70483,0.12832
15.70250,0.49500,0.01479,0.95091,0.03429
15.80250,0.49500,0.00614,0.98487,0.00898
15.90250,0.49500,0.02685,0.93125,0.04191
16.00250,0.49500,0.08190,0.87394,0.04416
16.10250,0.49500,0.03099,0.94079,0.02822
16.20250,0.49500,0.06933,0.88030,0.05037
16.30250,0.49500,0.02630,0.83755,0.13616
16.40250,0.49500,0.02297,0.85941,0.11762
16.50250,0.49500,0.02083,0.95390,0.02527
16.60250,0.49500,0.17878,0.70029,0.12093
16.70250,0.49500,0.10105,0.85656,0.04240
16.80250,0.49500,0.06184,0.92267,0.01549
16.90250,0.49500,0.18070,0.80640,0.01290
17.00250,0.49500,0.11627,0.75463,0.12910
17.10250,0.49500,0.02995,0.93773,0.03233
17.20250,0.49500,0.02825,0.95814,0.01361
17.30250,0.49500,0.06090,0.76548,0.17362
17.40250,0.49500,0.04947,0.90363,0.04690
17.50250,0.49500,0.04362,0.93526,0.02113
17.60250,0.49500,0.03034,0.96211,0.00755
17.70250,0.49500,0.00748,0.95097,0.04154
17.80250,0.49500,0.04021,0.93316,0.02663
17.90250,0.49500,0.14599,0.82431,0.02971
18.00250,0.49500,0.07100,0.84353,0.08547
18.10250,0.49500,0.03841,0.94633,0.01526
18.20250,0.49500,0.06744,0.88248,0.05009
18.30250,0.49500,0.01706,0.95090,0.03204
18.40250,0.49500,0.02742,0.89595,0.07663
18.50250,0.49500,0.03565,0.94212,0.02222
18.60250,0.49500,0.01870,0.93718,0.04412
18.70250,0.49500,0.00881,0.98194,0.00925
18.80250,0.49500,0.00770,0.96910,0.02320
18.90250,0.49500,0.05425,0.91453,0.03122
19.00250,0.49500,0.06047,0.88891,0.05062
19.10250,0.49500,0.05136,0.90049,0.04815
19.20250,0.49500,0.02924,0.96041,0.01036
19.30250,0.49500,0.02710,0.93326,0.03964
19.40250,0.49500,0.01147,0.97491,0.01362
19.50250,0.49500,0.02063,0.92034,0.05903
19.60250,0.49500,0.00856,0.97717,0.01427
19.70250,0.49500,0.01127,0.94418,0.04455
19.80250,0.49500,0.04885,0.89147,0.05969
19.90250,0.49500,0.05211,0.85352,0.09437
20.00250,0.49500,0.11970,0.50428,0.37601
20.10250,0.49500,0.06112,0.83903,0.09985
20.20250,0.49500,0.07118,0.58058,0.34824
20.30250,0.49500,0.12157,0.80226,0.07617
20.40250,0.49500,0.08737,0.70934,0.20329
20.50250,0.49500,0.05719,0.82228,0.12053
20.60250,0.49500,0.04114,0.75461,0.20425
20.70250,0.49500,0.03297,0.91362,0.05341
20.80250,0.49500,0.00984,0.96763,0.02253
20.90250,0.49500,0.00505,0.97498,0.01996
21.00250,0.49500,0.00478,0.98729,0.00793
21.10250,0.49500,0.02049,0.92807,0.05143
21.20250,0.49500,0.03394,0.94584,0.02022
21.30250,0.49500,0.02033,0.92441,0.05526
21.40250,0.49500,0.03351,0.89016,0.07633
21.50250,0.49500,0.02635,0.90599,0.06766
21.60250,0.49500,0.01224,0.94786,0.03990
21.70250,0.49500,0.02911,0.86327,0.10761
21.80250,0.49500,0.03250,0.90574,0.06176
21.90250,0.49500,0.04138,0.81806,0.14057
22.00250,0.49500,0.01511,0.95002,0.03487
22.10250,0.49500,0.01244,0.96840,0.01915
22.20250,0.49500,0.09314,0.82888,0.07797
22.30250,0.49500,0.05157,0.90651,0.04192
22.40250,0.49500,0.05921,0.84478,0.09601
22.50250,0.49500,0.05227,0.60317,0.34457
22.60250,0.49500,0.02416,0.82458,0.15126
22.70250,0.49500,0.03801,0.69266,0.26933
22.80250,0.49500,0.02247,0.72793,0.24960
22.90250,0.49500,0.01382,0.87435,0.11183
23.00250,0.49500,0.02290,0.83998,0.13711
23.10250,0.49500,0.02511,0.86154,0.11336
23.20250,0.49500,0.03483,0.80233,0.16284
23.30250,0.49500,0.05213,0.80032,0.14755
23.40250,0.49500,0.07406,0.87055,0.05539
23.50250,0.49500,0.01637,0.88591,0.09772
23.60250,0.49500,0.02118,0.94334,0.03548
23.70250,0.49500,0.00720,0.89652,0.09628
23.80250,0.49500,0.01419,0.95451,0.03130
23.90250,0.49500,0.02845,0.85241,0.11914
24.00250,0.49500,0.02042,0.96215,0.01743
24.10250,0.49500,0.01483,0.94340,0.04177
24.20250,0.49500,0.01552,0.95961,0.02487
24.30250,0.49500,0.00393,0.97354,0.02253
24.40250,0.49500,0.00743,0.95203,0.04055
24.50250,0.49500,0.00492,0.98266,0.01242
24.60250,0.49500,0.00725,0.95164,0.04111
24.70250,0.49500,0.02428,0.92741,0.04831
24.80250,0.49500,0.01017,0.96646,0.02336
24.90250,0.49500,0.05046,0.83181,0.11773
25.00250,0.49500,0.04197,0.87236,0.08567
25.10250,0.49500,0.00998,0.94378,0.04623
25.20250,0.49500,0.05269,0.74357,0.20374
25.30250,0.49500,0.05205,0.92756,0.02039
25.40250,0.49500,0.16824,0.74548,0.08628
25.50250,0.49500,0.19314,0.74534,0.06151
25.60250,0.49500,0.09929,0.86016,0.04055
25.70250,0.49500,0.07196,0.76779,0.16024
25.80250,0.49500,0.04847,0.83286,0.11867
25.90250,0.49500,0.00730,0.90167,0.09103
26.00250,0.49500,0.10295,0.72929,0.16776
26.10250,0.49500,0.04871,0.41640,0.53488
26.20250,0.49500,0.10458,0.60701,0.28842
26.30250,0.49500,0.15744,0.18120,0.66136
26.40250,0.49500,0.09714,0.77129,0.13156
26.50250,0.49500,0.05006,0.51606,0.43388
26.60250,0.49500,0.07717,0.21135,0.71148
26.70250,0.49500,0.02625,0.71465,0.25910
26.80250,0.49500,0.03882,0.43406,0.52712
26.90250,0.49500,0.14161,0.33392,0.52447
27.00250,0.49500,0.19948,0.33613,0.46439
27.10250,0.49500,0.14158,0.42040,0.43802
27.20250,0.49500,0.05951,0.62290,0.31759
27.30250,0.49500,0.07467,0.35910,0.56623
27.40250,0.49500,0.06050,0.58572,0.35379
27.50250,0.49500,0.11844,0.40086,0.48070
27.60250,0.49500,0.02653,0.75375,0.21973
27.70250,0.49500,0.07981,0.40891,0.51129
27.80250,0.49500,0.05031,0.54238,0.40732
27.90250,0.49500,0.02111,0.83639,0.14250
28.00250,0.49500,0.02500,0.71941,0.25558
28.10250,0.49500,0.03202,0.84527,0.12271
28.20250,0.49500,0.14644,0.20200,0.65156
28.30250,0.49500,0.36158,0.52186,0.11655
28.40250,0.49500,0.16105,0.77181,0.06713
28.50250,0.49500,0.28514,0.57586,0.13900
28.60250,0.49500,0.03779,0.88694,0.07527
28.70250,0.49500,0.02819,0.87395,0.09785
28.80250,0.49500,0.01424,0.92525,0.06052
28.90250,0.49500,0.01638,0.90757,0.07606
29.00250,0.49500,0.01592,0.93085,0.05323
29.10250,0.49500,0.00933,0.95721,0.03346
29.20250,0.49500,0.01577,0.90591,0.07832
29.30250,0.49500,0.01026,0.95016,0.03958
29.40250,0.49500,0.02328,0.80923,0.16748
29.50250,0.49500,0.03211,0.91849,0.04940
29.60250,0.49500,0.06154,0.84816,0.09030
29.70250,0.49500,0.06388,0.81418,0.12194
29.80250,0.49500,0.02701,0.74731,0.22568
29.90250,0.49500,0.02589,0.91320,0.06091
30.00250,0.49500,0.05659,0.81451,0.12890
30.10250,0.49500,0.04576,0.72681,0.22743
30.20250,0.49500,0.08083,0.62823,0.29094
30.30250,0.49500,0.06848,0.51771,0.41381
30.40250,0.49500,0.08287,0.75307,0.16406
30.50250,0.49500,0.13137,0.58021,0.28843
30.60250,0.49500,0.06153,0.84383,0.09465
30.70250,0.49500,0.12938,0.33729,0.53333
30.80250,0.49500,0.24513,0.62343,0.13145
30.90250,0.49500,0.08895,0.62251,0.28854
31.00250,0.49500,0.20289,0.37901,0.41809
31.10250,0.49500,0.05664,0.85917,0.08419
31.20250,0.49500,0.09885,0.43670,0.46444
31.30250,0.49500,0.16638,0.62616,0.20747
31.40250,0.49500,0.18648,0.53732,0.27620
31.50250,0.49500,0.46600,0.35582,0.17818
31.60250,0.49500,0.15381,0.64533,0.20085
31.70250,0.49500,0.16612,0.41311,0.42077
31.80250,0.49500,0.08797,0.65604,0.25599
31.90250,0.49500,0.05747,0.68903,0.25350
32.00250,0.49500,0.02695,0.94746,0.02559
32.10250,0.49500,0.06946,0.70319,0.22735
32.20250,0.49500,0.06432,0.72423,0.21145
32.30250,0.49500,0.06922,0.73271,0.19807
32.40250,0.49500,0.09186,0.59768,0.31046
32.50250,0.49500,0.05662,0.62912,0.31426
32.60250,0.49500,0.02024,0.87270,0.10706
32.70250,0.49500,0.04032,0.85584,0.10384
32.80250,0.49500,0.07357,0.69909,0.22733
32.90250,0.49500,0.01591,0.89116,0.09293
33.00250,0.49500,0.03905,0.75319,0.20776
33.10250,0.49500,0.01718,0.77700,0.20583
33.20250,0.49500,0.02439,0.48546,0.49015
33.30250,0.49500,0.05051,0.88751,0.06198
33.40250,0.49500,0.03349,0.83873,0.12779
33.50250,0.49500,0.08949,0.60163,0.30888
33.60250,0.49500,0.08938,0.50824,0.40238
33.70250,0.49500,0.08087,0.80686,0.11227
33.80250,0.49500,0.08371,0.58582,0.33047
33.90250,0.49500,0.08958,0.84690,0.06352
34.00250,0.49500,0.05736,0.64744,0.29520
34.10250,0.49500,0.20828,0.51690,0.27481
34.20250,0.49500,0.09814,0.44538,0.45649
34.30250,0.49500,0.12593,0.44665,0.42742
34.40250,0.49500,0.06134,0.27554,0.66312
34.50250,0.49500,0.04918,0.37776,0.57307
34.60250,0.49500,0.03871,0.58446,0.37682
34.70250,0.49500,0.09227,0.49219,0.41554
34.80250,0.49500,0.11518,0.44356,0.44126
34.90250,0.49500,0.16453,0.55184,0.28363
35.00250,0.49500,0.07496,0.10162,0.82342
35.10250,0.49500,0.04090,0.44838,0.51072
35.20250,0.49500,0.08826,0.70177,0.20997
35.30250,0.49500,0.06945,0.75072,0.17983
35.40250,0.49500,0.03742,0.82568,0.13691
35.50250,0.49500,0.01240,0.93998,0.04761
35.60250,0.49500,0.01821,0.91636,0.06543
35.70250,0.49500,0.02464,0.86983,0.10553
35.80250,0.49500,0.03333,0.73991,0.22676
35.90250,0.49500,0.05779,0.65504,0.28717
36.00250,0.49500,0.03622,0.84450,0.11928
36.10250,0.49500,0.04994,0.90798,0.04208
36.20250,0.49500,0.21364,0.42412,0.36224
36.30250,0.49500,0.12566,0.81748,0.05686
36.40250,0.49500,0.18018,0.56426,0.25556
36.50250,0.49500,0.17099,0.43819,0.39082
36.60250,0.49500,0.06617,0.78045,0.15338
36.70250,0.49500,0.11729,0.69529,0.18742
36.80250,0.49500,0.12202,0.73573,0.14225
36.90250,0.49500,0.05797,0.68498,0.25705
37.00250,0.49500,0.14280,0.79114,0.06606
37.10250,0.49500,0.44205,0.35376,0.20419
37.20250,0.49500,0.48945,0.33854,0.17201
37.30250,0.49500,0.15479,0.65208,0.19314
37.40250,0.49500,0.04684,0.67011,0.28305
37.50250,0.49500,0.02495,0.59723,0.37782
37.60250,0.49500,0.03164,0.84932,0.11904
37.70250,0.49500,0.02004,0.84795,0.13201
37.80250,0.49500,0.06294,0.89704,0.04002
37.90250,0.49500,0.06425,0.55580,0.37994
38.00250,0.49500,0.06221,0.90213,0.03566
38.10250,0.49500,0.08481,0.61166,0.30352
38.20250,0.49500,0.16199,0.79375,0.04426
38.30250,0.49500,0.04603,0.76066,0.19331
38.40250,0.49500,0.03735,0.92647,0.03619
38.50250,0.49500,0.03622,0.89598,0.06780
38.60250,0.49500,0.01769,0.90188,0.08043
38.70250,0.49500,0.06186,0.90283,0.03531
38.80250,0.49500,0.02625,0.90475,0.06900
38.90250,0.49500,0.04724,0.89652,0.05625
39.00250,0.49500,0.02695,0.74741,0.22564
39.10250,0.49500,0.03850,0.88091,0.08059
39.20250,0.49500,0.02430,0.86658,0.10911
39.30250,0.49500,0.07062,0.68332,0.24605
39.40250,0.49500,0.07015,0.57717,0.35267
39.50250,0.49500,0.04142,0.89631,0.06227
39.60250,0.49500,0.05971,0.86935,0.07094
39.70250,0.49500,0.02581,0.91066,0.06352
39.80250,0.49500,0.03604,0.92341,0.04055
39.90250,0.49500,0.06482,0.74831,0.18687
40.00250,0.49500,0.08816,0.76754,0.14430
40.10250,0.49500,0.16634,0.65709,0.17657
40.20250,0.49500,0.23902,0.56766,0.19332
40.30250,0.49500,0.18450,0.33870,0.47679
40.40250,0.49500,0.20273,0.25474,0.54253
40.50250,0.49500,0.08776,0.77431,0.13793
40.60250,0.49500,0.16481,0.45380,0.38138
40.70250,0.49500,0.04588,0.54512,0.40899
40.80250,0.49500,0.03189,0.59290,0.37521
40.90250,0.49500,0.06561,0.74063,0.19376
41.00250,0.49500,0.03822,0.90001,0.06177
41.10250,0.49500,0.06426,0.79011,0.14562
41.20250,0.49500,0.02431,0.93726,0.03843
41.30250,0.49500,0.02431,0.85003,0.12566
41.40250,0.49500,0.05155,0.85460,0.09385
41.50250,0.49500,0.01963,0.92117,0.05920
41.60250,0.49500,0.01150,0.93815,0.05035
41.70250,0.49500,0.00738,0.91970,0.07292
41.80250,0.49500,0.01928,0.93922,0.04150
41.90250,0.49500,0.02580,0.79558,0.17862
42.00250,0.49500,0.03364,0.78504,0.18132
42.10250,0.49500,0.04933,0.67643,0.27424
42.20250,0.49500,0.01615,0.86685,0.11699
42.30250,0.49500,0.01089,0.84647,0.14265
42.40250,0.49500,0.01925,0.90131,0.07944
42.50250,0.49500,0.02301,0.81702,0.15996
42.60250,0.49500,0.03292,0.76005,0.20703
42.70250,0.49500,0.05826,0.78020,0.16154
42.80250,0.49500,0.05525,0.74115,0.20360
42.90250,0.49500,0.06434,0.50067,0.43498
43.00250,0.49500,0.04677,0.62980,0.32343
43.10250,0.49500,0.04773,0.53867,0.41360
43.20250,0.49500,0.01143,0.73207,0.25650
43.30250,0.49500,0.00850,0.78801,0.20350
43.40250,0.49500,0.02021,0.86582,0.11397
43.50250,0.49500,0.05264,0.65170,0.29566
43.60250,0.49500,0.04738,0.74879,0.20383
43.70250,0.49500,0.07106,0.75201,0.17693
43.80250,0.49500,0.06327,0.41561,0.52112
43.90250,0.49500,0.02819,0.65623,0.31558
44.00250,0.49500,0.05267,0.82476,0.12256
44.10250,0.49500,0.06517,0.78957,0.14526
44.20250,0.49500,0.12384,0.76495,0.11121
44.30250,0.49500,0.05606,0.86695,0.07699
44.40250,0.49500,0.08191,0.88081,0.03729
44.50250,0.49500,0.09281,0.85323,0.05396
44.60250,0.49500,0.16485,0.77477,0.06037
44.70250,0.49500,0.18574,0.75300,0.06126
44.80250,0.49500,0.12044,0.59375,0.28581
44.90250,0.49500,0.06236,0.85114,0.08651
45.00250,0.49500,0.01076,0.90129,0.08795
45.10250,0.49500,0.01750,0.93894,0.04355
45.20250,0.49500,0.06596,0.72775,0.20629
45.30250,0.49500,0.09563,0.81673,0.08763
45.40250,0.49500,0.02986,0.90451,0.06564
45.50250,0.49500,0.08346,0.66437,0.25217
45.60250,0.49500,0.03617,0.86138,0.10245
45.70250,0.49500,0.01425,0.94431,0.04144
45.80250,0.49500,0.12021,0.77273,0.10706
45.90250,0.49500,0.10768,0.81573,0.07660
46.00250,0.49500,0.18070,0.49201,0.32728
46.10250,0.49500,0.37869,0.43827,0.18305
46.20250,0.49500,0.24764,0.62919,0.12317
46.30250,0.49500,0.10389,0.54123,0.35489
46.40250,0.49500,0.07509,0.80275,0.12216
46.50250,0.49500,0.02807,0.66729,0.30464
46.60250,0.49500,0.01342,0.88311,0.10348
46.70250,0.49500,0.02450,0.82269,0.15282
46.80250,0.49500,0.01867,0.82952,0.15181
46.90250,0.49500,0.03620,0.87649,0.08731
47.00250,0.49500,0.05131,0.89760,0.05109
47.10250,0.49500,0.05382,0.82993,0.11625
47.20250,0.49500,0.10579,0.74629,0.14792
47.30250,0.49500,0.06215,0.82354,0.11432
47.40250,0.49500,0.05272,0.90496,0.04232
47.50250,0.49500,0.13038,0.69802,0.17160
47.60250,0.49500,0.27759,0.57353,0.14888
47.70250,0.49500,0.08075,0.77449,0.14476
47.80250,0.49500,0.05902,0.88327,0.05772
47.90250,0.49500,0.14654,0.47195,0.38151
48.00250,0.49500,0.08899,0.83454,0.07647
48.10250,0.49500,0.21130,0.62136,0.16734
48.20250,0.49500,0.10415,0.86688,0.02897
48.30250,0.49500,0.06462,0.68562,0.24975
48.40250,0.49500,0.04069,0.80073,0.15858
48.50250,0.49500,0.01316,0.93410,0.05274
48.60250,0.49500,0.01933,0.78915,0.19151
48.70250,0.49500,0.01627,0.85104,0.13269
48.80250,0.49500,0.03351,0.75858,0.20791
48.90250,0.49500,0.05116,0.90814,0.04070
49.00250,0.49500,0.07988,0.76033,0.15979
49.10250,0.49500,0.05324,0.91242,0.03434
49.20250,0.49500,0.08487,0.76950,0.14564
49.30250,0.49500,0.03461,0.94277,0.02262
49.40250,0.49500,0.04453,0.74399,0.21147
49.50250,0.49500,0.02362,0.94313,0.03325
49.60250,0.49500,0.01156,0.96318,0.02526
49.70250,0.49500,0.02598,0.93869,0.03533
49.80250,0.49500,0.01853,0.95208,0.02939
49.90250,0.49500,0.01414,0.97072,0.01514
50.00250,0.49500,0.05774,0.80850,0.13377
50.10250,0.49500,0.02208,0.86136,0.11656
50.20250,0.49500,0.08776,0.45507,0.45717
50.30250,0.49500,0.17783,0.73973,0.08245
50.40250,0.49500,0.09568,0.74762,0.15670
50.50250,0.49500,0.08470,0.34484,0.57046
50.60250,0.49500,0.13183,0.52155,0.34661
50.70250,0.49500,0.05201,0.48288,0.46511
50.80250,0.49500,0.05023,0.71528,0.23449
50.90250,0.49500,0.02534,0.73132,0.24335
51.00250,0.49500,0.03205,0.70721,0.26074
51.10250,0.49500,0.07663,0.68884,0.23453
51.20250,0.49500,0.04254,0.69086,0.26660
51.30250,0.49500,0.06707,0.79873,0.13420
51.40250,0.49500,0.04953,0.54861,0.40186
51.50250,0.49500,0.03436,0.78573,0.17991
51.60250,0.49500,0.03789,0.53091,0.43119
51.70250,0.49500,0.04181,0.78917,0.16903
51.80250,0.49500,0.08600,0.46708,0.44692
51.90250,0.49500,0.11516,0.53944,0.34540
52.00250,0.49500,0.04057,0.84920,0.11023
52.10250,0.49500,0.09126,0.59462,0.31412
52.20250,0.49500,0.27318,0.60588,0.12094
52.30250,0.49500,0.20381,0.66029,0.13591
52.40250,0.49500,0.14580,0.83266,0.02155
52.50250,0.49500,0.16547,0.48465,0.34988
52.60250,0.49500,0.13751,0.74883,0.11367
52.70250,0.49500,0.17203,0.68396,0.14401
52.80250,0.49500,0.19597,0.68955,0.11448
52.90250,0.49500,0.12693,0.78562,0.08745
53.00250,0.49500,0.05384,0.80403,0.14213
53.10250,0.49500,0.05091,0.91001,0.03908
53.20250,0.49500,0.02151,0.95100,0.02748
53.30250,0.49500,0.03496,0.93528,0.02977
53.40250,0.49500,0.02593,0.91819,0.05588
53.50250,0.49500,0.02321,0.87827,0.09852
53.60250,0.49500,0.03798,0.75341,0.20861
53.70250,0.49500,0.04156,0.80162,0.15682
53.80250,0.49500,0.08423,0.47184,0.44392
53.90250,0.49500,0.20801,0.67830,0.11369
54.00250,0.49500,0.06592,0.76368,0.17040
54.10250,0.49500,0.20574,0.60478,0.18949
54.20250,0.49500,0.06356,0.86603,0.07040
54.30250,0.49500,0.11801,0.64232,0.23966
54.40250,0.49500,0.18429,0.67589,0.13982
54.50250,0.49500,0.02579,0.77299,0.20122
54.60250,0.49500,0.04474,0.89635,0.05892
54.70250,0.49500,0.02653,0.82572,0.14775
54.80250,0.49500,0.02055,0.94268,0.03676
54.90250,0.49500,0.05190,0.82262,0.12548
55.00250,0.49500,0.30234,0.46088,0.23678
55.10250,0.49500,0.24554,0.69679,0.05768
55.20250,0.49500,0.40046,0.40229,0.19725
55.30250,0.49500,0.40782,0.34355,0.24863
55.40250,0.49500,0.03991,0.82300,0.13709
55.50250,0.49500,0.04381,0.77436,0.18183
55.60250,0.49500,0.05780,0.80256,0.13964
55.70250,0.49500,0.12241,0.79717,0.08042
55.80250,0.49500,0.10781,0.81713,0.07506
55.90250,0.49500,0.56272,0.33400,0.10329
56.00250,0.49500,0.32434,0.39595,0.27971
56.10250,0.49500,0.31180,0.58214,0.10605
56.20250,0.49500,0.17024,0.40423,0.42553
56.30250,0.49500,0.09149,0.78488,0.12363
56.40250,0.49500,0.07233,0.82287,0.10480
56.50250,0.49500,0.01888,0.95596,0.02516
56.60250,0.49500,0.01661,0.84778,0.13561
56.70250,0.49500,0.01447,0.91163,0.07390
56.80250,0.49500,0.00859,0.96708,0.02433
56.90250,0.49500,0.01552,0.95418,0.03030
57.00250,0.49500,0.02478,0.94224,0.03298
57.10250,0.49500,0.06745,0.85390,0.07865
57.20250,0.49500,0.02348,0.90745,0.06907
57.30250,0.49500,0.03159,0.90965,0.05876
57.40250,0.49500,0.02288,0.86930,0.10782
57.50250,0.49500,0.03504,0.91902,0.04594
57.60250,0.49500,0.01640,0.89430,0.08929
57.70250,0.49500,0.02428,0.94333,0.03239
57.80250,0.49500,0.00895,0.91015,0.08090
57.90250,0.49500,0.01278,0.95660,0.03062
58.00250,0.49500,0.00973,0.93419,0.05608
58.10250,0.49500,0.01628,0.86186,0.12185
58.20250,0.49500,0.03175,0.79900,0.16925
58.30250,0.49500,0.02530,0.85332,0.12138
58.40250,0.49500,0.01924,0.66055,0.32021
58.50250,0.49500,0.03525,0.87473,0.09002
58.60250,0.49500,0.02667,0.75800,0.21532
58.70250,0.49500,0.05510,0.81965,0.12526
58.80250,0.49500,0.04134,0.68444,0.27422
58.90250,0.49500,0.03056,0.90401,0.06544
59.00250,0.49500,0.03559,0.85987,0.10454
59.10250,0.49500,0.03625,0.93176,0.03200
59.20250,0.49500,0.04070,0.61819,0.34112
59.30250,0.49500,0.04214,0.80928,0.14858
59.40250,0.49500,0.02419,0.87565,0.10016
59.50250,0.49500,0.04896,0.66741,0.28363
59.60250,0.49500,0.01935,0.92146,0.05919
59.70250,0.49500,0.04184,0.84562,0.11254
59.80250,0.49500,0.02767,0.88825,0.08408
59.90250,0.49500,0.01176,0.88648,0.10176
60.00250,0.49500,0.01512,0.84058,0.14431
60.10250,0.49500,0.01404,0.96700,0.01896
60.20250,0.49500,0.02502,0.87014,0.10485
60.30250,0.49500,0.01095,0.88684,0.10221
60.40250,0.49500,0.01478,0.83213,0.15310
60.50250,0.49500,0.04406,0.76861,0.18733
60.60250,0.49500,0.12059,0.80746,0.07195
60.70250,0.49500,0.10943,0.71601,0.17457
60.80250,0.49500,0.04708,0.90135,0.05157
60.90250,0.49500,0.02122,0.85483,0.12394
61.00250,0.49500,0.02789,0.87734,0.09478
61.10250,0.49500,0.01794,0.88906,0.09299
61.20250,0.49500,0.01406,0.93935,0.04660
61.30250,0.49500,0.01195,0.93840,0.04965
61.40250,0.49500,0.03183,0.87794,0.09023
61.50250,0.49500,0.04731,0.80657,0.14612
61.60250,0.49500,0.03590,0.92550,0.03860
61.70250,0.49500,0.08645,0.67800,0.23555
61.80250,0.49500,0.26015,0.54481,0.19504
61.90250,0.49500,0.06176,0.77189,0.16635
62.00250,0.49500,0.06475,0.70721,0.22804
62.10250,0.49500,0.04807,0.59123,0.36069
62.20250,0.49500,0.05303,0.79943,0.14754
62.30250,0.49500,0.11347,0.59187,0.29467
62.40250,0.49500,0.09349,0.68254,0.22397
62.50250,0.49500,0.10233,0.37593,0.52174
62.60250,0.49500,0.14193,0.59127,0.26679
62.70250,0.49500,0.04633,0.70499,0.24868
62.80250,0.49500,0.03272,0.88991,0.07738
62.90250,0.49500,0.02763,0.78281,0.18956
63.00250,0.49500,0.04132,0.88850,0.07018
63.10250,0.49500,0.02149,0.84238,0.13613
63.20250,0.49500,0.13992,0.73087,0.12922
63.30250,0.49500,0.07804,0.80352,0.11844
63.40250,0.49500,0.12101,0.82633,0.05266
63.50250,0.49500,0.16427,0.73700,0.09872
63.60250,0.49500,0.14577,0.69019,0.16404
63.70250,0.49500,0.03863,0.92346,0.03791
63.80250,0.49500,0.06305,0.80063,0.13632
63.90250,0.49500,0.00993,0.94869,0.04138
64.00250,0.49500,0.00837,0.86515,0.12648
64.10250,0.49500,0.01104,0.94854,0.04043
64.20250,0.49500,0.03456,0.81894,0.14650
64.30250,0.49500,0.04932,0.84053,0.11015
64.40250,0.49500,0.06745,0.76359,0.16896
64.50250,0.49500,0.09242,0.72210,0.18548
64.60250,0.49500,0.20597,0.44811,0.34592
64.70250,0.49500,0.11604,0.69925,0.18471
64.80250,0.49500,0.04557,0.69558,0.25885
64.90250,0.49500,0.02530,0.46929,0.50542
65.00250,0.49500,0.01753,0.80358,0.17889
65.10250,0.49500,0.02868,0.90058,0.07074
65.20250,0.49500,0.07148,0.82787,0.10065
65.30250,0.49500,0.10036,0.67834,0.22131
65.40250,0.49500,0.07615,0.83368,0.09017
65.50250,0.49500,0.04620,0.83233,0.12147
65.60250,0.49500,0.05393,0.84279,0.10328
65.70250,0.49500,0.01733,0.95058,0.03209
65.80250,0.49500,0.04810,0.79828,0.15361
65.90250,0.49500,0.03347,0.90842,0.05811
66.00250,0.49500,0.01067,0.87599,0.11333
66.10250,0.49500,0.09071,0.77327,0.13603
66.20250,0.49500,0.02633,0.94604,0.02763
66.30250,0.49500,0.01447,0.90064,0.08489
66.40250,0.49500,0.01522,0.93929,0.04549
66.50250,0.49500,0.00990,0.95254,0.03757
66.60250,0.49500,0.01361,0.91728,0.06911
66.70250,0.49500,0.01270,0.90706,0.08024
66.80250,0.49500,0.02063,0.87420,0.10517
66.90250,0.49500,0.01917,0.90389,0.07694
67.00250,0.49500,0.03757,0.90967,0.05276
67.10250,0.49500,0.03951,0.75830,0.20219
67.20250,0.49500,0.01952,0.92362,0.05686
67.30250,0.49500,0.01148,0.63156,0.35696
67.40250,0.49500,0.01149,0.93193,0.05658
67.50250,0.49500,0.00905,0.91054,0.08040
67.60250,0.49500,0.04988,0.42636,0.52376
67.70250,0.49500,0.02965,0.78519,0.18516
67.80250,0.49500,0.08303,0.73623,0.18073
67.90250,0.49500,0.10291,0.79965,0.09744
68.00250,0.49500,0.09396,0.63867,0.26737
68.10250,0.49500,0.25457,0.59999,0.14544
68.20250,0.49500,0.15303,0.41414,0.43283
68.30250,0.49500,0.10717,0.75156,0.14127
68.40250,0.49500,0.03843,0.56070,0.40087
68.50250,0.49500,0.02165,0.71874,0.25961
68.60250,0.49500,0.04010,0.65521,0.30470
68.70250,0.49500,0.12389,0.53146,0.34466
68.80250,0.49500,0.25387,0.31048,0.43565
68.90250,0.49500,0.26688,0.67825,0.05486
69.00250,0.49500,0.45817,0.47598,0.06585
69.10250,0.49500,0.33592,0.56163,0.10244
69.20250,0.49500,0.09231,0.13062,0.77707
69.30250,0.49500,0.03838,0.70938,0.25224
69.40250,0.49500,0.09289,0.70517,0.20193
69.50250,0.49500,0.10330,0.81635,0.08036
69.60250,0.49500,0.03157,0.92102,0.04741
69.70250,0.49500,0.03146,0.95982,0.00873
69.80250,0.49500,0.18217,0.73892,0.07891
69.90250,0.49500,0.21709,0.36644,0.41647
70.00250,0.49500,0.08734,0.50251,0.41015
70.10250,0.49500,0.31906,0.33987,0.34107
70.20250,0.49500,0.49878,0.35853,0.14269
70.30250,0.49500,0.14312,0.71028,0.14660
70.40250,0.49500,0.24711,0.21040,0.54249
70.50250,0.49500,0.21983,0.67170,0.10847
70.60250,0.49500,0.03227,0.37208,0.59565
70.70250,0.49500,0.14308,0.58204,0.27488
70.80250,0.49500,0.06154,0.80218,0.13628
70.90250,0.49500,0.09015,0.73008,0.17977
71.00250,0.49500,0.22103,0.42749,0.35148
71.10250,0.49500,0.44977,0.36705,0.18318
71.20250,0.49500,0.16196,0.46724,0.37080
71.30250,0.49500,0.12600,0.82387,0.05013
71.40250,0.49500,0.07793,0.60638,0.31569
71.50250,0.49500,0.05112,0.78813,0.16075
71.60250,0.49500,0.08813,0.88425,0.02762
71.70250,0.49500,0.09927,0.74016,0.16057
71.80250,0.49500,0.07428,0.85768,0.06804
71.90250,0.49500,0.15092,0.67401,0.17507
72.00250,0.49500,0.14886,0.77327,0.07787
72.10250,0.49500,0.06463,0.81190,0.12348
72.20250,0.49500,0.08999,0.81638,0.09363
72.30250,0.49500,0.02197,0.91049,0.06754
72.40250,0.49500,0.02188,0.75949,0.21863
72.50250,0.49500,0.02395,0.66151,0.31454
72.60250,0.49500,0.08431,0.72633,0.18936
72.70250,0.49500,0.07807,0.33016,0.59177
72.80250,0.49500,0.13109,0.80742,0.06149
72.90250,0.49500,0.21715,0.48080,0.30205
73.00250,0.49500,0.23478,0.30746,0.45776
73.10250,0.49500,0.15579,0.65894,0.18527
73.20250,0.49500,0.07343,0.78701,0.13956
73.30250,0.49500,0.05366,0.71054,0.23581
73.40250,0.49500,0.02266,0.75153,0.22581
73.50250,0.49500,0.01890,0.81218,0.16892
73.60250,0.49500,0.01715,0.93455,0.04831
73.70250,0.49500,0.03643,0.82171,0.14186
73.80250,0.49500,0.05645,0.90294,0.04061
73.90250,0.49500,0.03608,0.92014,0.04378
74.00250,0.49500,0.05102,0.87636,0.07262
74.10250,0.49500,0.01845,0.94830,0.03325
74.20250,0.49500,0.03597,0.88736,0.07667
74.30250,0.49500,0.05674,0.92546,0.01780
74.40250,0.49500,0.02530,0.94735,0.02735
74.50250,0.49500,0.05119,0.93160,0.01721
74.60250,0.49500,0.05414,0.91996,0.02590
74.70250,0.49500,0.03723,0.93171,0.03106
74.80250,0.49500,0.04204,0.90964,0.04832
74.90250,0.49500,0.02885,0.83558,0.13556
75.00250,0.49500,0.02572,0.88434,0.08993
75.10250,0.49500,0.01816,0.91998,0.06186
75.20250,0.49500,0.01737,0.65987,0.32276
75.30250,0.49500,0.01057,0.81287,0.17656
75.40250,0.49500,0.03079,0.94580,0.02342
75.50250,0.49500,0.09944,0.84749,0.05307
75.60250,0.49500,0.06723,0.87589,0.05687
75.70250,0.49500,0.32528,0.52962,0.14511
75.80250,0.49500,0.16069,0.56630,0.27301
75.90250,0.49500,0.11471,0.56869,0.31659
76.00250,0.49500,0.20925,0.54607,0.24468
76.10250,0.49500,0.02950,0.72752,0.24297
76.20250,0.49500,0.04810,0.75123,0.20067
76.30250,0.49500,0.02910,0.81185,0.15905
76.40250,0.49500,0.07718,0.82078,0.10204
76.50250,0.49500,0.08162,0.88248,0.03590
76.60250,0.49500,0.10484,0.65827,0.23689
76.70250,0.49500,0.05462,0.75015,0.19523
76.80250,0.49500,0.04930,0.87208,0.07861
76.90250,0.49500,0.04288,0.93335,0.02377
77.00250,0.49500,0.02743,0.92805,0.04453
77.10250,0.49500,0.02836,0.94048,0.03116
77.20250,0.49500,0.01958,0.95802,0.02240
77.30250,0.49500,0.00760,0.93694,0.05545
77.40250,0.49500,0.00456,0.96589,0.02954
77.50250,0.49500,0.01222,0.96740,0.02038
77.60250,0.49500,0.01634,0.96505,0.01861
77.70250,0.49500,0.02274,0.96507,0.01219
77.80250,0.49500,0.01584,0.97110,0.01306
77.90250,0.49500,0.02368,0.94349,0.03283
78.00250,0.49500,0.12247,0.85878,0.01875
78.10250,0.49500,0.03642,0.92619,0.03739
78.20250,0.49500,0.10410,0.85518,0.04071
78.30250,0.49500,0.02096,0.86291,0.11613
78.40250,0.49500,0.01348,0.95925,0.02727
78.50250,0.49500,0.00805,0.97890,0.01305
78.60250,0.49500,0.00827,0.97016,0.02157
78.70250,0.49500,0.01412,0.95525,0.03062
78.80250,0.49500,0.01106,0.95910,0.02984
78.90250,0.49500,0.01640,0.88677,0.09683
79.00250,0.49500,0.07940,0.75166,0.16894
79.10250,0.49500,0.03721,0.90732,0.05547
79.20250,0.49500,0.04927,0.88519,0.06553
79.30250,0.49500,0.03600,0.76353,0.20046
79.40250,0.49500,0.01048,0.94129,0.04823
79.50250,0.49500,0.01652,0.86250,0.12098
79.60250,0.49500,0.02826,0.90618,0.06556
79.70250,0.49500,0.02386,0.94232,0.03382
79.80250,0.49500,0.05469,0.85449,0.09083
79.90250,0.49500,0.02288,0.91756,0.05956
80.00250,0.49500,0.01831,0.92201,0.05968
80.10250,0.49500,0.06586,0.80982,0.12432
80.20250,0.49500,0.04876,0.84467,0.10657
80.30250,0.49500,0.04846,0.78056,0.17097
80.40250,0.49500,0.10059,0.65445,0.24496
80.50250,0.49500,0.03176,0.90850,0.05973
80.60250,0.49500,0.01936,0.91445,0.06619
80.70250,0.49500,0.03100,0.85897,0.11003
80.80250,0.49500,0.02317,0.72396,0.25287
80.90250,0.49500,0.03249,0.94758,0.01993
81.00250,0.49500,0.02647,0.90408,0.06945
81.10250,0.49500,0.02949,0.91952,0.05098
81.20250,0.49500,0.01279,0.87189,0.11532
81.30250,0.49500,0.03628,0.94449,0.01923
81.40250,0.49500,0.02869,0.94587,0.02544
81.50250,0.49500,0.10454,0.76289,0.13257
81.60250,0.49500,0.13317,0.80450,0.06233
81.70250,0.49500,0.14468,0.82355,0.03177
81.80250,0.49500,0.30258,0.52830,0.16912
81.90250,0.49500,0.21244,0.70832,0.07924
82.00250,0.49500,0.12517,0.75156,0.12327
82.10250,0.49500,0.25080,0.69314,0.05606
82.20250,0.49500,0.05193,0.89130,0.05677
82.30250,0.49500,0.02965,0.95001,0.02034
82.40250,0.49500,0.02570,0.92376,0.05055
82.50250,0.49500,0.00848,0.95894,0.03258
82.60250,0.49500,0.00573,0.94294,0.05133
82.70250,0.49500,0.02278,0.77930,0.19792
82.80250,0.49500,0.01810,0.93964,0.04227
82.90250,0.49500,0.03919,0.92518,0.03563
83.00250,0.49500,0.05091,0.89188,0.05721
83.10250,0.49500,0.02127,0.94295,0.03578
83.20250,0.49500,0.00867,0.97224,0.01909
83.30250,0.49500,0.00948,0.97102,0.01950
83.40250,0.49500,0.00667,0.96317,0.03016
83.50250,0.49500,0.00817,0.95410,0.03772
83.60250,0.49500,0.05035,0.84841,0.10124
83.70250,0.49500,0.09132,0.84596,0.06272
83.80250,0.49500,0.08487,0.63949,0.27565
83.90250,0.49500,0.05885,0.79906,0.14210
84.00250,0.49500,0.01743,0.62980,0.35277
84.10250,0.49500,0.02975,0.71494,0.25532
84.20250,0.49500,0.12627,0.58958,0.28414
84.30250,0.49500,0.23152,0.66755,0.10092
84.40250,0.49500,0.16076,0.69618,0.14307
84.50250,0.49500,0.15994,0.69333,0.14673
84.60250,0.49500,0.01829,0.95247,0.02924
84.70250,0.49500,0.01713,0.94114,0.04173
84.80250,0.49500,0.02971,0.91905,0.05124
84.90250,0.49500,0.01488,0.91883,0.06629
85.00250,0.49500,0.04829,0.88223,0.06948
85.10250,0.49500,0.09555,0.80163,0.10282
85.20250,0.49500,0.01715,0.94352,0.03933
85.30250,0.49500,0.03223,0.75450,0.21326
85.40250,0.49500,0.00942,0.96854,0.02203
85.50250,0.49500,0.01059,0.96377,0.02563
85.60250,0.49500,0.01943,0.94553,0.03504
85.70250,0.49500,0.01494,0.95467,0.03039
85.80250,0.49500,0.01989,0.95879,0.02131
85.90250,0.49500,0.02765,0.84602,0.12633
86.00250,0.49500,0.02494,0.94690,0.02816
86.10250,0.49500,0.03588,0.88160,0.08253
86.20250,0.49500,0.05680,0.89518,0.04802
86.30250,0.49500,0.12065,0.37728,0.50207
86.40250,0.49500,0.05679,0.81234,0.13087
86.50250,0.49500,0.02913,0.94362,0.02725
86.60250,0.49500,0.19650,0.73542,0.06808
86.70250,0.49500,0.29834,0.59104,0.11062
86.80250,0.49500,0.33024,0.14219,0.52757
86.90250,0.49500,0.13594,0.77549,0.08858
87.00250,0.49500,0.05264,0.62157,0.32578
87.10250,0.49500,0.03978,0.85121,0.10901
87.20250,0.49500,0.03178,0.67754,0.29069
87.30250,0.49500,0.04692,0.88576,0.06732
87.40250,0.49500,0.07150,0.83394,0.09456
87.50250,0.49500,0.12684,0.76330,0.10987
87.60250,0.49500,0.03489,0.90853,0.05658
87.70250,0.49500,0.11157,0.84079,0.04764
87.80250,0.49500,0.06826,0.88677,0.04497
87.90250,0.49500,0.06023,0.87124,0.06854
88.00250,0.49500,0.04214,0.90219,0.05567
88.10250,0.49500,0.01893,0.92983,0.05124
88.20250,0.49500,0.02960,0.90291,0.06748
88.30250,0.49500,0.02345,0.93374,0.04281
88.40250,0.49500,0.06321,0.83194,0.10485
88.50250,0.49500,0.03204,0.92510,0.04287
88.60250,0.49500,0.02439,0.91081,0.06480
88.70250,0.49500,0.00937,0.93163,0.05900
88.80250,0.49500,0.00827,0.93526,0.05646
88.90250,0.49500,0.02503,0.89427,0.08071
89.00250,0.49500,0.06425,0.89134,0.04440
89.10250,0.49500,0.07564,0.87123,0.05313
89.20250,0.49500,0.07447,0.87792,0.04761
89.30250,0.49500,0.06544,0.60136,0.33321
89.40250,0.49500,0.01703,0.92398,0.05900
89.50250,0.49500,0.01235,0.88708,0.10057
89.60250,0.49500,0.03283,0.84123,0.12595
89.70250,0.49500,0.03011,0.75405,0.21584
89.80250,0.49500,0.01929,0.48563,0.49508
89.90250,0.49500,0.01985,0.75337,0.22679
90.00250,0.49500,0.03244,0.79786,0.16970
90.10250,0.49500,0.06634,0.35577,0.57789
90.20250,0.49500,0.38997,0.53542,0.07461
90.30250,0.49500,0.07941,0.78834,0.13225
90.40250,0.49500,0.31884,0.60167,0.07950
90.50250,0.49500,0.04859,0.85523,0.09618
90.60250,0.49500,0.04268,0.77592,0.18140
90.70250,0.49500,0.07664,0.60848,0.31488
90.80250,0.49500,0.02923,0.80063,0.17013
90.90250,0.49500,0.04317,0.86895,0.08788
91.00250,0.49500,0.03972,0.78988,0.17040
91.10250,0.49500,0.02596,0.92090,0.05314
91.20250,0.49500,0.01320,0.90126,0.08554
91.30250,0.49500,0.00815,0.94852,0.04333
91.40250,0.49500,0.01871,0.83443,0.14686
91.50250,0.49500,0.01322,0.96701,0.01978
91.60250,0.49500,0.01770,0.88083,0.10148
91.70250,0.49500,0.04004,0.89660,0.06337
91.80250,0.49500,0.00921,0.91950,0.07128
91.90250,0.49500,0.01029,0.92123,0.06848
92.00250,0.49500,0.03432,0.80217,0.16351
92.10250,0.49500,0.02173,0.90508,0.07318
92.20250,0.49500,0.12155,0.65244,0.22601
92.30250,0.49500,0.13972,0.81685,0.04343
92.40250,0.49500,0.05249,0.80429,0.14322
92.50250,0.49500,0.11375,0.67073,0.21552
92.60250,0.49500,0.02821,0.88049,0.09131
92.70250,0.49500,0.03703,0.86350,0.09946
92.80250,0.49500,0.09216,0.82705,0.08079
92.90250,0.49500,0.11446,0.66576,0.21978
93.00250,0.49500,0.03188,0.86304,0.10508
93.10250,0.49500,0.01081,0.72687,0.26232
93.20250,0.49500,0.00580,0.93695,0.05725
93.30250,0.49500,0.00798,0.88622,0.10580
93.40250,0.49500,0.00827,0.84020,0.15153
93.50250,0.49500,0.01102,0.84552,0.14346
93.60250,0.49500,0.02629,0.89347,0.08024
93.70250,0.49500,0.05322,0.72844,0.21834
93.80250,0.49500,0.02920,0.87773,0.09307
93.90250,0.49500,0.02811,0.92966,0.04223
94.00250,0.49500,0.19372,0.75740,0.04887
94.10250,0.49500,0.32618,0.57481,0.09901
94.20250,0.49500,0.15686,0.77595,0.06719
94.30250,0.49500,0.19449,0.68385,0.12166
94.40250,0.49500,0.04422,0.91936,0.03642
94.50250,0.49500,0.01892,0.95972,0.02136
94.60250,0.49500,0.04997,0.90796,0.04207
94.70250,0.49500,0.04672,0.91678,0.03650
94.80250,0.49500,0.05843,0.92699,0.01458
94.90250,0.49500,0.12365,0.83565,0.04070
95.00250,0.49500,0.02629,0.93993,0.03378
95.10250,0.49500,0.01439,0.94510,0.04051
95.20250,0.49500,0.00482,0.95504,0.04014
95.30250,0.49500,0.02483,0.93558,0.03959
95.40250,0.49500,0.04355,0.86288,0.09358
95.50250,0.49500,0.03772,0.94024,0.02205
95.60250,0.49500,0.05477,0.89616,0.04907
95.70250,0.49500,0.08527,0.64821,0.26652
95.80250,0.49500,0.34991,0.57186,0.07823
95.90250,0.49500,0.11733,0.60973,0.27294
96.00250,0.49500,0.27293,0.54710,0.17998
96.10250,0.49500,0.22830,0.59198,0.17972
96.20250,0.49500,0.18620,0.74089,0.07292
96.30250,0.49500,0.07252,0.79003,0.13745
96.40250,0.49500,0.03345,0.92682,0.03973
96.50250,0.49500,0.03881,0.82895,0.13223
96.60250,0.49500,0.12900,0.74666,0.12434
96.70250,0.49500,0.02741,0.92813,0.04446
96.80250,0.49500,0.02612,0.91868,0.05520
96.90250,0.49500,0.01123,0.91443,0.07433
97.00250,0.49500,0.01353,0.87053,0.11594
97.10250,0.49500,0.02270,0.93133,0.04597
97.20250,0.49500,0.02964,0.93767,0.03269
97.30250,0.49500,0.04731,0.83172,0.12098
97.40250,0.49500,0.04429,0.81409,0.14162
97.50250,0.49500,0.02198,0.92329,0.05473
97.60250,0.49500,0.02830,0.89960,0.07210
97.70250,0.49500,0.02656,0.90815,0.06530
97.80250,0.49500,0.02173,0.96191,0.01636
97.90250,0.49500,0.05511,0.86336,0.08154
98.00250,0.49500,0.06586,0.73115,0.20298
98.10250,0.49500,0.02431,0.85821,0.11748
98.20250,0.49500,0.02959,0.77086,0.19955
98.30250,0.49500,0.02090,0.91400,0.06510
98.40250,0.49500,0.04104,0.88217,0.07679
98.50250,0.49500,0.08317,0.80787,0.10896
98.60250,0.49500,0.02235,0.85080,0.12685
98.70250,0.49500,0.01675,0.92308,0.06017
98.80250,0.49500,0.02575,0.89555,0.07870
98.90250,0.49500,0.01578,0.91867,0.06556
99.00250,0.49500,0.08706,0.83480,0.07814
99.10250,0.49500,0.05951,0.84308,0.09741
99.20250,0.49500,0.04111,0.78599,0.17290
99.30250,0.49500,0.12052,0.49567,0.38381
99.40250,0.49500,0.11522,0.75175,0.13303
99.50250,0.49500,0.20386,0.65038,0.14575
99.60250,0.49500,0.12764,0.80110,0.07126
99.70250,0.49500,0.13218,0.47779,0.39003
99.80250,0.49500,0.10304,0.74932,0.14764
99.90250,0.49500,0.06058,0.84014,0.09928
100.00250,0.49500,0.02730,0.91350,0.05920
100.10250,0.49500,0.02196,0.95244,0.02559
100.20250,0.49500,0.01335,0.96292,0.02374
100.30250,0.49500,0.04388,0.91636,0.03976
100.40250,0.49500,0.03520,0.89771,0.06710
100.50250,0.49500,0.04276,0.88225,0.07499
100.60250,0.49500,0.08082,0.83305,0.08613
100.70250,0.49500,0.06691,0.90246,0.03064
100.80250,0.49500,0.02245,0.94413,0.03342
100.90250,0.49500,0.02372,0.93533,0.04094
101.00250,0.49500,0.01658,0.93008,0.05334
101.10250,0.49500,0.01956,0.91405,0.06639
101.20250,0.49500,0.01617,0.95547,0.02836
101.30250,0.49500,0.02153,0.95108,0.02738
101.40250,0.49500,0.08348,0.88586,0.03066
101.50250,0.49500,0.15402,0.75312,0.09287
101.60250,0.49500,0.05431,0.88319,0.06250
101.70250,0.49500,0.26228,0.63762,0.10010
101.80250,0.49500,0.03551,0.95974,0.00475
101.90250,0.49500,0.07606,0.88937,0.03458
102.00250,0.49500,0.15168,0.77460,0.07372
102.10250,0.49500,0.12771,0.85460,0.01769
102.20250,0.49500,0.04015,0.94279,0.01707
102.30250,0.49500,0.01848,0.96320,0.01832
102.40250,0.49500,0.02665,0.93019,0.04316
102.50250,0.49500,0.01943,0.94164,0.03893
102.60250,0.49500,0.05991,0.85082,0.08927
102.70250,0.49500,0.02928,0.82190,0.14882
102.80250,0.49500,0.03795,0.93219,0.02986
102.90250,0.49500,0.13603,0.71895,0.14502
103.00250,0.49500,0.03805,0.89290,0.06905
103.10250,0.49500,0.01242,0.86477,0.12280
103.20250,0.49500,0.02047,0.90417,0.07536
103.30250,0.49500,0.02062,0.91336,0.06602
103.40250,0.49500,0.05140,0.89629,0.05232
103.50250,0.49500,0.09030,0.78461,0.12509
103.60250,0.49500,0.09156,0.83545,0.07299
103.70250,0.49500,0.05574,0.76580,0.17846
103.80250,0.49500,0.06143,0.86436,0.07421
103.90250,0.49500,0.03347,0.62994,0.33659
104.00250,0.49500,0.05529,0.78639,0.15832
104.10250,0.49500,0.06359,0.51888,0.41753
104.20250,0.49500,0.06997,0.73227,0.19777
104.30250,0.49500,0.14890,0.69181,0.15929
104.40250,0.49500,0.19814,0.65230,0.14957
104.50250,0.49500,0.22786,0.61121,0.16093
104.60250,0.49500,0.08908,0.80809,0.10283
104.70250,0.49500,0.05264,0.58749,0.35987
104.80250,0.49500,0.04136,0.79601,0.16262
104.90250,0.49500,0.02540,0.79237,0.18223
105.00250,0.49500,0.02197,0.89694,0.08109
105.10250,0.49500,0.01539,0.94849,0.03612
105.20250,0.49500,0.11262,0.83922,0.04815
105.30250,0.49500,0.20377,0.73241,0.06381
105.40250,0.49500,0.23371,0.69189,0.07440
105.50250,0.49500,0.17304,0.70900,0.11796
105.60250,0.49500,0.05820,0.92494,0.01686
105.70250,0.49500,0.12586,0.73422,0.13993
105.80250,0.49500,0.17884,0.75767,0.06349
105.90250,0.49500,0.04326,0.89513,0.06161
106.00250,0.49500,0.08291,0.88948,0.02761
106.10250,0.49500,0.06291,0.82870,0.10839
106.20250,0.49500,0.16441,0.75987,0.07573
106.30250,0.49500,0.20885,0.54483,0.24632
106.40250,0.49500,0.35764,0.52667,0.11569
106.50250,0.49500,0.25664,0.47344,0.26992
106.60250,0.49500,0.36840,0.21601,0.41559
106.70250,0.49500,0.13994,0.82044,0.03962
106.80250,0.49500,0.17482,0.42461,0.40057
106.90250,0.49500,0.09007,0.45000,0.45993
107.00250,0.49500,0.11036,0.60590,0.28374
107.10250,0.49500,0.04819,0.78536,0.16645
107.20250,0.49500,0.02581,0.39473,0.57945
107.30250,0.49500,0.01965,0.85765,0.12270
107.40250,0.49500,0.05005,0.73372,0.21623
107.50250,0.49500,0.09051,0.83733,0.07216
107.60250,0.49500,0.32317,0.22325,0.45357
107.70250,0.49500,0.49181,0.35477,0.15342
107.80250,0.49500,0.47533,0.35812,0.16655
107.90250,0.49500,0.43448,0.24127,0.32424
108.00250,0.49500,0.08031,0.61290,0.30679
108.10250,0.49500,0.17020,0.57211,0.25769
108.20250,0.49500,0.09206,0.83597,0.07197
108.30250,0.49500,0.07661,0.86371,0.05968
108.40250,0.49500,0.04838,0.82239,0.12923
108.50250,0.49500,0.05482,0.58665,0.35853
108.60250,0.49500,0.03589,0.90721,0.05689
108.70250,0.49500,0.06903,0.82335,0.10761
108.80250,0.49500,0.11888,0.66145,0.21967
108.90250,0.49500,0.07027,0.60249,0.32724
109.00250,0.49500,0.03610,0.73928,0.22462
109.10250,0.49500,0.03764,0.62540,0.33696
109.20250,0.49500,0.02057,0.56363,0.41580
109.30250,0.49500,0.01861,0.78356,0.19783
109.40250,0.49500,0.02687,0.84233,0.13081
109.50250,0.49500,0.04607,0.69749,0.25644
109.60250,0.49500,0.02777,0.90787,0.06436
109.70250,0.49500,0.03010,0.78860,0.18130
109.80250,0.49500,0.20811,0.42873,0.36316
109.90250,0.49500,0.30441,0.44751,0.24808
110.00250,0.49500,0.27822,0.60214,0.11963
110.10250,0.49500,0.43593,0.19515,0.36892
110.20250,0.49500,0.06999,0.88739,0.04262
110.30250,0.49500,0.08213,0.65893,0.25893
110.40250,0.49500,0.29254,0.55856,0.14889
110.50250,0.49500,0.05323,0.81223,0.13454
110.60250,0.49500,0.05335,0.84200,0.10465
110.70250,0.49500,0.13981,0.60173,0.25846
110.80250,0.49500,0.07069,0.75238,0.17693
110.90250,0.49500,0.11787,0.71395,0.16817
111.00250,0.49500,0.04878,0.85645,0.09477
111.10250,0.49500,0.06568,0.57831,0.35600
111.20250,0.49500,0.06529,0.88108,0.05363
111.30250,0.49500,0.22537,0.31994,0.45469
111.40250,0.49500,0.13880,0.62124,0.23996
111.50250,0.49500,0.04714,0.74015,0.21271
111.60250,0.49500,0.06169,0.52450,0.41381
111.70250,0.49500,0.05471,0.61933,0.32596
111.80250,0.49500,0.06902,0.72673,0.20424
111.90250,0.49500,0.11678,0.30755,0.57567
112.00250,0.49500,0.05756,0.73823,0.20420
112.10250,0.49500,0.07704,0.66102,0.26194
112.20250,0.49500,0.12371,0.75830,0.11799
112.30250,0.49500,0.12529,0.61348,0.26123
112.40250,0.49500,0.08342,0.83514,0.08144
112.50250,0.49500,0.04155,0.70807,0.25038
112.60250,0.49500,0.23746,0.54100,0.22154
112.70250,0.49500,0.20203,0.34138,0.45659
112.80250,0.49500,0.24641,0.45400,0.29959
112.90250,0.49500,0.40208,0.15444,0.44348
113.00250,0.49500,0.12713,0.57521,0.29766
113.10250,0.49500,0.07185,0.41121,0.51694
113.20250,0.49500,0.29551,0.31181,0.39268
113.30250,0.49500,0.07282,0.63073,0.29645
113.40250,0.49500,0.10571,0.45938,0.43491
113.50250,0.49500,0.02238,0.92205,0.05557
113.60250,0.49500,0.01398,0.92234,0.06368
113.70250,0.49500,0.03135,0.90312,0.06553
113.80250,0.49500,0.03578,0.90487,0.05935
113.90250,0.49500,0.02313,0.91525,0.06163
114.00250,0.49500,0.13301,0.48308,0.38390
114.10250,0.49500,0.02868,0.89753,0.07378
114.20250,0.49500,0.07938,0.71844,0.20218
114.30250,0.49500,0.09634,0.50810,0.39556
114.40250,0.49500,0.02969,0.74223,0.22808
114.50250,0.49500,0.07315,0.64881,0.27804
114.60250,0.49500,0.01951,0.84986,0.13064
114.70250,0.49500,0.01389,0.86446,0.12165
114.80250,0.49500,0.02023,0.77793,0.20184
114.90250,0.49500,0.04619,0.88424,0.06957
115.00250,0.49500,0.07305,0.88772,0.03923
115.10250,0.49500,0.09402,0.61824,0.28773
115.20250,0.49500,0.27787,0.42171,0.30042
115.30250,0.49500,0.09496,0.34783,0.55721
115.40250,0.49500,0.24939,0.42678,0.32383
115.50250,0.49500,0.10333,0.17233,0.72434
115.60250,0.49500,0.25599,0.62140,0.12262
115.70250,0.49500,0.37390,0.31868,0.30742
115.80250,0.49500,0.47836,0.19225,0.32939
115.90250,0.49500,0.36626,0.14321,0.49053
116.00250,0.49500,0.15966,0.17375,0.66659
116.10250,0.49500,0.09580,0.61908,0.28512
116.20250,0.49500,0.17226,0.49167,0.33607
116.30250,0.49500,0.05208,0.58424,0.36368
116.40250,0.49500,0.05119,0.29482,0.65399
116.50250,0.49500,0.05843,0.75876,0.18281
116.60250,0.49500,0.05788,0.47984,0.46229
116.70250,0.49500,0.06714,0.72586,0.20701
116.80250,0.49500,0.03892,0.36413,0.59695
116.90250,0.49500,0.25169,0.67722,0.07109
117.00250,0.49500,0.19594,0.44630,0.35776
117.10250,0.49500,0.27392,0.58204,0.14403
