Time (seconds), Duration (seconds),pred_(unlabeled),pred_empty_box,pred_table
0.00250,0.49500,0.01617,0.98383,0.00000
0.10250,0.49500,0.01617,0.98383,0.00000
0.20250,0.49500,0.01622,0.98378,0.00000
0.30250,0.49500,0.01573,0.98427,0.00000
0.40250,0.49500,0.01594,0.98406,0.00000
0.50250,0.49500,0.01650,0.98350,0.00000
0.60250,0.49500,0.01545,0.98455,0.00000
0.70250,0.49500,0.01648,0.98352,0.00000
0.80250,0.49500,0.01588,0.98412,0.00000
0.90250,0.49500,0.01615,0.98385,0.00000
1.00250,0.49500,0.01638,0.98362,0.00000
1.10250,0.49500,0.01617,0.98383,0.00000
1.20250,0.49500,0.01701,0.98299,0.00000
1.30250,0.49500,0.01599,0.98401,0.00000
1.40250,0.49500,0.01667,0.98333,0.00000
1.50250,0.49500,0.01642,0.98358,0.00000
1.60250,0.49500,0.01628,0.98372,0.00000
1.70250,0.49500,0.01614,0.98386,0.00000
1.80250,0.49500,0.01659,0.98341,0.00000
1.90250,0.49500,0.01639,0.98361,0.00000
2.00250,0.49500,0.01678,0.98322,0.00000
2.10250,0.49500,0.01694,0.98306,0.00000
2.20250,0.49500,0.01675,0.98325,0.00000
2.30250,0.49500,0.01680,0.98320,0.00000
2.40250,0.49500,0.01685,0.98315,0.00000
2.50250,0.49500,0.01648,0.98352,0.00000
2.60250,0.49500,0.01640,0.98360,0.00000
2.70250,0.49500,0.01618,0.98382,0.00000
2.80250,0.49500,0.01689,0.98311,0.00000
2.90250,0.49500,0.01624,0.98376,0.00000
3.00250,0.49500,0.01589,0.98411,0.00000
3.10250,0.49500,0.01637,0.98363,0.00000
3.20250,0.49500,0.01613,0.98387,0.00000
3.30250,0.49500,0.01638,0.98362,0.00000
3.40250,0.49500,0.01584,0.98416,0.00000
3.50250,0.49500,0.01639,0.98361,0.00000
3.60250,0.49500,0.01642,0.98358,0.00000
3.70250,0.49500,0.01652,0.98348,0.00000
3.80250,0.49500,0.01666,0.98334,0.00000
3.90250,0.49500,0.01613,0.98387,0.00000
4.00250,0.49500,0.01617,0.98383,0.00000
4.10250,0.49500,0.01575,0.98425,0.00000
4.20250,0.49500,0.01630,0.98370,0.00000
4.30250,0.49500,0.01597,0.98403,0.00000
4.40250,0.49500,0.01635,0.98365,0.00000
4.50250,0.49500,0.01647,0.98353,0.00000
4.60250,0.49500,0.01678,0.98322,0.00000
4.70250,0.49500,0.01615,0.98385,0.00000
4.80250,0.49500,0.01689,0.98311,0.00000
4.90250,0.49500,0.01707,0.98293,0.00000
5.00250,0.49500,0.01647,0.98353,0.00000
5.10250,0.49500,0.01653,0.98347,0.00000
5.20250,0.49500,0.01700,0.98300,0.00000
5.30250,0.49500,0.01645,0.98355,0.00000
5.40250,0.49500,0.01672,0.98328,0.00000
5.50250,0.49500,0.01620,0.98380,0.00000
5.60250,0.49500,0.01633,0.98367,0.00000
5.70250,0.49500,0.01677,0.98323,0.00000
5.80250,0.49500,0.01643,0.98357,0.00000
5.90250,0.49500,0.01642,0.98358,0.00000
6.00250,0.49500,0.01626,0.98374,0.00000
6.10250,0.49500,0.01613,0.98387,0.00000
6.20250,0.49500,0.01615,0.98385,0.00000
6.30250,0.49500,0.01611,0.98389,0.00000
6.40250,0.49500,0.01594,0.98406,0.00000
6.50250,0.49500,0.01605,0.98395,0.00000
6.60250,0.49500,0.01568,0.98432,0.00000
6.70250,0.49500,0.01584,0.98416,0.00000
6.80250,0.49500,0.01579,0.98421,0.00000
6.90250,0.49500,0.01576,0.98424,0.00000
7.00250,0.49500,0.01606,0.98394,0.00000
7.10250,0.49500,0.01594,0.98406,0.00000
7.20250,0.49500,0.01588,0.98412,0.00000
7.30250,0.49500,0.01619,0.98381,0.00000
7.40250,0.49500,0.01633,0.98367,0.00000
7.50250,0.49500,0.01591,0.98409,0.00000
7.60250,0.49500,0.01581,0.98419,0.00000
7.70250,0.49500,0.01572,0.98428,0.00000
7.80250,0.49500,0.01617,0.98383,0.00000
7.90250,0.49500,0.01574,0.98426,0.00000
8.00250,0.49500,0.01632,0.98368,0.00000
8.10250,0.49500,0.01562,0.98438,0.00000
8.20250,0.49500,0.01634,0.98366,0.00000
8.30250,0.49500,0.01648,0.98352,0.00000
8.40250,0.49500,0.01643,0.98357,0.00000
8.50250,0.49500,0.01640,0.98360,0.00000
8.60250,0.49500,0.01666,0.98334,0.00000
8.70250,0.49500,0.01617,0.98383,0.00000
8.80250,0.49500,0.01575,0.98425,0.00000
8.90250,0.49500,0.01618,0.98382,0.00000
9.00250,0.49500,0.01556,0.98444,0.00000
9.10250,0.49500,0.01599,0.98401,0.00000
9.20250,0.49500,0.01637,0.98363,0.00000
9.30250,0.49500,0.01643,0.98357,0.00000
9.40250,0.49500,0.01630,0.98370,0.00000
9.50250,0.49500,0.01664,0.98336,0.00000
9.60250,0.49500,0.01692,0.98308,0.00000
9.70250,0.49500,0.01715,0.98285,0.00000
9.80250,0.49500,0.01671,0.98329,0.00000
9.90250,0.49500,0.01792,0.98208,0.00000
10.00250,0.49500,0.01812,0.98188,0.00000
10.10250,0.49500,0.01817,0.98183,0.00000
10.20250,0.49500,0.01935,0.98065,0.00000
10.30250,0.49500,0.01704,0.98296,0.00000
10.40250,0.49500,0.01747,0.98253,0.00000
10.50250,0.49500,0.01730,0.98270,0.00000
10.60250,0.49500,0.01810,0.98190,0.00000
10.70250,0.49500,0.01760,0.98240,0.00000
10.80250,0.49500,0.01809,0.98191,0.00000
10.90250,0.49500,0.01827,0.98173,0.00000
11.00250,0.49500,0.01888,0.98112,0.00000
11.10250,0.49500,0.02296,0.97704,0.00000
11.20250,0.49500,0.02869,0.97131,0.00000
11.30250,0.49500,0.02534,0.97466,0.00000
11.40250,0.49500,0.02577,0.97423,0.00000
11.50250,0.49500,0.02905,0.97095,0.00000
11.60250,0.49500,0.02442,0.97558,0.00000
11.70250,0.49500,0.06526,0.93474,0.00000
11.80250,0.49500,0.53938,0.46062,0.00000
11.90250,0.49500,0.75880,0.24120,0.00000
12.00250,0.49500,0.86480,0.13520,0.00000
12.10250,0.49500,0.97425,0.02575,0.00000
12.20250,0.49500,0.96475,0.03525,0.00000
12.30250,0.49500,0.99342,0.00658,0.00000
12.40250,0.49500,0.95031,0.04969,0.00000
12.50250,0.49500,0.83679,0.16321,0.00000
12.60250,0.49500,0.94081,0.05919,0.00000
12.70250,0.49500,0.72643,0.27357,0.00000
12.80250,0.49500,0.11154,0.88846,0.00000
12.90250,0.49500,0.02443,0.97557,0.00000
13.00250,0.49500,0.02071,0.97929,0.00000
13.10250,0.49500,0.01884,0.98116,0.00000
13.20250,0.49500,0.01826,0.98174,0.00000
13.30250,0.49500,0.02033,0.97967,0.00000
13.40250,0.49500,0.01910,0.98090,0.00000
13.50250,0.49500,0.01860,0.98140,0.00000
13.60250,0.49500,0.01779,0.98221,0.00000
13.70250,0.49500,0.01673,0.98327,0.00000
13.80250,0.49500,0.01613,0.98387,0.00000
13.90250,0.49500,0.01551,0.98449,0.00000
14.00250,0.49500,0.01674,0.98326,0.00000
14.10250,0.49500,0.01631,0.98369,0.00000
14.20250,0.49500,0.01602,0.98398,0.00000
14.30250,0.49500,0.01602,0.98398,0.00000
14.40250,0.49500,0.01615,0.98385,0.00000
14.50250,0.49500,0.01570,0.98430,0.00000
14.60250,0.49500,0.01597,0.98403,0.00000
14.70250,0.49500,0.01591,0.98409,0.00000
14.80250,0.49500,0.01580,0.98420,0.00000
14.90250,0.49500,0.01556,0.98444,0.00000
15.00250,0.49500,0.01573,0.98427,0.00000
15.10250,0.49500,0.01567,0.98433,0.00000
15.20250,0.49500,0.01622,0.98378,0.00000
15.30250,0.49500,0.01621,0.98379,0.00000
15.40250,0.49500,0.01627,0.98373,0.00000
15.50250,0.49500,0.01609,0.98391,0.00000
15.60250,0.49500,0.01565,0.98435,0.00000
15.70250,0.49500,0.01644,0.98356,0.00000
15.80250,0.49500,0.01629,0.98371,0.00000
15.90250,0.49500,0.01652,0.98348,0.00000
16.00250,0.49500,0.01665,0.98335,0.00000
16.10250,0.49500,0.01647,0.98353,0.00000
16.20250,0.49500,0.01619,0.98381,0.00000
16.30250,0.49500,0.01624,0.98376,0.00000
16.40250,0.49500,0.01648,0.98352,0.00000
16.50250,0.49500,0.01620,0.98380,0.00000
16.60250,0.49500,0.01584,0.98416,0.00000
16.70250,0.49500,0.01585,0.98415,0.00000
16.80250,0.49500,0.01575,0.98425,0.00000
16.90250,0.49500,0.01603,0.98397,0.00000
17.00250,0.49500,0.01585,0.98415,0.00000
17.10250,0.49500,0.01627,0.98373,0.00000
17.20250,0.49500,0.01589,0.98411,0.00000
17.30250,0.49500,0.01559,0.98441,0.00000
17.40250,0.49500,0.01668,0.98332,0.00000
17.50250,0.49500,0.01508,0.98492,0.00000
17.60250,0.49500,0.01530,0.98470,0.00000
17.70250,0.49500,0.01513,0.98487,0.00000
17.80250,0.49500,0.01537,0.98463,0.00000
17.90250,0.49500,0.01561,0.98439,0.00000
18.00250,0.49500,0.01524,0.98476,0.00000
18.10250,0.49500,0.01577,0.98423,0.00000
18.20250,0.49500,0.01577,0.98423,0.00000
18.30250,0.49500,0.01514,0.98486,0.00000
18.40250,0.49500,0.01552,0.98448,0.00000
18.50250,0.49500,0.01553,0.98447,0.00000
18.60250,0.49500,0.01528,0.98472,0.00000
18.70250,0.49500,0.01540,0.98460,0.00000
18.80250,0.49500,0.01543,0.98457,0.00000
18.90250,0.49500,0.01554,0.98446,0.00000
19.00250,0.49500,0.01552,0.98448,0.00000
19.10250,0.49500,0.01576,0.98424,0.00000
19.20250,0.49500,0.01570,0.98430,0.00000
19.30250,0.49500,0.01569,0.98431,0.00000
19.40250,0.49500,0.01592,0.98408,0.00000
19.50250,0.49500,0.01581,0.98419,0.00000
19.60250,0.49500,0.01528,0.98472,0.00000
19.70250,0.49500,0.01598,0.98402,0.00000
19.80250,0.49500,0.01530,0.98470,0.00000
19.90250,0.49500,0.01564,0.98436,0.00000
20.00250,0.49500,0.01594,0.98406,0.00000
20.10250,0.49500,0.01548,0.98452,0.00000
20.20250,0.49500,0.01623,0.98377,0.00000
20.30250,0.49500,0.01600,0.98400,0.00000
20.40250,0.49500,0.01562,0.98438,0.00000
20.50250,0.49500,0.01604,0.98396,0.00000
20.60250,0.49500,0.01523,0.98477,0.00000
20.70250,0.49500,0.01566,0.98434,0.00000
20.80250,0.49500,0.01587,0.98413,0.00000
20.90250,0.49500,0.01568,0.98432,0.00000
21.00250,0.49500,0.01532,0.98468,0.00000
21.10250,0.49500,0.01539,0.98461,0.00000
21.20250,0.49500,0.01509,0.98491,0.00000
21.30250,0.49500,0.01534,0.98466,0.00000
21.40250,0.49500,0.01531,0.98469,0.00000
21.50250,0.49500,0.01523,0.98477,0.00000
21.60250,0.49500,0.01551,0.98449,0.00000
21.70250,0.49500,0.01596,0.98404,0.00000
21.80250,0.49500,0.01594,0.98406,0.00000
21.90250,0.49500,0.01624,0.98376,0.00000
22.00250,0.49500,0.01669,0.98331,0.00000
22.10250,0.49500,0.01664,0.98336,0.00000
22.20250,0.49500,0.01589,0.98411,0.00000
22.30250,0.49500,0.01598,0.98402,0.00000
22.40250,0.49500,0.01566,0.98434,0.00000
22.50250,0.49500,0.01587,0.98413,0.00000
22.60250,0.49500,0.01530,0.98470,0.00000
22.70250,0.49500,0.01573,0.98427,0.00000
22.80250,0.49500,0.01596,0.98404,0.00000
22.90250,0.49500,0.01538,0.98462,0.00000
23.00250,0.49500,0.01578,0.98422,0.00000
23.10250,0.49500,0.01568,0.98432,0.00000
23.20250,0.49500,0.01596,0.98404,0.00000
23.30250,0.49500,0.01544,0.98456,0.00000
23.40250,0.49500,0.01515,0.98485,0.00000
23.50250,0.49500,0.01504,0.98496,0.00000
23.60250,0.49500,0.01485,0.98515,0.00000
23.70250,0.49500,0.01559,0.98441,0.00000
23.80250,0.49500,0.01530,0.98470,0.00000
23.90250,0.49500,0.01588,0.98412,0.00000
24.00250,0.49500,0.01583,0.98417,0.00000
24.10250,0.49500,0.01572,0.98428,0.00000
24.20250,0.49500,0.01556,0.98444,0.00000
24.30250,0.49500,0.01568,0.98432,0.00000
24.40250,0.49500,0.01546,0.98454,0.00000
24.50250,0.49500,0.01582,0.98418,0.00000
24.60250,0.49500,0.01559,0.98441,0.00000
24.70250,0.49500,0.01558,0.98442,0.00000
24.80250,0.49500,0.01558,0.98442,0.00000
24.90250,0.49500,0.01553,0.98447,0.00000
25.00250,0.49500,0.01492,0.98508,0.00000
25.10250,0.49500,0.01550,0.98450,0.00000
25.20250,0.49500,0.01481,0.98519,0.00000
25.30250,0.49500,0.01536,0.98464,0.00000
25.40250,0.49500,0.01565,0.98435,0.00000
25.50250,0.49500,0.01530,0.98470,0.00000
25.60250,0.49500,0.01747,0.98253,0.00000
25.70250,0.49500,0.01606,0.98394,0.00000
25.80250,0.49500,0.01778,0.98222,0.00000
25.90250,0.49500,0.01737,0.98263,0.00000
26.00250,0.49500,0.01594,0.98406,0.00000
26.10250,0.49500,0.01611,0.98389,0.00000
26.20250,0.49500,0.01592,0.98408,0.00000
26.30250,0.49500,0.01608,0.98392,0.00000
26.40250,0.49500,0.01623,0.98377,0.00000
26.50250,0.49500,0.01555,0.98445,0.00000
26.60250,0.49500,0.01631,0.98369,0.00000
26.70250,0.49500,0.01565,0.98435,0.00000
26.80250,0.49500,0.01616,0.98384,0.00000
26.90250,0.49500,0.01577,0.98423,0.00000
27.00250,0.49500,0.01632,0.98368,0.00000
27.10250,0.49500,0.01524,0.98476,0.00000
27.20250,0.49500,0.01586,0.98414,0.00000
27.30250,0.49500,0.01559,0.98441,0.00000
27.40250,0.49500,0.01521,0.98479,0.00000
27.50250,0.49500,0.01657,0.98343,0.00000
27.60250,0.49500,0.01599,0.98401,0.00000
27.70250,0.49500,0.01552,0.98448,0.00000
27.80250,0.49500,0.01608,0.98392,0.00000
27.90250,0.49500,0.01617,0.98383,0.00000
28.00250,0.49500,0.01656,0.98344,0.00000
28.10250,0.49500,0.01555,0.98445,0.00000
28.20250,0.49500,0.01599,0.98401,0.00000
28.30250,0.49500,0.01574,0.98426,0.00000
28.40250,0.49500,0.01565,0.98435,0.00000
28.50250,0.49500,0.01551,0.98449,0.00000
28.60250,0.49500,0.01564,0.98436,0.00000
28.70250,0.49500,0.01583,0.98417,0.00000
28.80250,0.49500,0.01576,0.98424,0.00000
28.90250,0.49500,0.01631,0.98369,0.00000
29.00250,0.49500,0.01630,0.98370,0.00000
29.10250,0.49500,0.01569,0.98431,0.00000
29.20250,0.49500,0.01583,0.98417,0.00000
29.30250,0.49500,0.01618,0.98382,0.00000
29.40250,0.49500,0.01601,0.98399,0.00000
29.50250,0.49500,0.01618,0.98382,0.00000
29.60250,0.49500,0.01602,0.98398,0.00000
29.70250,0.49500,0.01594,0.98406,0.00000
29.80250,0.49500,0.01570,0.98430,0.00000
29.90250,0.49500,0.01594,0.98406,0.00000
30.00250,0.49500,0.01596,0.98404,0.00000
30.10250,0.49500,0.01547,0.98453,0.00000
30.20250,0.49500,0.01578,0.98422,0.00000
30.30250,0.49500,0.01584,0.98416,0.00000
30.40250,0.49500,0.01604,0.98396,0.00000
30.50250,0.49500,0.01562,0.98438,0.00000
30.60250,0.49500,0.01567,0.98433,0.00000
30.70250,0.49500,0.01552,0.98448,0.00000
30.80250,0.49500,0.01561,0.98439,0.00000
30.90250,0.49500,0.01545,0.98455,0.00000
31.00250,0.49500,0.01550,0.98450,0.00000
31.10250,0.49500,0.01567,0.98433,0.00000
31.20250,0.49500,0.01570,0.98430,0.00000
31.30250,0.49500,0.01588,0.98412,0.00000
31.40250,0.49500,0.01614,0.98386,0.00000
31.50250,0.49500,0.01606,0.98394,0.00000
31.60250,0.49500,0.01616,0.98384,0.00000
31.70250,0.49500,0.01629,0.98371,0.00000
31.80250,0.49500,0.01569,0.98431,0.00000
31.90250,0.49500,0.01571,0.98429,0.00000
32.00250,0.49500,0.01558,0.98442,0.00000
32.10250,0.49500,0.01570,0.98430,0.00000
32.20250,0.49500,0.01593,0.98407,0.00000
32.30250,0.49500,0.01566,0.98434,0.00000
32.40250,0.49500,0.01566,0.98434,0.00000
32.50250,0.49500,0.01597,0.98403,0.00000
32.60250,0.49500,0.01549,0.98451,0.00000
32.70250,0.49500,0.01599,0.98401,0.00000
32.80250,0.49500,0.01569,0.98431,0.00000
32.90250,0.49500,0.01531,0.98469,0.00000
33.00250,0.49500,0.01543,0.98457,0.00000
33.10250,0.49500,0.01548,0.98452,0.00000
33.20250,0.49500,0.01584,0.98416,0.00000
33.30250,0.49500,0.01554,0.98446,0.00000
33.40250,0.49500,0.01566,0.98434,0.00000
33.50250,0.49500,0.01611,0.98389,0.00000
33.60250,0.49500,0.01617,0.98383,0.00000
33.70250,0.49500,0.01577,0.98423,0.00000
33.80250,0.49500,0.01609,0.98391,0.00000
33.90250,0.49500,0.01534,0.98466,0.00000
34.00250,0.49500,0.01545,0.98455,0.00000
34.10250,0.49500,0.01547,0.98453,0.00000
34.20250,0.49500,0.01539,0.98461,0.00000
34.30250,0.49500,0.01568,0.98432,0.00000
34.40250,0.49500,0.01567,0.98433,0.00000
34.50250,0.49500,0.01562,0.98438,0.00000
34.60250,0.49500,0.01554,0.98446,0.00000
34.70250,0.49500,0.01509,0.98491,0.00000
34.80250,0.49500,0.01530,0.98470,0.00000
34.90250,0.49500,0.01635,0.98365,0.00000
35.00250,0.49500,0.01525,0.98475,0.00000
35.10250,0.49500,0.01562,0.98438,0.00000
35.20250,0.49500,0.01564,0.98436,0.00000
35.30250,0.49500,0.01509,0.98491,0.00000
35.40250,0.49500,0.01570,0.98430,0.00000
35.50250,0.49500,0.01549,0.98451,0.00000
35.60250,0.49500,0.01550,0.98450,0.00000
35.70250,0.49500,0.01528,0.98472,0.00000
35.80250,0.49500,0.01498,0.98502,0.00000
35.90250,0.49500,0.01519,0.98481,0.00000
36.00250,0.49500,0.01510,0.98490,0.00000
36.10250,0.49500,0.01519,0.98481,0.00000
36.20250,0.49500,0.01595,0.98405,0.00000
36.30250,0.49500,0.01548,0.98452,0.00000
36.40250,0.49500,0.01608,0.98392,0.00000
36.50250,0.49500,0.01624,0.98376,0.00000
36.60250,0.49500,0.01625,0.98375,0.00000
36.70250,0.49500,0.01718,0.98282,0.00000
36.80250,0.49500,0.01626,0.98374,0.00000
36.90250,0.49500,0.01585,0.98415,0.00000
37.00250,0.49500,0.01561,0.98439,0.00000
37.10250,0.49500,0.01522,0.98478,0.00000
37.20250,0.49500,0.01529,0.98471,0.00000
37.30250,0.49500,0.01516,0.98484,0.00000
37.40250,0.49500,0.01520,0.98480,0.00000
37.50250,0.49500,0.01519,0.98481,0.00000
37.60250,0.49500,0.01511,0.98489,0.00000
37.70250,0.49500,0.01566,0.98434,0.00000
37.80250,0.49500,0.01582,0.98418,0.00000
37.90250,0.49500,0.01579,0.98421,0.00000
38.00250,0.49500,0.01612,0.98388,0.00000
38.10250,0.49500,0.01594,0.98406,0.00000
38.20250,0.49500,0.01606,0.98394,0.00000
38.30250,0.49500,0.01561,0.98439,0.00000
38.40250,0.49500,0.01577,0.98423,0.00000
38.50250,0.49500,0.01667,0.98333,0.00000
38.60250,0.49500,0.01775,0.98225,0.00000
38.70250,0.49500,0.01619,0.98381,0.00000
38.80250,0.49500,0.01720,0.98280,0.00000
38.90250,0.49500,0.01642,0.98358,0.00000
39.00250,0.49500,0.01611,0.98389,0.00000
39.10250,0.49500,0.01612,0.98388,0.00000
39.20250,0.49500,0.01522,0.98478,0.00000
39.30250,0.49500,0.01648,0.98352,0.00000
39.40250,0.49500,0.01633,0.98367,0.00000
39.50250,0.49500,0.01880,0.98120,0.00000
39.60250,0.49500,0.02224,0.97776,0.00000
39.70250,0.49500,0.02199,0.97801,0.00000
39.80250,0.49500,0.02157,0.97843,0.00000
39.90250,0.49500,0.02157,0.97843,0.00000
40.00250,0.49500,0.01827,0.98173,0.00000
40.10250,0.49500,0.04862,0.95138,0.00000
40.20250,0.49500,0.16648,0.83352,0.00000
40.30250,0.49500,0.34261,0.65739,0.00000
40.40250,0.49500,0.40005,0.59995,0.00000
40.50250,0.49500,0.35498,0.64502,0.00000
40.60250,0.49500,0.33307,0.66689,0.00004
40.70250,0.49500,0.09592,0.90403,0.00005
40.80250,0.49500,0.03350,0.96623,0.00027
40.90250,0.49500,0.03593,0.96370,0.00037
41.00250,0.49500,0.03187,0.96762,0.00051
41.10250,0.49500,0.03432,0.96498,0.00070
41.20250,0.49500,0.03273,0.96651,0.00076
41.30250,0.49500,0.02885,0.97063,0.00052
41.40250,0.49500,0.02826,0.97106,0.00068
41.50250,0.49500,0.02198,0.97732,0.00070
41.60250,0.49500,0.02162,0.97778,0.00060
41.70250,0.49500,0.02625,0.97332,0.00043
41.80250,0.49500,0.02436,0.97508,0.00055
41.90250,0.49500,0.03317,0.96637,0.00046
42.00250,0.49500,0.04971,0.95000,0.00028
42.10250,0.49500,0.09864,0.90104,0.00032
42.20250,0.49500,0.08345,0.91638,0.00017
42.30250,0.49500,0.09995,0.89983,0.00022
42.40250,0.49500,0.16373,0.83616,0.00011
42.50250,0.49500,0.30468,0.69503,0.00028
42.60250,0.49500,0.35412,0.64578,0.00010
42.70250,0.49500,0.31333,0.68663,0.00003
42.80250,0.49500,0.14215,0.85759,0.00027
42.90250,0.49500,0.07771,0.92207,0.00022
43.00250,0.49500,0.06094,0.93865,0.00041
43.10250,0.49500,0.05731,0.94234,0.00036
43.20250,0.49500,0.05640,0.94056,0.00304
43.30250,0.49500,0.04100,0.95804,0.00095
43.40250,0.49500,0.12504,0.87335,0.00161
43.50250,0.49500,0.05919,0.93892,0.00188
43.60250,0.49500,0.14204,0.85586,0.00209
43.70250,0.49500,0.09105,0.90651,0.00244
43.80250,0.49500,0.04840,0.94863,0.00297
43.90250,0.49500,0.02887,0.96389,0.00723
44.00250,0.49500,0.02874,0.97009,0.00117
44.10250,0.49500,0.05509,0.93959,0.00532
44.20250,0.49500,0.09017,0.90914,0.00069
44.30250,0.49500,0.27171,0.72809,0.00020
44.40250,0.49500,0.31510,0.68470,0.00020
44.50250,0.49500,0.33942,0.66033,0.00025
44.60250,0.49500,0.32060,0.67929,0.00011
44.70250,0.49500,0.32700,0.67293,0.00007
44.80250,0.49500,0.48782,0.51210,0.00009
44.90250,0.49500,0.72677,0.27323,0.00001
45.00250,0.49500,0.72493,0.27507,0.00000
45.10250,0.49500,0.88955,0.11045,0.00000
45.20250,0.49500,0.93439,0.06561,0.00000
45.30250,0.49500,0.66410,0.33590,0.00000
45.40250,0.49500,0.69363,0.30637,0.00000
45.50250,0.49500,0.55579,0.44420,0.00001
45.60250,0.49500,0.19701,0.80297,0.00002
45.70250,0.49500,0.38202,0.61795,0.00003
45.80250,0.49500,0.46188,0.53806,0.00006
45.90250,0.49500,0.85494,0.14505,0.00001
46.00250,0.49500,0.78236,0.21764,0.00000
46.10250,0.49500,0.87823,0.12177,0.00000
46.20250,0.49500,0.84648,0.15352,0.00000
46.30250,0.49500,0.76033,0.23967,0.00000
46.40250,0.49500,0.74297,0.25703,0.00000
46.50250,0.49500,0.86489,0.13511,0.00000
46.60250,0.49500,0.64766,0.35234,0.00000
46.70250,0.49500,0.89005,0.10995,0.00000
46.80250,0.49500,0.70521,0.29479,0.00000
46.90250,0.49500,0.39089,0.60911,0.00000
47.00250,0.49500,0.56548,0.43452,0.00000
47.10250,0.49500,0.69298,0.30701,0.00000
47.20250,0.49500,0.85734,0.14266,0.00000
47.30250,0.49500,0.84386,0.15614,0.00000
47.40250,0.49500,0.93700,0.06300,0.00000
47.50250,0.49500,0.66147,0.33853,0.00000
47.60250,0.49500,0.55093,0.44904,0.00003
47.70250,0.49500,0.35264,0.64703,0.00033
47.80250,0.49500,0.70200,0.29791,0.00009
47.90250,0.49500,0.69557,0.30341,0.00102
48.00250,0.49500,0.24817,0.75170,0.00013
48.10250,0.49500,0.60782,0.39211,0.00007
48.20250,0.49500,0.89679,0.10320,0.00001
48.30250,0.49500,0.83725,0.16273,0.00002
48.40250,0.49500,0.85243,0.14757,0.00000
48.50250,0.49500,0.92011,0.07989,0.00000
48.60250,0.49500,0.95644,0.04356,0.00000
48.70250,0.49500,0.86872,0.13128,0.00000
48.80250,0.49500,0.96032,0.03968,0.00000
48.90250,0.49500,0.99615,0.00385,0.00000
49.00250,0.49500,0.98869,0.01131,0.00000
49.10250,0.49500,0.99407,0.00593,0.00000
49.20250,0.49500,0.93180,0.06820,0.00000
49.30250,0.49500,0.95368,0.04632,0.00000
49.40250,0.49500,0.89330,0.10669,0.00000
49.50250,0.49500,0.66568,0.33417,0.00014
49.60250,0.49500,0.66455,0.33527,0.00019
49.70250,0.49500,0.51461,0.48352,0.00188
49.80250,0.49500,0.80815,0.19166,0.00019
49.90250,0.49500,0.62855,0.36451,0.00694
50.00250,0.49500,0.84487,0.14897,0.00616
50.10250,0.49500,0.66204,0.30861,0.02936
50.20250,0.49500,0.71162,0.27956,0.00883
50.30250,0.49500,0.68916,0.27776,0.03309
50.40250,0.49500,0.80124,0.19037,0.00838
50.50250,0.49500,0.88171,0.11227,0.00602
50.60250,0.49500,0.70904,0.28535,0.00561
50.70250,0.49500,0.83835,0.16103,0.00062
50.80250,0.49500,0.71440,0.28534,0.00026
50.90250,0.49500,0.88091,0.11876,0.00033
51.00250,0.49500,0.81213,0.18787,0.00000
51.10250,0.49500,0.92990,0.07009,0.00000
51.20250,0.49500,0.94187,0.05813,0.00000
51.30250,0.49500,0.94802,0.05198,0.00000
51.40250,0.49500,0.96311,0.03689,0.00000
51.50250,0.49500,0.95892,0.04108,0.00000
51.60250,0.49500,0.86024,0.13731,0.00245
51.70250,0.49500,0.92293,0.07113,0.00594
51.80250,0.49500,0.90309,0.04525,0.05165
51.90250,0.49500,0.65231,0.19974,0.14795
52.00250,0.49500,0.40385,0.09076,0.50538
52.10250,0.49500,0.47649,0.22550,0.29801
52.20250,0.49500,0.52145,0.15671,0.32184
52.30250,0.49500,0.50709,0.27275,0.22016
52.40250,0.49500,0.62921,0.19323,0.17756
52.50250,0.49500,0.15754,0.45972,0.38274
52.60250,0.49500,0.29224,0.30644,0.40132
52.70250,0.49500,0.08712,0.25471,0.65817
52.80250,0.49500,0.06726,0.25522,0.67752
52.90250,0.49500,0.16286,0.14952,0.68762
53.00250,0.49500,0.18364,0.19822,0.61814
53.10250,0.49500,0.22250,0.20761,0.56989
53.20250,0.49500,0.26105,0.35502,0.38393
53.30250,0.49500,0.23003,0.20412,0.56585
53.40250,0.49500,0.12852,0.30895,0.56254
53.50250,0.49500,0.10836,0.23638,0.65527
53.60250,0.49500,0.07880,0.39517,0.52603
53.70250,0.49500,0.27408,0.46816,0.25776
53.80250,0.49500,0.43857,0.45517,0.10625
53.90250,0.49500,0.49177,0.43546,0.07277
54.00250,0.49500,0.52918,0.40665,0.06417
54.10250,0.49500,0.10137,0.72105,0.17758
54.20250,0.49500,0.16814,0.51276,0.31910
54.30250,0.49500,0.48883,0.36192,0.14926
54.40250,0.49500,0.46618,0.38527,0.14856
54.50250,0.49500,0.78112,0.18250,0.03638
54.60250,0.49500,0.85441,0.14182,0.00376
54.70250,0.49500,0.89208,0.10411,0.00381
54.80250,0.49500,0.92247,0.07724,0.00029
54.90250,0.49500,0.94315,0.05684,0.00001
55.00250,0.49500,0.96242,0.03758,0.00000
55.10250,0.49500,0.93833,0.06167,0.00000
55.20250,0.49500,0.97947,0.02053,0.00000
55.30250,0.49500,0.97517,0.02483,0.00000
55.40250,0.49500,0.88033,0.11965,0.00002
55.50250,0.49500,0.86167,0.13826,0.00007
55.60250,0.49500,0.85669,0.14330,0.00001
55.70250,0.49500,0.79761,0.20219,0.00020
55.80250,0.49500,0.62099,0.37893,0.00008
55.90250,0.49500,0.87906,0.12071,0.00024
56.00250,0.49500,0.63938,0.35925,0.00138
56.10250,0.49500,0.36204,0.63669,0.00127
56.20250,0.49500,0.42141,0.57674,0.00185
56.30250,0.49500,0.81969,0.17462,0.00570
56.40250,0.49500,0.65761,0.34219,0.00020
56.50250,0.49500,0.94370,0.05629,0.00001
56.60250,0.49500,0.92766,0.07234,0.00000
56.70250,0.49500,0.98566,0.01434,0.00000
56.80250,0.49500,0.79067,0.20933,0.00000
56.90250,0.49500,0.79980,0.20020,0.00000
57.00250,0.49500,0.95334,0.04666,0.00000
57.10250,0.49500,0.98432,0.01568,0.00000
57.20250,0.49500,0.96865,0.03135,0.00000
57.30250,0.49500,0.97206,0.02794,0.00000
57.40250,0.49500,0.98990,0.01010,0.00000
57.50250,0.49500,0.94667,0.05333,0.00000
57.60250,0.49500,0.96722,0.03278,0.00000
57.70250,0.49500,0.99356,0.00643,0.00000
57.80250,0.49500,0.97596,0.02397,0.00007
57.90250,0.49500,0.91366,0.08559,0.00075
58.00250,0.49500,0.91712,0.07464,0.00824
58.10250,0.49500,0.86934,0.09830,0.03236
58.20250,0.49500,0.97787,0.01507,0.00706
58.30250,0.49500,0.93377,0.06431,0.00193
58.40250,0.49500,0.76410,0.23519,0.00071
58.50250,0.49500,0.94908,0.05090,0.00002
58.60250,0.49500,0.71871,0.28113,0.00016
58.70250,0.49500,0.23152,0.76845,0.00003
58.80250,0.49500,0.63006,0.36993,0.00000
58.90250,0.49500,0.69922,0.30077,0.00001
59.00250,0.49500,0.95618,0.04382,0.00000
59.10250,0.49500,0.90895,0.09105,0.00000
59.20250,0.49500,0.83033,0.16957,0.00010
59.30250,0.49500,0.85311,0.14645,0.00044
59.40250,0.49500,0.49933,0.49916,0.00151
59.50250,0.49500,0.14512,0.85400,0.00089
59.60250,0.49500,0.22606,0.77358,0.00036
59.70250,0.49500,0.13228,0.86726,0.00046
59.80250,0.49500,0.06481,0.93501,0.00018
59.90250,0.49500,0.11412,0.88374,0.00214
60.00250,0.49500,0.56449,0.43501,0.00050
60.10250,0.49500,0.96048,0.03920,0.00032
60.20250,0.49500,0.92522,0.07474,0.00004
60.30250,0.49500,0.96203,0.03797,0.00000
60.40250,0.49500,0.82951,0.17049,0.00000
60.50250,0.49500,0.90742,0.09258,0.00000
60.60250,0.49500,0.94528,0.05472,0.00000
60.70250,0.49500,0.88536,0.11464,0.00000
60.80250,0.49500,0.84701,0.15299,0.00000
60.90250,0.49500,0.87771,0.12229,0.00000
61.00250,0.49500,0.90151,0.09849,0.00000
61.10250,0.49500,0.95297,0.04703,0.00000
61.20250,0.49500,0.88446,0.11554,0.00000
61.30250,0.49500,0.93122,0.06878,0.00000
61.40250,0.49500,0.96522,0.03478,0.00000
61.50250,0.49500,0.89569,0.10430,0.00001
61.60250,0.49500,0.87508,0.12491,0.00001
61.70250,0.49500,0.87485,0.12515,0.00000
61.80250,0.49500,0.88117,0.11883,0.00000
61.90250,0.49500,0.67430,0.32570,0.00000
62.00250,0.49500,0.81660,0.18340,0.00000
62.10250,0.49500,0.88575,0.11425,0.00000
62.20250,0.49500,0.79892,0.20105,0.00003
62.30250,0.49500,0.88055,0.11945,0.00001
62.40250,0.49500,0.79331,0.20668,0.00001
62.50250,0.49500,0.87172,0.12828,0.00000
62.60250,0.49500,0.94387,0.05613,0.00000
62.70250,0.49500,0.83844,0.16156,0.00000
62.80250,0.49500,0.77976,0.22023,0.00001
62.90250,0.49500,0.91364,0.08626,0.00010
63.00250,0.49500,0.88118,0.11879,0.00003
63.10250,0.49500,0.76195,0.23804,0.00002
63.20250,0.49500,0.90958,0.09038,0.00004
63.30250,0.49500,0.93904,0.06053,0.00043
63.40250,0.49500,0.91231,0.08765,0.00004
63.50250,0.49500,0.96592,0.03391,0.00017
63.60250,0.49500,0.93219,0.06774,0.00006
63.70250,0.49500,0.87367,0.12632,0.00001
63.80250,0.49500,0.86662,0.13338,0.00000
63.90250,0.49500,0.90532,0.09468,0.00000
64.00250,0.49500,0.91505,0.08493,0.00003
64.10250,0.49500,0.92272,0.07726,0.00001
64.20250,0.49500,0.94148,0.05852,0.00000
64.30250,0.49500,0.84992,0.15008,0.00000
64.40250,0.49500,0.89792,0.10208,0.00000
64.50250,0.49500,0.61227,0.38773,0.00000
64.60250,0.49500,0.25447,0.74553,0.00000
64.70250,0.49500,0.66093,0.33907,0.00000
64.80250,0.49500,0.62738,0.37260,0.00001
64.90250,0.49500,0.59258,0.40741,0.00001
65.00250,0.49500,0.90958,0.09042,0.00000
65.10250,0.49500,0.98001,0.01997,0.00002
65.20250,0.49500,0.86378,0.13622,0.00000
65.30250,0.49500,0.96496,0.03504,0.00000
65.40250,0.49500,0.95713,0.04287,0.00000
65.50250,0.49500,0.94412,0.05588,0.00000
65.60250,0.49500,0.99635,0.00365,0.00000
65.70250,0.49500,0.95901,0.04099,0.00000
65.80250,0.49500,0.99569,0.00431,0.00000
65.90250,0.49500,0.98826,0.01174,0.00000
66.00250,0.49500,0.98136,0.01864,0.00000
66.10250,0.49500,0.95145,0.04855,0.00000
66.20250,0.49500,0.77177,0.22823,0.00000
66.30250,0.49500,0.98526,0.01469,0.00005
66.40250,0.49500,0.98546,0.01307,0.00147
66.50250,0.49500,0.96607,0.02990,0.00403
66.60250,0.49500,0.91730,0.08035,0.00235
66.70250,0.49500,0.77365,0.07093,0.15543
66.80250,0.49500,0.93969,0.03494,0.02537
66.90250,0.49500,0.86692,0.10753,0.02555
67.00250,0.49500,0.87145,0.11944,0.00911
67.10250,0.49500,0.95796,0.04058,0.00146
67.20250,0.49500,0.90906,0.08328,0.00766
67.30250,0.49500,0.83893,0.15750,0.00357
67.40250,0.49500,0.71067,0.28923,0.00010
67.50250,0.49500,0.87575,0.12361,0.00064
67.60250,0.49500,0.95795,0.04192,0.00012
67.70250,0.49500,0.98520,0.01472,0.00007
67.80250,0.49500,0.98351,0.01644,0.00005
67.90250,0.49500,0.99564,0.00400,0.00035
68.00250,0.49500,0.99436,0.00537,0.00027
68.10250,0.49500,0.91846,0.08111,0.00043
68.20250,0.49500,0.99174,0.00826,0.00000
68.30250,0.49500,0.99485,0.00515,0.00000
68.40250,0.49500,0.98520,0.01480,0.00000
68.50250,0.49500,0.99706,0.00294,0.00000
68.60250,0.49500,0.99541,0.00459,0.00000
68.70250,0.49500,0.99048,0.00952,0.00000
68.80250,0.49500,0.99623,0.00377,0.00000
68.90250,0.49500,0.99244,0.00756,0.00000
69.00250,0.49500,0.98317,0.01683,0.00000
69.10250,0.49500,0.81990,0.18010,0.00000
69.20250,0.49500,0.83679,0.16321,0.00000
69.30250,0.49500,0.91299,0.08701,0.00000
69.40250,0.49500,0.91357,0.08641,0.00001
69.50250,0.49500,0.41547,0.58451,0.00002
69.60250,0.49500,0.70595,0.29405,0.00000
69.70250,0.49500,0.87311,0.12689,0.00000
69.80250,0.49500,0.61362,0.38638,0.00000
69.90250,0.49500,0.58135,0.41865,0.00000
70.00250,0.49500,0.37068,0.62932,0.00000
70.10250,0.49500,0.64020,0.35979,0.00000
70.20250,0.49500,0.88465,0.11533,0.00001
70.30250,0.49500,0.83594,0.16405,0.00000
70.40250,0.49500,0.94771,0.05214,0.00016
70.50250,0.49500,0.92815,0.07182,0.00003
70.60250,0.49500,0.93860,0.06139,0.00001
70.70250,0.49500,0.91541,0.08459,0.00000
70.80250,0.49500,0.81655,0.18343,0.00002
70.90250,0.49500,0.69445,0.30549,0.00006
71.00250,0.49500,0.86469,0.13530,0.00000
71.10250,0.49500,0.94841,0.05159,0.00000
71.20250,0.49500,0.89742,0.10258,0.00000
71.30250,0.49500,0.99788,0.00212,0.00000
71.40250,0.49500,0.99046,0.00954,0.00000
71.50250,0.49500,0.94906,0.05094,0.00000
71.60250,0.49500,0.99544,0.00456,0.00000
71.70250,0.49500,0.94593,0.05407,0.00000
71.80250,0.49500,0.93422,0.06578,0.00000
71.90250,0.49500,0.97515,0.02484,0.00001
72.00250,0.49500,0.80389,0.19608,0.00003
72.10250,0.49500,0.94949,0.05042,0.00008
72.20250,0.49500,0.98222,0.01778,0.00001
72.30250,0.49500,0.97265,0.02734,0.00001
72.40250,0.49500,0.99090,0.00910,0.00000
72.50250,0.49500,0.97202,0.02797,0.00001
72.60250,0.49500,0.98390,0.01599,0.00012
72.70250,0.49500,0.98696,0.01303,0.00001
72.80250,0.49500,0.96481,0.03505,0.00014
72.90250,0.49500,0.87594,0.12400,0.00007
73.00250,0.49500,0.96467,0.03524,0.00009
73.10250,0.49500,0.98141,0.01779,0.00080
73.20250,0.49500,0.96942,0.03049,0.00009
73.30250,0.49500,0.98066,0.01921,0.00014
73.40250,0.49500,0.95869,0.04122,0.00009
73.50250,0.49500,0.97471,0.02431,0.00098
73.60250,0.49500,0.98697,0.01291,0.00012
73.70250,0.49500,0.98846,0.01109,0.00044
73.80250,0.49500,0.91165,0.07436,0.01399
73.90250,0.49500,0.82568,0.06595,0.10836
74.00250,0.49500,0.34392,0.10013,0.55594
74.10250,0.49500,0.06335,0.02972,0.90693
74.20250,0.49500,0.09053,0.04522,0.86425
74.30250,0.49500,0.07182,0.03028,0.89790
74.40250,0.49500,0.10343,0.04496,0.85161
74.50250,0.49500,0.06167,0.02271,0.91562
74.60250,0.49500,0.05507,0.01899,0.92594
74.70250,0.49500,0.04900,0.02537,0.92564
74.80250,0.49500,0.03681,0.03161,0.93158
74.90250,0.49500,0.03928,0.04243,0.91829
75.00250,0.49500,0.04023,0.07038,0.88939
75.10250,0.49500,0.04835,0.16141,0.79024
75.20250,0.49500,0.04749,0.08772,0.86479
75.30250,0.49500,0.04444,0.04767,0.90789
75.40250,0.49500,0.05381,0.03677,0.90942
75.50250,0.49500,0.05738,0.05483,0.88779
75.60250,0.49500,0.07728,0.04900,0.87372
75.70250,0.49500,0.07648,0.06337,0.86015
75.80250,0.49500,0.04598,0.07269,0.88133
75.90250,0.49500,0.04750,0.05754,0.89495
76.00250,0.49500,0.06037,0.06927,0.87036
76.10250,0.49500,0.04938,0.04711,0.90351
76.20250,0.49500,0.04902,0.02176,0.92922
76.30250,0.49500,0.04820,0.02012,0.93168
76.40250,0.49500,0.02477,0.01641,0.95882
76.50250,0.49500,0.03262,0.01257,0.95481
76.60250,0.49500,0.02597,0.01264,0.96139
76.70250,0.49500,0.03308,0.02263,0.94429
76.80250,0.49500,0.02976,0.01450,0.95574
76.90250,0.49500,0.03516,0.02018,0.94465
77.00250,0.49500,0.04732,0.03474,0.91793
77.10250,0.49500,0.05034,0.04599,0.90366
77.20250,0.49500,0.05620,0.03757,0.90623
77.30250,0.49500,0.04264,0.03072,0.92664
77.40250,0.49500,0.03761,0.02746,0.93493
77.50250,0.49500,0.05354,0.01872,0.92775
77.60250,0.49500,0.05562,0.01308,0.93130
77.70250,0.49500,0.05163,0.01088,0.93749
77.80250,0.49500,0.05129,0.01434,0.93437
77.90250,0.49500,0.05162,0.01033,0.93805
78.00250,0.49500,0.04041,0.01215,0.94744
78.10250,0.49500,0.04090,0.01316,0.94594
78.20250,0.49500,0.03855,0.00971,0.95175
78.30250,0.49500,0.04414,0.00860,0.94726
78.40250,0.49500,0.04229,0.01328,0.94443
78.50250,0.49500,0.03719,0.00699,0.95582
78.60250,0.49500,0.05818,0.00688,0.93494
78.70250,0.49500,0.07423,0.00703,0.91874
78.80250,0.49500,0.08423,0.00419,0.91158
78.90250,0.49500,0.12206,0.00492,0.87302
79.00250,0.49500,0.07463,0.00605,0.91931
79.10250,0.49500,0.03712,0.00550,0.95738
79.20250,0.49500,0.05282,0.00619,0.94100
79.30250,0.49500,0.03881,0.01190,0.94930
79.40250,0.49500,0.03503,0.01298,0.95199
79.50250,0.49500,0.03773,0.01070,0.95157
79.60250,0.49500,0.03054,0.01240,0.95706
79.70250,0.49500,0.03856,0.03454,0.92690
79.80250,0.49500,0.02804,0.02348,0.94848
79.90250,0.49500,0.04820,0.02368,0.92811
80.00250,0.49500,0.07689,0.02226,0.90084
80.10250,0.49500,0.10196,0.02918,0.86887
80.20250,0.49500,0.10718,0.04047,0.85236
80.30250,0.49500,0.08819,0.03667,0.87514
80.40250,0.49500,0.03524,0.02637,0.93838
80.50250,0.49500,0.03443,0.02594,0.93962
80.60250,0.49500,0.03460,0.02376,0.94165
80.70250,0.49500,0.04976,0.02454,0.92570
80.80250,0.49500,0.07257,0.01117,0.91626
80.90250,0.49500,0.06284,0.00854,0.92862
81.00250,0.49500,0.05827,0.00971,0.93202
81.10250,0.49500,0.04777,0.00947,0.94277
81.20250,0.49500,0.04532,0.00638,0.94830
81.30250,0.49500,0.04802,0.00621,0.94577
81.40250,0.49500,0.08162,0.02036,0.89801
81.50250,0.49500,0.06754,0.01255,0.91991
81.60250,0.49500,0.06673,0.01277,0.92050
81.70250,0.49500,0.06501,0.01290,0.92208
81.80250,0.49500,0.04348,0.00926,0.94725
81.90250,0.49500,0.05653,0.00801,0.93547
82.00250,0.49500,0.06142,0.00701,0.93157
82.10250,0.49500,0.06154,0.00662,0.93183
82.20250,0.49500,0.05118,0.00870,0.94013
82.30250,0.49500,0.08569,0.00990,0.90442
82.40250,0.49500,0.08937,0.00961,0.90101
82.50250,0.49500,0.07512,0.00812,0.91676
82.60250,0.49500,0.16083,0.01502,0.82415
82.70250,0.49500,0.05485,0.02295,0.92220
82.80250,0.49500,0.06102,0.02165,0.91734
82.90250,0.49500,0.05608,0.02940,0.91452
83.00250,0.49500,0.04021,0.03902,0.92077
83.10250,0.49500,0.03241,0.03206,0.93554
83.20250,0.49500,0.03692,0.02078,0.94230
83.30250,0.49500,0.05591,0.01808,0.92601
83.40250,0.49500,0.05173,0.01980,0.92848
83.50250,0.49500,0.07035,0.00911,0.92054
83.60250,0.49500,0.08578,0.00994,0.90427
83.70250,0.49500,0.08705,0.00843,0.90452
83.80250,0.49500,0.09348,0.00650,0.90002
83.90250,0.49500,0.07274,0.00412,0.92314
84.00250,0.49500,0.08277,0.00652,0.91071
84.10250,0.49500,0.05829,0.00818,0.93353
84.20250,0.49500,0.04664,0.00497,0.94839
84.30250,0.49500,0.05176,0.00834,0.93990
84.40250,0.49500,0.04023,0.00756,0.95220
84.50250,0.49500,0.03459,0.00704,0.95837
84.60250,0.49500,0.04712,0.00860,0.94429
84.70250,0.49500,0.03706,0.00483,0.95810
84.80250,0.49500,0.04901,0.00684,0.94415
84.90250,0.49500,0.07365,0.01287,0.91348
85.00250,0.49500,0.06432,0.01024,0.92544
85.10250,0.49500,0.06624,0.01622,0.91753
85.20250,0.49500,0.17422,0.02721,0.79857
85.30250,0.49500,0.16296,0.04025,0.79680
85.40250,0.49500,0.13041,0.05057,0.81902
85.50250,0.49500,0.11507,0.08140,0.80353
85.60250,0.49500,0.04352,0.04564,0.91084
85.70250,0.49500,0.04556,0.05646,0.89798
85.80250,0.49500,0.03542,0.05971,0.90487
85.90250,0.49500,0.04828,0.06218,0.88954
86.00250,0.49500,0.05538,0.02925,0.91537
86.10250,0.49500,0.09710,0.02699,0.87591
86.20250,0.49500,0.08126,0.03354,0.88520
86.30250,0.49500,0.08017,0.02095,0.89888
86.40250,0.49500,0.05350,0.01482,0.93168
86.50250,0.49500,0.07320,0.02290,0.90390
86.60250,0.49500,0.07841,0.03238,0.88921
86.70250,0.49500,0.08827,0.02710,0.88463
86.80250,0.49500,0.05048,0.02565,0.92387
86.90250,0.49500,0.04761,0.02984,0.92256
87.00250,0.49500,0.05418,0.02282,0.92300
87.10250,0.49500,0.04936,0.02713,0.92351
87.20250,0.49500,0.04971,0.02200,0.92830
87.30250,0.49500,0.04143,0.01671,0.94186
87.40250,0.49500,0.03445,0.02561,0.93994
87.50250,0.49500,0.05207,0.04517,0.90276
87.60250,0.49500,0.07598,0.05740,0.86663
87.70250,0.49500,0.07149,0.03757,0.89094
87.80250,0.49500,0.07683,0.05374,0.86943
87.90250,0.49500,0.08016,0.06030,0.85954
88.00250,0.49500,0.06733,0.04186,0.89081
88.10250,0.49500,0.06453,0.04050,0.89497
88.20250,0.49500,0.04867,0.02589,0.92544
88.30250,0.49500,0.04691,0.02946,0.92363
88.40250,0.49500,0.04567,0.02600,0.92833
88.50250,0.49500,0.05256,0.02619,0.92125
88.60250,0.49500,0.05803,0.02190,0.92007
88.70250,0.49500,0.10678,0.01821,0.87500
88.80250,0.49500,0.10906,0.03035,0.86058
88.90250,0.49500,0.07661,0.03157,0.89183
89.00250,0.49500,0.08011,0.01324,0.90666
89.10250,0.49500,0.05104,0.01416,0.93480
89.20250,0.49500,0.04406,0.02808,0.92787
89.30250,0.49500,0.06526,0.02416,0.91058
89.40250,0.49500,0.05022,0.01645,0.93332
89.50250,0.49500,0.04540,0.02345,0.93114
89.60250,0.49500,0.07005,0.02428,0.90567
89.70250,0.49500,0.04225,0.01999,0.93776
89.80250,0.49500,0.04648,0.02389,0.92963
89.90250,0.49500,0.05545,0.02195,0.92261
90.00250,0.49500,0.04073,0.02307,0.93620
90.10250,0.49500,0.03164,0.02841,0.93995
90.20250,0.49500,0.02695,0.04148,0.93157
90.30250,0.49500,0.02699,0.03822,0.93478
90.40250,0.49500,0.04631,0.04424,0.90945
90.50250,0.49500,0.05908,0.04224,0.89868
90.60250,0.49500,0.07804,0.06949,0.85247
90.70250,0.49500,0.06802,0.08626,0.84572
90.80250,0.49500,0.05393,0.08182,0.86425
90.90250,0.49500,0.04417,0.20191,0.75392
91.00250,0.49500,0.06323,0.24550,0.69126
91.10250,0.49500,0.07890,0.28610,0.63500
91.20250,0.49500,0.11743,0.23440,0.64817
91.30250,0.49500,0.14451,0.41375,0.44175
91.40250,0.49500,0.10127,0.31292,0.58581
91.50250,0.49500,0.10572,0.34235,0.55193
91.60250,0.49500,0.06841,0.25060,0.68099
91.70250,0.49500,0.06914,0.31476,0.61610
91.80250,0.49500,0.07082,0.40961,0.51957
91.90250,0.49500,0.09577,0.49497,0.40926
92.00250,0.49500,0.12927,0.40599,0.46475
92.10250,0.49500,0.08996,0.56434,0.34571
92.20250,0.49500,0.09127,0.39902,0.50972
92.30250,0.49500,0.09914,0.34921,0.55166
92.40250,0.49500,0.07896,0.42898,0.49206
92.50250,0.49500,0.10664,0.35200,0.54136
92.60250,0.49500,0.11119,0.41764,0.47117
92.70250,0.49500,0.07914,0.32848,0.59238
92.80250,0.49500,0.12264,0.20553,0.67183
92.90250,0.49500,0.11162,0.18829,0.70009
93.00250,0.49500,0.08588,0.07465,0.83947
93.10250,0.49500,0.09104,0.05221,0.85675
93.20250,0.49500,0.04036,0.05028,0.90936
93.30250,0.49500,0.04978,0.04405,0.90616
93.40250,0.49500,0.05396,0.04572,0.90032
93.50250,0.49500,0.04692,0.04290,0.91018
93.60250,0.49500,0.04509,0.04125,0.91366
93.70250,0.49500,0.05159,0.03777,0.91064
93.80250,0.49500,0.07173,0.04726,0.88101
93.90250,0.49500,0.07592,0.02832,0.89576
94.00250,0.49500,0.08822,0.04414,0.86763
94.10250,0.49500,0.07881,0.04366,0.87753
94.20250,0.49500,0.08451,0.05463,0.86087
94.30250,0.49500,0.05798,0.07726,0.86476
94.40250,0.49500,0.07151,0.10479,0.82370
94.50250,0.49500,0.05932,0.07576,0.86493
94.60250,0.49500,0.06121,0.07625,0.86254
94.70250,0.49500,0.05987,0.10434,0.83579
94.80250,0.49500,0.05360,0.09705,0.84935
94.90250,0.49500,0.03937,0.10920,0.85143
95.00250,0.49500,0.05011,0.08651,0.86338
95.10250,0.49500,0.04767,0.13598,0.81636
95.20250,0.49500,0.08074,0.16036,0.75890
95.30250,0.49500,0.09130,0.16019,0.74851
95.40250,0.49500,0.05296,0.08640,0.86064
95.50250,0.49500,0.05863,0.10166,0.83971
95.60250,0.49500,0.08176,0.06254,0.85569
95.70250,0.49500,0.07662,0.06719,0.85619
95.80250,0.49500,0.07820,0.08100,0.84080
95.90250,0.49500,0.08141,0.14202,0.77657
96.00250,0.49500,0.05648,0.16113,0.78240
96.10250,0.49500,0.05323,0.22761,0.71916
96.20250,0.49500,0.04528,0.24705,0.70766
96.30250,0.49500,0.08836,0.29215,0.61949
96.40250,0.49500,0.06752,0.25261,0.67987
96.50250,0.49500,0.06787,0.13752,0.79461
96.60250,0.49500,0.08515,0.16331,0.75154
96.70250,0.49500,0.05208,0.15279,0.79514
96.80250,0.49500,0.06590,0.19125,0.74285
96.90250,0.49500,0.05850,0.16369,0.77781
97.00250,0.49500,0.05831,0.13641,0.80527
97.10250,0.49500,0.05691,0.13900,0.80408
97.20250,0.49500,0.04688,0.09754,0.85559
97.30250,0.49500,0.04096,0.05807,0.90097
97.40250,0.49500,0.03711,0.03500,0.92789
97.50250,0.49500,0.03668,0.02528,0.93804
97.60250,0.49500,0.04096,0.01418,0.94485
97.70250,0.49500,0.04337,0.01660,0.94003
97.80250,0.49500,0.06687,0.01478,0.91836
97.90250,0.49500,0.04725,0.01597,0.93678
98.00250,0.49500,0.06223,0.02372,0.91405
98.10250,0.49500,0.08901,0.03606,0.87493
98.20250,0.49500,0.06959,0.02255,0.90786
98.30250,0.49500,0.06413,0.02884,0.90703
98.40250,0.49500,0.05176,0.03209,0.91615
98.50250,0.49500,0.04195,0.02154,0.93651
98.60250,0.49500,0.03788,0.02394,0.93817
98.70250,0.49500,0.03827,0.02774,0.93399
98.80250,0.49500,0.04980,0.04820,0.90200
98.90250,0.49500,0.07281,0.06192,0.86527
99.00250,0.49500,0.13606,0.07939,0.78455
99.10250,0.49500,0.16292,0.15697,0.68011
99.20250,0.49500,0.12560,0.17856,0.69584
99.30250,0.49500,0.09933,0.16339,0.73729
99.40250,0.49500,0.07734,0.12273,0.79992
99.50250,0.49500,0.07825,0.09990,0.82184
99.60250,0.49500,0.05099,0.08458,0.86443
99.70250,0.49500,0.16039,0.08265,0.75696
99.80250,0.49500,0.13220,0.06190,0.80589
99.90250,0.49500,0.15224,0.08636,0.76140
100.00250,0.49500,0.18750,0.10312,0.70938
100.10250,0.49500,0.09769,0.12444,0.77787
100.20250,0.49500,0.07136,0.15997,0.76868
100.30250,0.49500,0.07545,0.12999,0.79457
100.40250,0.49500,0.09011,0.13494,0.77495
100.50250,0.49500,0.10356,0.12400,0.77243
100.60250,0.49500,0.09479,0.09480,0.81042
100.70250,0.49500,0.10834,0.09958,0.79208
100.80250,0.49500,0.11001,0.08206,0.80793
100.90250,0.49500,0.08163,0.07414,0.84423
101.00250,0.49500,0.14913,0.12975,0.72111
101.10250,0.49500,0.09998,0.16096,0.73906
101.20250,0.49500,0.05122,0.11026,0.83852
101.30250,0.49500,0.08020,0.14093,0.77886
101.40250,0.49500,0.05715,0.07945,0.86340
101.50250,0.49500,0.04730,0.08988,0.86282
101.60250,0.49500,0.05251,0.10934,0.83815
101.70250,0.49500,0.04380,0.07982,0.87638
101.80250,0.49500,0.06051,0.14180,0.79769
101.90250,0.49500,0.06056,0.18299,0.75645
102.00250,0.49500,0.12641,0.23907,0.63452
102.10250,0.49500,0.21678,0.30447,0.47875
102.20250,0.49500,0.17502,0.31843,0.50656
102.30250,0.49500,0.16852,0.20734,0.62415
102.40250,0.49500,0.13269,0.20427,0.66304
102.50250,0.49500,0.05017,0.19695,0.75288
102.60250,0.49500,0.05719,0.16900,0.77381
102.70250,0.49500,0.05315,0.14576,0.80109
102.80250,0.49500,0.05321,0.15257,0.79422
102.90250,0.49500,0.10508,0.14292,0.75200
103.00250,0.49500,0.13485,0.15333,0.71182
103.10250,0.49500,0.12988,0.20229,0.66783
103.20250,0.49500,0.12326,0.14844,0.72831
103.30250,0.49500,0.08508,0.10981,0.80510
103.40250,0.49500,0.04354,0.12551,0.83095
103.50250,0.49500,0.06587,0.11012,0.82402
103.60250,0.49500,0.09532,0.15354,0.75115
103.70250,0.49500,0.07173,0.10460,0.82368
103.80250,0.49500,0.14230,0.16739,0.69030
103.90250,0.49500,0.08580,0.22379,0.69041
104.00250,0.49500,0.07379,0.38967,0.53655
104.10250,0.49500,0.08000,0.37435,0.54565
104.20250,0.49500,0.10137,0.36788,0.53074
104.30250,0.49500,0.07316,0.68320,0.24364
104.40250,0.49500,0.06075,0.48240,0.45685
104.50250,0.49500,0.07080,0.67873,0.25047
104.60250,0.49500,0.05515,0.49833,0.44652
104.70250,0.49500,0.05543,0.59015,0.35442
104.80250,0.49500,0.07497,0.48019,0.44484
104.90250,0.49500,0.07436,0.51521,0.41043
105.00250,0.49500,0.06871,0.47076,0.46053
105.10250,0.49500,0.05821,0.68792,0.25387
105.20250,0.49500,0.09339,0.66466,0.24194
105.30250,0.49500,0.17321,0.72829,0.09851
105.40250,0.49500,0.22950,0.72614,0.04436
105.50250,0.49500,0.75424,0.24295,0.00280
105.60250,0.49500,0.70132,0.28887,0.00981
105.70250,0.49500,0.62415,0.37393,0.00192
105.80250,0.49500,0.69962,0.29923,0.00115
105.90250,0.49500,0.75272,0.24713,0.00015
106.00250,0.49500,0.67632,0.32363,0.00005
106.10250,0.49500,0.95864,0.04136,0.00000
106.20250,0.49500,0.99230,0.00770,0.00000
106.30250,0.49500,0.99757,0.00243,0.00000
106.40250,0.49500,0.97545,0.02455,0.00000
106.50250,0.49500,0.72187,0.27813,0.00000
106.60250,0.49500,0.21611,0.78388,0.00001
106.70250,0.49500,0.06240,0.93758,0.00002
106.80250,0.49500,0.04633,0.95338,0.00029
106.90250,0.49500,0.26462,0.73353,0.00185
107.00250,0.49500,0.64533,0.35436,0.00031
107.10250,0.49500,0.48397,0.51540,0.00064
107.20250,0.49500,0.59734,0.40264,0.00002
107.30250,0.49500,0.55876,0.44120,0.00004
107.40250,0.49500,0.08992,0.91006,0.00001
107.50250,0.49500,0.04177,0.95822,0.00001
107.60250,0.49500,0.01904,0.98095,0.00001
107.70250,0.49500,0.05105,0.94894,0.00001
107.80250,0.49500,0.04869,0.95131,0.00000
107.90250,0.49500,0.05035,0.94965,0.00000
108.00250,0.49500,0.03652,0.96348,0.00000
108.10250,0.49500,0.01917,0.98083,0.00000
108.20250,0.49500,0.01978,0.98022,0.00000
108.30250,0.49500,0.00827,0.99173,0.00000
108.40250,0.49500,0.00745,0.99255,0.00000
108.50250,0.49500,0.01152,0.98848,0.00000
108.60250,0.49500,0.00957,0.99043,0.00000
108.70250,0.49500,0.01588,0.98412,0.00000
108.80250,0.49500,0.01270,0.98730,0.00000
108.90250,0.49500,0.01259,0.98741,0.00000
109.00250,0.49500,0.00832,0.99168,0.00000
109.10250,0.49500,0.00778,0.99222,0.00000
109.20250,0.49500,0.00796,0.99204,0.00000
109.30250,0.49500,0.00689,0.99311,0.00000
109.40250,0.49500,0.00721,0.99278,0.00000
109.50250,0.49500,0.00524,0.99476,0.00000
109.60250,0.49500,0.00574,0.99425,0.00000
109.70250,0.49500,0.00679,0.99320,0.00000
109.80250,0.49500,0.00661,0.99339,0.00000
109.90250,0.49500,0.00681,0.99319,0.00000
110.00250,0.49500,0.00857,0.99143,0.00000
110.10250,0.49500,0.00623,0.99377,0.00000
110.20250,0.49500,0.00606,0.99394,0.00000
110.30250,0.49500,0.00655,0.99344,0.00000
110.40250,0.49500,0.00694,0.99305,0.00000
110.50250,0.49500,0.00759,0.99241,0.00000
110.60250,0.49500,0.00716,0.99283,0.00000
110.70250,0.49500,0.00624,0.99376,0.00000
110.80250,0.49500,0.00673,0.99326,0.00000
110.90250,0.49500,0.00649,0.99351,0.00000
111.00250,0.49500,0.00721,0.99279,0.00000
111.10250,0.49500,0.00821,0.99179,0.00000
111.20250,0.49500,0.00666,0.99334,0.00000
111.30250,0.49500,0.00540,0.99459,0.00000
111.40250,0.49500,0.00586,0.99413,0.00001
111.50250,0.49500,0.00549,0.99451,0.00000
111.60250,0.49500,0.00646,0.99354,0.00000
111.70250,0.49500,0.00733,0.99267,0.00000
111.80250,0.49500,0.00672,0.99328,0.00000
111.90250,0.49500,0.00601,0.99399,0.00000
112.00250,0.49500,0.00614,0.99385,0.00000
112.10250,0.49500,0.00821,0.99178,0.00000
112.20250,0.49500,0.00840,0.99159,0.00000
112.30250,0.49500,0.01359,0.98641,0.00000
112.40250,0.49500,0.01371,0.98629,0.00000
112.50250,0.49500,0.01288,0.98712,0.00000
112.60250,0.49500,0.00971,0.99029,0.00000
112.70250,0.49500,0.00813,0.99187,0.00000
112.80250,0.49500,0.00620,0.99379,0.00000
112.90250,0.49500,0.00580,0.99420,0.00000
113.00250,0.49500,0.00624,0.99376,0.00000
113.10250,0.49500,0.00740,0.99260,0.00000
113.20250,0.49500,0.00696,0.99304,0.00000
113.30250,0.49500,0.00857,0.99143,0.00000
113.40250,0.49500,0.00965,0.99035,0.00000
113.50250,0.49500,0.00864,0.99136,0.00000
113.60250,0.49500,0.00834,0.99165,0.00000
113.70250,0.49500,0.00728,0.99271,0.00000
113.80250,0.49500,0.00709,0.99290,0.00001
113.90250,0.49500,0.00700,0.99299,0.00001
114.00250,0.49500,0.00767,0.99232,0.00001
114.10250,0.49500,0.00751,0.99248,0.00001
114.20250,0.49500,0.00694,0.99305,0.00001
114.30250,0.49500,0.00670,0.99330,0.00000
114.40250,0.49500,0.00671,0.99328,0.00000
114.50250,0.49500,0.00695,0.99304,0.00000
114.60250,0.49500,0.00669,0.99330,0.00000
114.70250,0.49500,0.00564,0.99436,0.00000
114.80250,0.49500,0.00933,0.99067,0.00000
114.90250,0.49500,0.01042,0.98958,0.00000
115.00250,0.49500,0.01134,0.98866,0.00000
115.10250,0.49500,0.00956,0.99044,0.00000
115.20250,0.49500,0.00987,0.99013,0.00000
115.30250,0.49500,0.01090,0.98910,0.00000
115.40250,0.49500,0.01146,0.98854,0.00000
115.50250,0.49500,0.01121,0.98878,0.00000
115.60250,0.49500,0.01004,0.98996,0.00000
115.70250,0.49500,0.00586,0.99414,0.00000
115.80250,0.49500,0.00613,0.99387,0.00000
115.90250,0.49500,0.00658,0.99342,0.00000
116.00250,0.49500,0.00682,0.99317,0.00000
116.10250,0.49500,0.01025,0.98974,0.00001
116.20250,0.49500,0.00884,0.99115,0.00001
116.30250,0.49500,0.00879,0.99121,0.00000
116.40250,0.49500,0.00943,0.99056,0.00001
116.50250,0.49500,0.00820,0.99180,0.00000
116.60250,0.49500,0.00754,0.99245,0.00000
116.70250,0.49500,0.00674,0.99326,0.00000
116.80250,0.49500,0.00724,0.99276,0.00000
116.90250,0.49500,0.00965,0.99035,0.00001
117.00250,0.49500,0.01468,0.98532,0.00000
117.10250,0.49500,0.01610,0.98390,0.00001
117.20250,0.49500,0.01646,0.98353,0.00001
117.30250,0.49500,0.01799,0.98201,0.00001
117.40250,0.49500,0.00750,0.99248,0.00001
117.50250,0.49500,0.00599,0.99400,0.00001
117.60250,0.49500,0.00534,0.99464,0.00002
117.70250,0.49500,0.00481,0.99516,0.00003
117.80250,0.49500,0.00841,0.99155,0.00003
117.90250,0.49500,0.00774,0.99224,0.00002
118.00250,0.49500,0.01137,0.98860,0.00003
118.10250,0.49500,0.00918,0.99081,0.00001
118.20250,0.49500,0.00897,0.99100,0.00003
118.30250,0.49500,0.00602,0.99397,0.00001
118.40250,0.49500,0.00970,0.99029,0.00001
118.50250,0.49500,0.00807,0.99191,0.00001
118.60250,0.49500,0.00692,0.99307,0.00001
118.70250,0.49500,0.00695,0.99304,0.00001
118.80250,0.49500,0.00641,0.99357,0.00002
118.90250,0.49500,0.00793,0.99203,0.00003
119.00250,0.49500,0.00679,0.99319,0.00003
119.10250,0.49500,0.01051,0.98946,0.00003
119.20250,0.49500,0.00738,0.99261,0.00001
119.30250,0.49500,0.01131,0.98867,0.00002
119.40250,0.49500,0.00793,0.99207,0.00001
119.50250,0.49500,0.00672,0.99327,0.00001
119.60250,0.49500,0.00738,0.99260,0.00001
119.70250,0.49500,0.00843,0.99155,0.00002
119.80250,0.49500,0.00741,0.99257,0.00002
119.90250,0.49500,0.00705,0.99292,0.00002
120.00250,0.49500,0.00489,0.99509,0.00002
120.10250,0.49500,0.00540,0.99458,0.00002
120.20250,0.49500,0.00747,0.99251,0.00002
120.30250,0.49500,0.01100,0.98898,0.00002
120.40250,0.49500,0.01078,0.98921,0.00001
120.50250,0.49500,0.01087,0.98912,0.00001
120.60250,0.49500,0.01130,0.98870,0.00000
120.70250,0.49500,0.00900,0.99099,0.00001
120.80250,0.49500,0.00642,0.99358,0.00001
120.90250,0.49500,0.00616,0.99384,0.00001
121.00250,0.49500,0.00695,0.99304,0.00001
121.10250,0.49500,0.00565,0.99434,0.00001
121.20250,0.49500,0.00487,0.99512,0.00001
121.30250,0.49500,0.00623,0.99376,0.00001
121.40250,0.49500,0.00775,0.99223,0.00002
121.50250,0.49500,0.00625,0.99373,0.00002
121.60250,0.49500,0.00681,0.99317,0.00002
121.70250,0.49500,0.00604,0.99394,0.00002
121.80250,0.49500,0.00660,0.99338,0.00002
121.90250,0.49500,0.00827,0.99172,0.00001
122.00250,0.49500,0.00840,0.99160,0.00001
122.10250,0.49500,0.00617,0.99382,0.00001
122.20250,0.49500,0.00686,0.99312,0.00001
122.30250,0.49500,0.00659,0.99338,0.00002
122.40250,0.49500,0.00596,0.99402,0.00002
122.50250,0.49500,0.00755,0.99239,0.00006
122.60250,0.49500,0.00562,0.99434,0.00005
122.70250,0.49500,0.00531,0.99465,0.00004
122.80250,0.49500,0.00512,0.99484,0.00004
122.90250,0.49500,0.00599,0.99397,0.00004
123.00250,0.49500,0.00689,0.99308,0.00003
123.10250,0.49500,0.00674,0.99324,0.00002
123.20250,0.49500,0.00775,0.99223,0.00002
123.30250,0.49500,0.00675,0.99323,0.00002
123.40250,0.49500,0.00645,0.99353,0.00002
123.50250,0.49500,0.00588,0.99409,0.00002
123.60250,0.49500,0.00641,0.99356,0.00003
123.70250,0.49500,0.00526,0.99471,0.00003
123.80250,0.49500,0.00613,0.99384,0.00003
123.90250,0.49500,0.00563,0.99434,0.00002
124.00250,0.49500,0.00608,0.99390,0.00002
124.10250,0.49500,0.00581,0.99417,0.00002
124.20250,0.49500,0.00654,0.99343,0.00003
124.30250,0.49500,0.00509,0.99489,0.00002
124.40250,0.49500,0.00540,0.99458,0.00002
124.50250,0.49500,0.00577,0.99420,0.00004
124.60250,0.49500,0.00547,0.99445,0.00008
124.70250,0.49500,0.00525,0.99469,0.00006
124.80250,0.49500,0.00543,0.99450,0.00007
124.90250,0.49500,0.00523,0.99469,0.00008
125.00250,0.49500,0.00551,0.99444,0.00005
125.10250,0.49500,0.00558,0.99439,0.00003
125.20250,0.49500,0.00549,0.99448,0.00003
125.30250,0.49500,0.00578,0.99418,0.00004
125.40250,0.49500,0.00592,0.99406,0.00003
125.50250,0.49500,0.00625,0.99370,0.00005
125.60250,0.49500,0.00487,0.99508,0.00006
125.70250,0.49500,0.00611,0.99382,0.00007
125.80250,0.49500,0.00584,0.99412,0.00004
125.90250,0.49500,0.00567,0.99429,0.00003
126.00250,0.49500,0.00557,0.99441,0.00002
126.10250,0.49500,0.00593,0.99405,0.00002
126.20250,0.49500,0.00589,0.99410,0.00001
126.30250,0.49500,0.00693,0.99306,0.00001
126.40250,0.49500,0.00635,0.99364,0.00001
126.50250,0.49500,0.00706,0.99293,0.00001
126.60250,0.49500,0.00598,0.99402,0.00001
126.70250,0.49500,0.00548,0.99451,0.00000
126.80250,0.49500,0.00651,0.99348,0.00001
126.90250,0.49500,0.00608,0.99390,0.00001
127.00250,0.49500,0.00774,0.99224,0.00002
127.10250,0.49500,0.00632,0.99367,0.00001
127.20250,0.49500,0.00724,0.99275,0.00001
127.30250,0.49500,0.00996,0.99003,0.00001
127.40250,0.49500,0.00688,0.99311,0.00001
127.50250,0.49500,0.00719,0.99280,0.00000
127.60250,0.49500,0.00897,0.99103,0.00000
127.70250,0.49500,0.01162,0.98836,0.00002
127.80250,0.49500,0.39383,0.60616,0.00000
127.90250,0.49501,0.92941,0.07059,0.00000
128.00250,0.49500,0.73038,0.26962,0.00000
128.10249,0.49501,0.99602,0.00398,0.00000
128.20250,0.49500,0.97861,0.02139,0.00000
128.30251,0.49500,0.67966,0.32034,0.00001
128.40250,0.49501,0.31528,0.68441,0.00032
128.50250,0.49500,0.12183,0.83339,0.04478
128.60249,0.49501,0.10763,0.62985,0.26252
128.70250,0.49500,0.14432,0.51448,0.34119
128.80251,0.49500,0.10476,0.39850,0.49674
128.90250,0.49501,0.11588,0.28028,0.60384
129.00250,0.49500,0.10800,0.30907,0.58293
129.10249,0.49501,0.04946,0.13716,0.81337
129.20250,0.49500,0.05570,0.07557,0.86873
129.30251,0.49500,0.03578,0.06544,0.89878
129.40250,0.49501,0.04035,0.05585,0.90379
129.50250,0.49500,0.03566,0.05617,0.90817
129.60249,0.49501,0.03983,0.04114,0.91903
129.70250,0.49500,0.05032,0.08299,0.86669
129.80251,0.49500,0.06132,0.10118,0.83750
129.90250,0.49501,0.06042,0.08470,0.85488
130.00250,0.49500,0.05099,0.10912,0.83989
130.10249,0.49501,0.04413,0.14997,0.80590
130.20250,0.49500,0.04603,0.11754,0.83643
130.30251,0.49500,0.05950,0.15406,0.78644
130.40250,0.49501,0.06709,0.22132,0.71159
130.50250,0.49500,0.08038,0.27321,0.64641
130.60249,0.49501,0.07493,0.16403,0.76103
130.70250,0.49500,0.04382,0.15782,0.79836
130.80251,0.49500,0.05213,0.20429,0.74359
130.90250,0.49501,0.23227,0.28929,0.47845
131.00250,0.49500,0.75721,0.06238,0.18041
131.10249,0.49501,0.75964,0.11374,0.12662
131.20250,0.49500,0.83723,0.12657,0.03620
131.30251,0.49500,0.52330,0.26772,0.20898
131.40250,0.49501,0.13934,0.23819,0.62247
131.50250,0.49500,0.64848,0.15173,0.19979
131.60249,0.49501,0.89763,0.06202,0.04035
131.70250,0.49500,0.94370,0.03738,0.01892
131.80251,0.49500,0.90658,0.08950,0.00392
131.90250,0.49501,0.92498,0.07088,0.00414
132.00250,0.49500,0.85259,0.14461,0.00280
132.10249,0.49501,0.94483,0.05516,0.00001
132.20250,0.49500,0.97401,0.02598,0.00001
132.30251,0.49500,0.98600,0.01400,0.00000
132.40250,0.49501,0.99534,0.00466,0.00000
132.50250,0.49500,0.98896,0.01104,0.00000
132.60249,0.49501,0.83537,0.16463,0.00000
132.70250,0.49500,0.26826,0.73174,0.00000
132.80251,0.49500,0.31185,0.68815,0.00000
132.90250,0.49501,0.24065,0.75934,0.00000
133.00250,0.49500,0.24945,0.75055,0.00000
133.10249,0.49501,0.50232,0.49767,0.00001
133.20250,0.49500,0.22639,0.77361,0.00000
133.30251,0.49500,0.21425,0.78575,0.00000
133.40250,0.49501,0.38361,0.61639,0.00000
133.50250,0.49500,0.52567,0.47433,0.00000
133.60249,0.49501,0.68772,0.31228,0.00000
133.70250,0.49500,0.98425,0.01575,0.00000
133.80251,0.49500,0.92549,0.07451,0.00000
133.90250,0.49501,0.96776,0.03224,0.00000
134.00250,0.49500,0.99916,0.00084,0.00000
134.10249,0.49501,0.99534,0.00466,0.00000
134.20250,0.49500,0.99543,0.00457,0.00000
134.30251,0.49500,0.99943,0.00057,0.00000
134.40250,0.49501,0.99679,0.00321,0.00000
134.50250,0.49500,0.99819,0.00181,0.00000
134.60249,0.49501,0.99750,0.00250,0.00000
134.70250,0.49500,0.99946,0.00054,0.00000
134.80251,0.49500,0.99832,0.00168,0.00000
134.90250,0.49501,0.99393,0.00607,0.00000
135.00250,0.49500,0.99997,0.00003,0.00000
135.10249,0.49501,0.99999,0.00001,0.00000
135.20250,0.49500,0.99927,0.00073,0.00000
135.30251,0.49500,1.00000,0.00000,0.00000
135.40250,0.49501,1.00000,0.00000,0.00000
135.50250,0.49500,0.99972,0.00028,0.00000
135.60249,0.49501,0.99997,0.00003,0.00000
135.70250,0.49500,1.00000,0.00000,0.00000
135.80251,0.49500,0.99952,0.00048,0.00000
135.90250,0.49501,1.00000,0.00000,0.00000
136.00250,0.49500,1.00000,0.00000,0.00000
136.10249,0.49501,0.99997,0.00003,0.00000
136.20250,0.49500,1.00000,0.00000,0.00000
136.30251,0.49500,0.99999,0.00001,0.00000
136.40250,0.49501,0.99993,0.00007,0.00000
136.50250,0.49500,0.99999,0.00001,0.00000
136.60249,0.49501,0.99996,0.00004,0.00000
136.70250,0.49500,1.00000,0.00000,0.00000
136.80251,0.49500,0.99997,0.00003,0.00000
136.90250,0.49501,0.99994,0.00006,0.00000
137.00250,0.49500,0.99878,0.00122,0.00000
137.10249,0.49501,0.99999,0.00001,0.00000
137.20250,0.49500,0.99993,0.00007,0.00000
137.30251,0.49500,0.99999,0.00001,0.00000
137.40250,0.49501,0.99983,0.00017,0.00000
137.50250,0.49500,0.99156,0.00830,0.00014
137.60249,0.49501,0.99481,0.00511,0.00007
137.70250,0.49500,0.99957,0.00043,0.00000
137.80251,0.49500,1.00000,0.00000,0.00000
137.90250,0.49501,0.99999,0.00001,0.00000
138.00250,0.49500,0.99986,0.00014,0.00000
138.10249,0.49501,0.99996,0.00004,0.00000
138.20250,0.49500,1.00000,0.00000,0.00000
138.30251,0.49500,1.00000,0.00000,0.00000
138.40250,0.49501,1.00000,0.00000,0.00000
138.50250,0.49500,1.00000,0.00000,0.00000
138.60249,0.49501,1.00000,0.00000,0.00000
138.70250,0.49500,0.99988,0.00012,0.00000
138.80251,0.49500,0.99651,0.00349,0.00000
138.90250,0.49501,0.99907,0.00093,0.00000
139.00250,0.49500,0.78409,0.21591,0.00000
139.10249,0.49501,0.93982,0.06018,0.00000
139.20250,0.49500,0.41033,0.58967,0.00000
139.30251,0.49500,0.71544,0.28456,0.00000
139.40250,0.49501,0.45264,0.54733,0.00003
139.50250,0.49500,0.69607,0.30385,0.00008
139.60249,0.49501,0.59233,0.40762,0.00005
139.70250,0.49500,0.75658,0.24321,0.00020
139.80251,0.49500,0.85588,0.14410,0.00003
139.90250,0.49501,0.77601,0.22399,0.00000
140.00250,0.49500,0.93376,0.06624,0.00000
140.10249,0.49501,0.89972,0.10028,0.00000
140.20250,0.49500,0.98246,0.01754,0.00000
140.30251,0.49500,0.92836,0.07164,0.00000
140.40250,0.49501,0.99756,0.00244,0.00000
140.50250,0.49500,0.96571,0.03429,0.00000
140.60249,0.49501,0.98171,0.01829,0.00000
140.70250,0.49500,0.95508,0.04492,0.00000
140.80251,0.49500,0.81520,0.18479,0.00001
140.90250,0.49501,0.79786,0.20210,0.00003
141.00250,0.49500,0.93922,0.06075,0.00003
141.10249,0.49501,0.89753,0.10233,0.00014
141.20250,0.49500,0.89824,0.10175,0.00001
141.30251,0.49500,0.86058,0.13940,0.00002
141.40250,0.49501,0.39905,0.60047,0.00049
141.50250,0.49500,0.80500,0.19465,0.00035
141.60249,0.49501,0.87544,0.12434,0.00022
141.70250,0.49500,0.94416,0.05583,0.00001
141.80251,0.49500,0.87302,0.12698,0.00000
141.90250,0.49501,0.68242,0.31750,0.00008
142.00250,0.49500,0.65924,0.34018,0.00058
142.10249,0.49501,0.54057,0.45516,0.00427
142.20250,0.49500,0.29626,0.69887,0.00487
142.30251,0.49500,0.76104,0.23554,0.00342
142.40250,0.49501,0.73866,0.25971,0.00163
142.50250,0.49500,0.78358,0.21070,0.00572
142.60249,0.49501,0.61451,0.36888,0.01662
142.70250,0.49500,0.48565,0.50319,0.01116
142.80251,0.49500,0.74699,0.19930,0.05371
142.90250,0.49501,0.22180,0.70526,0.07294
143.00250,0.49500,0.42278,0.36366,0.21356
143.10249,0.49501,0.39521,0.56649,0.03830
143.20250,0.49500,0.58462,0.30038,0.11500
143.30251,0.49500,0.49501,0.48655,0.01845
143.40250,0.49501,0.63916,0.15563,0.20521
143.50250,0.49500,0.55098,0.32536,0.12366
143.60249,0.49501,0.48847,0.20162,0.30991
143.70250,0.49500,0.59658,0.23439,0.16902
143.80251,0.49500,0.63556,0.05187,0.31257
143.90250,0.49501,0.65847,0.11675,0.22478
144.00250,0.49500,0.67548,0.23288,0.09164
144.10249,0.49501,0.45675,0.09093,0.45233
144.20250,0.49500,0.50993,0.31040,0.17967
144.30251,0.49500,0.31788,0.15634,0.52579
144.40250,0.49501,0.27569,0.52761,0.19670
144.50250,0.49500,0.23773,0.27285,0.48942
144.60249,0.49501,0.20542,0.69416,0.10042
144.70250,0.49500,0.24390,0.32887,0.42723
144.80251,0.49500,0.16413,0.76953,0.06634
144.90250,0.49501,0.14474,0.49190,0.36336
145.00250,0.49500,0.15856,0.61091,0.23053
145.10249,0.49501,0.24455,0.56639,0.18906
145.20250,0.49500,0.23341,0.58075,0.18584
145.30251,0.49500,0.29709,0.56309,0.13983
145.40250,0.49501,0.24661,0.53508,0.21831
145.50250,0.49500,0.16463,0.75252,0.08285
145.60249,0.49501,0.19450,0.45702,0.34848
145.70250,0.49500,0.09943,0.83965,0.06092
145.80251,0.49500,0.14835,0.53588,0.31577
145.90250,0.49501,0.47888,0.37713,0.14399
