Time (seconds), Duration (seconds),pred_(unlabeled),pred_empty_box,pred_table
0.00250,0.49500,0.02337,0.97659,0.00004
0.10250,0.49500,0.02289,0.97706,0.00005
0.20250,0.49500,0.02075,0.97923,0.00002
0.30250,0.49500,0.04896,0.95098,0.00006
0.40250,0.49500,0.01328,0.98670,0.00002
0.50250,0.49500,0.03342,0.96657,0.00001
0.60250,0.49500,0.04565,0.95431,0.00004
0.70250,0.49500,0.03315,0.96684,0.00001
0.80250,0.49500,0.01706,0.98293,0.00001
0.90250,0.49500,0.02830,0.97169,0.00001
1.00250,0.49500,0.01250,0.98748,0.00002
1.10250,0.49500,0.01001,0.98996,0.00003
1.20250,0.49500,0.02016,0.97983,0.00002
1.30250,0.49500,0.00867,0.99129,0.00004
1.40250,0.49500,0.00551,0.99445,0.00004
1.50250,0.49500,0.00609,0.99385,0.00005
1.60250,0.49500,0.00575,0.99421,0.00004
1.70250,0.49500,0.00512,0.99483,0.00005
1.80250,0.49500,0.01089,0.98907,0.00004
1.90250,0.49500,0.00478,0.99519,0.00003
2.00250,0.49500,0.00766,0.99233,0.00001
2.10250,0.49500,0.00451,0.99548,0.00001
2.20250,0.49500,0.00394,0.99605,0.00001
2.30250,0.49500,0.01294,0.98703,0.00003
2.40250,0.49500,0.00854,0.99144,0.00002
2.50250,0.49500,0.01638,0.98360,0.00002
2.60250,0.49500,0.00701,0.99298,0.00001
2.70250,0.49500,0.00485,0.99513,0.00003
2.80250,0.49500,0.00335,0.99661,0.00004
2.90250,0.49500,0.00494,0.99503,0.00003
3.00250,0.49500,0.00836,0.99159,0.00005
3.10250,0.49500,0.00708,0.99287,0.00004
3.20250,0.49500,0.01422,0.98576,0.00003
3.30250,0.49500,0.00648,0.99343,0.00009
3.40250,0.49500,0.00422,0.99577,0.00001
3.50250,0.49500,0.00268,0.99731,0.00001
3.60250,0.49500,0.00317,0.99681,0.00001
3.70250,0.49500,0.00279,0.99720,0.00002
3.80250,0.49500,0.00458,0.99541,0.00001
3.90250,0.49500,0.00624,0.99375,0.00001
4.00250,0.49500,0.00517,0.99479,0.00004
4.10250,0.49500,0.01151,0.98847,0.00002
4.20250,0.49500,0.00645,0.99354,0.00001
4.30250,0.49500,0.00537,0.99462,0.00001
4.40250,0.49500,0.00592,0.99406,0.00002
4.50250,0.49500,0.00423,0.99576,0.00001
4.60250,0.49500,0.00394,0.99605,0.00001
4.70250,0.49500,0.00314,0.99685,0.00001
4.80250,0.49500,0.00567,0.99432,0.00001
4.90250,0.49500,0.00293,0.99706,0.00001
5.00250,0.49500,0.00319,0.99680,0.00001
5.10250,0.49500,0.01007,0.98991,0.00002
5.20250,0.49500,0.01099,0.98899,0.00002
5.30250,0.49500,0.00791,0.99208,0.00001
5.40250,0.49500,0.01208,0.98791,0.00001
5.50250,0.49500,0.01062,0.98936,0.00002
5.60250,0.49500,0.00706,0.99293,0.00001
5.70250,0.49500,0.00679,0.99318,0.00003
5.80250,0.49500,0.00976,0.99022,0.00002
5.90250,0.49500,0.01546,0.98451,0.00003
6.00250,0.49500,0.01204,0.98794,0.00002
6.10250,0.49500,0.01388,0.98610,0.00002
6.20250,0.49500,0.03560,0.96439,0.00001
6.30250,0.49500,0.03103,0.96896,0.00001
6.40250,0.49500,0.01401,0.98599,0.00001
6.50250,0.49500,0.00894,0.99106,0.00000
6.60250,0.49500,0.00661,0.99339,0.00000
6.70250,0.49500,0.00681,0.99319,0.00000
6.80250,0.49500,0.01571,0.98428,0.00001
6.90250,0.49500,0.06284,0.93715,0.00000
7.00250,0.49500,0.35907,0.64093,0.00000
7.10250,0.49500,0.64112,0.35888,0.00000
7.20250,0.49500,0.62408,0.37591,0.00001
7.30250,0.49500,0.36751,0.63249,0.00000
7.40250,0.49500,0.27113,0.72885,0.00002
7.50250,0.49500,0.07987,0.92013,0.00000
7.60250,0.49500,0.11228,0.88771,0.00001
7.70250,0.49500,0.30073,0.69919,0.00007
7.80250,0.49500,0.20077,0.79921,0.00002
7.90250,0.49500,0.14809,0.85191,0.00001
8.00250,0.49500,0.05373,0.94626,0.00000
8.10250,0.49500,0.00789,0.99210,0.00001
8.20250,0.49500,0.11902,0.88098,0.00001
8.30250,0.49500,0.12500,0.87499,0.00001
8.40250,0.49500,0.09982,0.90018,0.00000
8.50250,0.49500,0.09681,0.90318,0.00001
8.60250,0.49500,0.06417,0.93582,0.00000
8.70250,0.49500,0.08624,0.91375,0.00001
8.80250,0.49500,0.12119,0.87881,0.00000
8.90250,0.49500,0.04390,0.95609,0.00000
9.00250,0.49500,0.14883,0.85116,0.00001
9.10250,0.49500,0.20700,0.79299,0.00000
9.20250,0.49500,0.11333,0.88667,0.00000
9.30250,0.49500,0.32274,0.67726,0.00000
9.40250,0.49500,0.33061,0.66939,0.00000
9.50250,0.49500,0.22604,0.77396,0.00000
9.60250,0.49500,0.37567,0.62433,0.00000
9.70250,0.49500,0.17270,0.82730,0.00000
9.80250,0.49500,0.44786,0.55211,0.00003
9.90250,0.49500,0.14264,0.85736,0.00000
10.00250,0.49500,0.28598,0.71389,0.00013
10.10250,0.49500,0.03645,0.96355,0.00000
10.20250,0.49500,0.02077,0.97923,0.00000
10.30250,0.49500,0.00588,0.99411,0.00001
10.40250,0.49500,0.00679,0.99320,0.00000
10.50250,0.49500,0.00667,0.99332,0.00001
10.60250,0.49500,0.08062,0.91938,0.00000
10.70250,0.49500,0.09038,0.90961,0.00000
10.80250,0.49500,0.25904,0.74096,0.00000
10.90250,0.49500,0.30041,0.69959,0.00000
11.00250,0.49500,0.05707,0.94292,0.00000
11.10250,0.49500,0.03633,0.96367,0.00000
11.20250,0.49500,0.09113,0.90887,0.00000
11.30250,0.49500,0.54630,0.45370,0.00000
11.40250,0.49500,0.85736,0.14263,0.00001
11.50250,0.49500,0.98735,0.01265,0.00000
11.60250,0.49500,0.99665,0.00335,0.00000
11.70250,0.49500,0.99969,0.00031,0.00000
11.80250,0.49500,0.99995,0.00005,0.00000
11.90250,0.49500,0.99934,0.00066,0.00000
12.00250,0.49500,0.99850,0.00150,0.00000
12.10250,0.49500,0.99867,0.00133,0.00000
12.20250,0.49500,0.99994,0.00006,0.00000
12.30250,0.49500,1.00000,0.00000,0.00000
12.40250,0.49500,1.00000,0.00000,0.00000
12.50250,0.49500,1.00000,0.00000,0.00000
12.60250,0.49500,0.99997,0.00003,0.00000
12.70250,0.49500,0.99796,0.00204,0.00000
12.80250,0.49500,0.99977,0.00023,0.00000
12.90250,0.49500,0.99984,0.00016,0.00000
13.00250,0.49500,0.99998,0.00000,0.00002
13.10250,0.49500,1.00000,0.00000,0.00000
13.20250,0.49500,1.00000,0.00000,0.00000
13.30250,0.49500,1.00000,0.00000,0.00000
13.40250,0.49500,1.00000,0.00000,0.00000
13.50250,0.49500,0.99932,0.00068,0.00000
13.60250,0.49500,0.99475,0.00525,0.00000
13.70250,0.49500,0.96912,0.03088,0.00000
13.80250,0.49500,0.98189,0.01811,0.00000
13.90250,0.49500,0.72655,0.27345,0.00000
14.00250,0.49500,0.19805,0.80195,0.00000
14.10250,0.49500,0.14517,0.85483,0.00000
14.20250,0.49500,0.14068,0.85907,0.00025
14.30250,0.49500,0.15687,0.84251,0.00062
14.40250,0.49500,0.30988,0.68997,0.00015
14.50250,0.49500,0.24038,0.75957,0.00005
14.60250,0.49500,0.28113,0.71886,0.00001
14.70250,0.49500,0.17564,0.82435,0.00001
14.80250,0.49500,0.07714,0.92284,0.00002
14.90250,0.49500,0.02593,0.97407,0.00000
15.00250,0.49500,0.02160,0.97837,0.00003
15.10250,0.49500,0.00708,0.99291,0.00001
15.20250,0.49500,0.00682,0.99317,0.00001
15.30250,0.49500,0.00853,0.99145,0.00002
15.40250,0.49500,0.02679,0.97318,0.00003
15.50250,0.49500,0.00442,0.99558,0.00000
15.60250,0.49500,0.01798,0.98201,0.00001
15.70250,0.49500,0.00985,0.99013,0.00003
15.80250,0.49500,0.01028,0.98971,0.00001
15.90250,0.49500,0.02765,0.97230,0.00005
16.00250,0.49500,0.03733,0.96266,0.00001
16.10250,0.49500,0.01692,0.98307,0.00001
16.20250,0.49500,0.06858,0.93136,0.00006
16.30250,0.49500,0.02199,0.97801,0.00000
16.40250,0.49500,0.03064,0.96934,0.00002
16.50250,0.49500,0.04119,0.95862,0.00019
16.60250,0.49500,0.02489,0.97510,0.00001
16.70250,0.49500,0.01337,0.98663,0.00001
16.80250,0.49500,0.03213,0.96785,0.00002
16.90250,0.49500,0.02018,0.97980,0.00002
17.00250,0.49500,0.01896,0.98104,0.00001
17.10250,0.49500,0.01625,0.98374,0.00001
17.20250,0.49500,0.01353,0.98646,0.00001
17.30250,0.49500,0.01690,0.98309,0.00001
17.40250,0.49500,0.02336,0.97663,0.00001
17.50250,0.49500,0.01768,0.98231,0.00001
17.60250,0.49500,0.01845,0.98152,0.00003
17.70250,0.49500,0.01790,0.98210,0.00000
17.80250,0.49500,0.00895,0.99104,0.00001
17.90250,0.49500,0.01959,0.98038,0.00004
18.00250,0.49500,0.01258,0.98740,0.00002
18.10250,0.49500,0.00527,0.99472,0.00001
18.20250,0.49500,0.00972,0.99025,0.00003
18.30250,0.49500,0.00458,0.99541,0.00000
18.40250,0.49500,0.00310,0.99690,0.00001
18.50250,0.49500,0.00537,0.99462,0.00002
18.60250,0.49500,0.00715,0.99285,0.00001
18.70250,0.49500,0.00593,0.99406,0.00001
18.80250,0.49500,0.00511,0.99489,0.00000
18.90250,0.49500,0.00645,0.99354,0.00001
19.00250,0.49500,0.00919,0.99079,0.00003
19.10250,0.49500,0.00676,0.99323,0.00001
19.20250,0.49500,0.00893,0.99103,0.00004
19.30250,0.49500,0.02113,0.97886,0.00001
19.40250,0.49500,0.01416,0.98583,0.00001
19.50250,0.49500,0.01246,0.98751,0.00003
19.60250,0.49500,0.00909,0.99090,0.00001
19.70250,0.49500,0.00634,0.99365,0.00000
19.80250,0.49500,0.00309,0.99691,0.00000
19.90250,0.49500,0.00587,0.99412,0.00000
20.00250,0.49500,0.00434,0.99565,0.00000
20.10250,0.49500,0.00522,0.99478,0.00001
20.20250,0.49500,0.00760,0.99239,0.00000
20.30250,0.49500,0.01579,0.98421,0.00001
20.40250,0.49500,0.03272,0.96727,0.00001
20.50250,0.49500,0.05606,0.94388,0.00006
20.60250,0.49500,0.14042,0.85956,0.00003
20.70250,0.49500,0.07435,0.92564,0.00000
20.80250,0.49500,0.28379,0.71621,0.00001
20.90250,0.49500,0.18149,0.81849,0.00002
21.00250,0.49500,0.09298,0.90702,0.00000
21.10250,0.49500,0.19694,0.80276,0.00030
21.20250,0.49500,0.10960,0.89037,0.00002
21.30250,0.49500,0.37300,0.62700,0.00000
21.40250,0.49500,0.56029,0.43971,0.00001
21.50250,0.49500,0.73337,0.26663,0.00000
21.60250,0.49500,0.85626,0.14372,0.00001
21.70250,0.49500,0.93847,0.06153,0.00000
21.80250,0.49500,0.87669,0.12331,0.00000
21.90250,0.49500,0.87917,0.12083,0.00000
22.00250,0.49500,0.77748,0.22252,0.00000
22.10250,0.49500,0.53105,0.46895,0.00000
22.20250,0.49500,0.54580,0.45419,0.00000
22.30250,0.49500,0.99996,0.00004,0.00000
22.40250,0.49500,0.99976,0.00024,0.00000
22.50250,0.49500,1.00000,0.00000,0.00000
22.60250,0.49500,1.00000,0.00000,0.00000
22.70250,0.49500,1.00000,0.00000,0.00000
22.80250,0.49500,0.99999,0.00001,0.00000
22.90250,0.49500,1.00000,0.00000,0.00000
23.00250,0.49500,0.99998,0.00002,0.00000
23.10250,0.49500,0.99978,0.00022,0.00000
23.20250,0.49500,0.99894,0.00106,0.00000
23.30250,0.49500,0.99808,0.00192,0.00000
23.40250,0.49500,0.98303,0.01696,0.00001
23.50250,0.49500,0.99450,0.00504,0.00046
23.60250,0.49500,0.94793,0.05207,0.00000
23.70250,0.49500,0.99129,0.00871,0.00000
23.80250,0.49500,0.07836,0.92163,0.00000
23.90250,0.49500,0.19701,0.80298,0.00001
24.00250,0.49500,0.03951,0.96048,0.00001
24.10250,0.49500,0.19107,0.80893,0.00000
24.20250,0.49500,0.30450,0.69549,0.00000
24.30250,0.49500,0.16159,0.83840,0.00001
24.40250,0.49500,0.12211,0.87789,0.00001
24.50250,0.49500,0.02282,0.97718,0.00000
24.60250,0.49500,0.02790,0.97210,0.00000
24.70250,0.49500,0.05555,0.94444,0.00001
24.80250,0.49500,0.05298,0.94702,0.00000
24.90250,0.49500,0.25435,0.74565,0.00000
25.00250,0.49500,0.05255,0.94745,0.00000
25.10250,0.49500,0.21848,0.78152,0.00000
25.20250,0.49500,0.11568,0.88431,0.00001
25.30250,0.49500,0.21646,0.78354,0.00000
25.40250,0.49500,0.07130,0.92869,0.00000
25.50250,0.49500,0.03501,0.96498,0.00001
25.60250,0.49500,0.05820,0.94180,0.00000
25.70250,0.49500,0.24535,0.75465,0.00000
25.80250,0.49500,0.06688,0.93312,0.00000
25.90250,0.49500,0.29548,0.70452,0.00000
26.00250,0.49500,0.11233,0.88766,0.00001
26.10250,0.49500,0.06289,0.93711,0.00000
26.20250,0.49500,0.01750,0.98250,0.00000
26.30250,0.49500,0.01626,0.98373,0.00000
26.40250,0.49500,0.01536,0.98463,0.00001
26.50250,0.49500,0.01244,0.98755,0.00001
26.60250,0.49500,0.01414,0.98585,0.00001
26.70250,0.49500,0.02167,0.97833,0.00000
26.80250,0.49500,0.01539,0.98461,0.00000
26.90250,0.49500,0.04927,0.95073,0.00001
27.00250,0.49500,0.01200,0.98800,0.00000
27.10250,0.49500,0.05249,0.94750,0.00001
27.20250,0.49500,0.06802,0.93198,0.00000
27.30250,0.49500,0.06283,0.93717,0.00000
27.40250,0.49500,0.27744,0.72255,0.00001
27.50250,0.49500,0.33437,0.66563,0.00000
27.60250,0.49500,0.37778,0.62222,0.00000
27.70250,0.49500,0.40051,0.59949,0.00001
27.80250,0.49500,0.51581,0.48419,0.00000
27.90250,0.49500,0.36421,0.63579,0.00000
28.00250,0.49500,0.34436,0.65564,0.00000
28.10250,0.49500,0.40190,0.59808,0.00002
28.20250,0.49500,0.10538,0.89462,0.00000
28.30250,0.49500,0.15592,0.84408,0.00000
28.40250,0.49500,0.06509,0.93491,0.00000
28.50250,0.49500,0.05719,0.94280,0.00001
28.60250,0.49500,0.05904,0.94096,0.00000
28.70250,0.49500,0.15833,0.84167,0.00000
28.80250,0.49500,0.05174,0.94826,0.00001
28.90250,0.49500,0.07052,0.92948,0.00000
29.00250,0.49500,0.04481,0.95517,0.00002
29.10250,0.49500,0.16726,0.83272,0.00002
29.20250,0.49500,0.05384,0.94615,0.00001
29.30250,0.49500,0.04159,0.95840,0.00001
29.40250,0.49500,0.23684,0.76316,0.00000
29.50250,0.49500,0.16323,0.83675,0.00002
29.60250,0.49500,0.30180,0.69817,0.00003
29.70250,0.49500,0.04901,0.95099,0.00000
29.80250,0.49500,0.01904,0.98096,0.00000
29.90250,0.49500,0.01782,0.98218,0.00000
30.00250,0.49500,0.01985,0.98014,0.00000
30.10250,0.49500,0.03461,0.96538,0.00001
30.20250,0.49500,0.12724,0.87276,0.00000
30.30250,0.49500,0.28354,0.71646,0.00000
30.40250,0.49500,0.19971,0.80029,0.00000
30.50250,0.49500,0.22924,0.77076,0.00000
30.60250,0.49500,0.17055,0.82945,0.00000
30.70250,0.49500,0.16193,0.83806,0.00001
30.80250,0.49500,0.11140,0.88858,0.00002
30.90250,0.49500,0.04625,0.95375,0.00000
31.00250,0.49500,0.03637,0.96362,0.00001
31.10250,0.49500,0.01624,0.98374,0.00001
31.20250,0.49500,0.02752,0.97248,0.00000
31.30250,0.49500,0.06672,0.93328,0.00000
31.40250,0.49500,0.06130,0.93870,0.00000
31.50250,0.49500,0.37747,0.62251,0.00001
31.60250,0.49500,0.06724,0.93276,0.00000
31.70250,0.49500,0.30839,0.69161,0.00000
31.80250,0.49500,0.36141,0.63857,0.00001
31.90250,0.49500,0.38708,0.61292,0.00000
32.00250,0.49500,0.31062,0.68938,0.00000
32.10250,0.49500,0.08964,0.91035,0.00001
32.20250,0.49500,0.13333,0.86666,0.00001
32.30250,0.49500,0.03025,0.96975,0.00000
32.40250,0.49500,0.01601,0.98398,0.00000
32.50250,0.49500,0.01323,0.98676,0.00000
32.60250,0.49500,0.17572,0.82427,0.00001
32.70250,0.49500,0.12673,0.87326,0.00001
32.80250,0.49500,0.32478,0.67522,0.00000
32.90250,0.49500,0.08874,0.91125,0.00000
33.00250,0.49500,0.37743,0.62257,0.00000
33.10250,0.49500,0.41808,0.58191,0.00000
33.20250,0.49500,0.38987,0.61013,0.00000
33.30250,0.49500,0.40008,0.59992,0.00000
33.40250,0.49500,0.23811,0.76189,0.00000
33.50250,0.49500,0.09930,0.90069,0.00001
33.60250,0.49500,0.40488,0.59512,0.00000
33.70250,0.49500,0.05594,0.94406,0.00000
33.80250,0.49500,0.24144,0.75856,0.00000
33.90250,0.49500,0.42172,0.57828,0.00000
34.00250,0.49500,0.88026,0.11974,0.00000
34.10250,0.49500,0.97245,0.02754,0.00001
34.20250,0.49500,0.99952,0.00048,0.00000
34.30250,0.49500,1.00000,0.00000,0.00000
34.40250,0.49500,0.99999,0.00001,0.00000
34.50250,0.49500,1.00000,0.00000,0.00000
34.60250,0.49500,0.99998,0.00002,0.00000
34.70250,0.49500,0.99996,0.00004,0.00000
34.80250,0.49500,1.00000,0.00000,0.00000
34.90250,0.49500,1.00000,0.00000,0.00000
35.00250,0.49500,0.99994,0.00006,0.00000
35.10250,0.49500,1.00000,0.00000,0.00000
35.20250,0.49500,1.00000,0.00000,0.00000
35.30250,0.49500,1.00000,0.00000,0.00000
35.40250,0.49500,1.00000,0.00000,0.00000
35.50250,0.49500,1.00000,0.00000,0.00000
35.60250,0.49500,0.99971,0.00029,0.00000
35.70250,0.49500,0.99983,0.00017,0.00000
35.80250,0.49500,0.99622,0.00378,0.00000
35.90250,0.49500,0.99386,0.00614,0.00000
36.00250,0.49500,0.97124,0.02876,0.00000
36.10250,0.49500,0.99150,0.00850,0.00000
36.20250,0.49500,0.89613,0.10387,0.00000
36.30250,0.49500,0.70050,0.29950,0.00000
36.40250,0.49500,0.22366,0.77634,0.00000
36.50250,0.49500,0.02955,0.97045,0.00000
36.60250,0.49500,0.03201,0.96799,0.00000
36.70250,0.49500,0.11058,0.88942,0.00000
36.80250,0.49500,0.28004,0.71996,0.00000
36.90250,0.49500,0.41222,0.58778,0.00000
37.00250,0.49500,0.57173,0.42827,0.00000
37.10250,0.49500,0.42592,0.57408,0.00000
37.20250,0.49500,0.62957,0.37043,0.00000
37.30250,0.49500,0.77598,0.22402,0.00000
37.40250,0.49500,0.53125,0.46875,0.00000
37.50250,0.49500,0.57128,0.42872,0.00000
37.60250,0.49500,0.39461,0.60539,0.00000
37.70250,0.49500,0.42472,0.57528,0.00000
37.80250,0.49500,0.34032,0.65968,0.00000
37.90250,0.49500,0.32277,0.67723,0.00000
38.00250,0.49500,0.28205,0.71795,0.00000
38.10250,0.49500,0.19431,0.80569,0.00000
38.20250,0.49500,0.21510,0.78490,0.00000
38.30250,0.49500,0.13891,0.86108,0.00000
38.40250,0.49500,0.21551,0.78449,0.00000
38.50250,0.49500,0.04928,0.95072,0.00000
38.60250,0.49500,0.07174,0.92826,0.00000
38.70250,0.49500,0.02655,0.97345,0.00000
38.80250,0.49500,0.01804,0.98196,0.00000
38.90250,0.49500,0.03868,0.96132,0.00000
39.00250,0.49500,0.02970,0.97030,0.00000
39.10250,0.49500,0.01671,0.98329,0.00000
39.20250,0.49500,0.01762,0.98238,0.00000
39.30250,0.49500,0.01659,0.98341,0.00000
39.40250,0.49500,0.01993,0.98007,0.00000
39.50250,0.49500,0.01119,0.98881,0.00000
39.60250,0.49500,0.01986,0.98014,0.00000
39.70250,0.49500,0.00800,0.99200,0.00000
39.80250,0.49500,0.00742,0.99258,0.00000
39.90250,0.49500,0.00803,0.99197,0.00000
40.00250,0.49500,0.02060,0.97940,0.00000
40.10250,0.49500,0.02342,0.97657,0.00000
40.20250,0.49500,0.04473,0.95527,0.00000
40.30250,0.49500,0.03193,0.96807,0.00000
40.40250,0.49500,0.03623,0.96377,0.00000
40.50250,0.49500,0.05486,0.94514,0.00000
40.60250,0.49500,0.06319,0.93681,0.00000
40.70250,0.49500,0.04412,0.95588,0.00001
40.80250,0.49500,0.07366,0.92633,0.00000
40.90250,0.49500,0.05533,0.94467,0.00000
41.00250,0.49500,0.06224,0.93776,0.00000
41.10250,0.49500,0.02963,0.97036,0.00000
41.20250,0.49500,0.02365,0.97635,0.00000
41.30250,0.49500,0.02977,0.97023,0.00000
41.40250,0.49500,0.03202,0.96798,0.00000
41.50250,0.49500,0.03449,0.96551,0.00000
41.60250,0.49500,0.03621,0.96379,0.00000
41.70250,0.49500,0.06294,0.93706,0.00000
41.80250,0.49500,0.03607,0.96393,0.00000
41.90250,0.49500,0.01863,0.98137,0.00000
42.00250,0.49500,0.02368,0.97632,0.00000
42.10250,0.49500,0.01703,0.98297,0.00000
42.20250,0.49500,0.06266,0.93734,0.00000
42.30250,0.49500,0.01804,0.98196,0.00000
42.40250,0.49500,0.02207,0.97793,0.00000
42.50250,0.49500,0.01509,0.98490,0.00001
42.60250,0.49500,0.01916,0.98084,0.00000
42.70250,0.49500,0.01460,0.98540,0.00000
42.80250,0.49500,0.01063,0.98937,0.00000
42.90250,0.49500,0.02263,0.97736,0.00001
43.00250,0.49500,0.01244,0.98756,0.00000
43.10250,0.49500,0.07700,0.92300,0.00000
43.20250,0.49500,0.10809,0.89191,0.00000
43.30250,0.49500,0.14398,0.85602,0.00000
43.40250,0.49500,0.17011,0.82989,0.00000
43.50250,0.49500,0.07294,0.92706,0.00000
43.60250,0.49500,0.26951,0.73049,0.00000
43.70250,0.49500,0.26820,0.73180,0.00000
43.80250,0.49500,0.13996,0.86004,0.00000
43.90250,0.49500,0.47186,0.52814,0.00000
44.00250,0.49500,0.90295,0.09705,0.00000
44.10250,0.49500,0.58956,0.41044,0.00000
44.20250,0.49500,0.96996,0.03004,0.00000
44.30250,0.49500,0.99984,0.00016,0.00000
44.40250,0.49500,0.99997,0.00003,0.00000
44.50250,0.49500,1.00000,0.00000,0.00000
44.60250,0.49500,1.00000,0.00000,0.00000
44.70250,0.49500,1.00000,0.00000,0.00000
44.80250,0.49500,1.00000,0.00000,0.00000
44.90250,0.49500,1.00000,0.00000,0.00000
45.00250,0.49500,1.00000,0.00000,0.00000
45.10250,0.49500,1.00000,0.00000,0.00000
45.20250,0.49500,0.99999,0.00001,0.00000
45.30250,0.49500,1.00000,0.00000,0.00000
45.40250,0.49500,1.00000,0.00000,0.00000
45.50250,0.49500,0.98892,0.00006,0.01102
45.60250,0.49500,0.99393,0.00005,0.00602
45.70250,0.49500,0.99940,0.00004,0.00055
45.80250,0.49500,0.96969,0.00003,0.03028
45.90250,0.49500,0.99969,0.00000,0.00031
46.00250,0.49500,0.99268,0.00000,0.00732
46.10250,0.49500,0.93576,0.00016,0.06408
46.20250,0.49500,0.98599,0.00022,0.01379
46.30250,0.49500,0.96553,0.00131,0.03316
46.40250,0.49500,0.83674,0.00159,0.16167
46.50250,0.49500,0.79511,0.00069,0.20420
46.60250,0.49500,0.80265,0.00152,0.19583
46.70250,0.49500,0.41988,0.00215,0.57796
46.80250,0.49500,0.74539,0.00105,0.25356
46.90250,0.49500,0.97399,0.00004,0.02597
47.00250,0.49500,0.71228,0.00024,0.28748
47.10250,0.49500,0.94732,0.00011,0.05257
47.20250,0.49500,0.64906,0.00056,0.35038
47.30250,0.49500,0.14840,0.00887,0.84273
47.40250,0.49500,0.10492,0.01269,0.88240
47.50250,0.49500,0.04255,0.00391,0.95355
47.60250,0.49500,0.02437,0.00325,0.97238
47.70250,0.49500,0.01033,0.00441,0.98526
47.80250,0.49500,0.00353,0.00227,0.99420
47.90250,0.49500,0.00332,0.00268,0.99400
48.00250,0.49500,0.00225,0.00707,0.99067
48.10250,0.49500,0.00401,0.00326,0.99274
48.20250,0.49500,0.00199,0.00817,0.98984
48.30250,0.49500,0.00213,0.00137,0.99650
48.40250,0.49500,0.00212,0.00041,0.99746
48.50250,0.49500,0.00166,0.00017,0.99817
48.60250,0.49500,0.00182,0.00011,0.99807
48.70250,0.49500,0.00309,0.00010,0.99681
48.80250,0.49500,0.00408,0.00007,0.99585
48.90250,0.49500,0.00616,0.00005,0.99379
49.00250,0.49500,0.00232,0.00018,0.99750
49.10250,0.49500,0.00580,0.00042,0.99377
49.20250,0.49500,0.00411,0.00028,0.99561
49.30250,0.49500,0.01276,0.00090,0.98634
49.40250,0.49500,0.05418,0.00133,0.94449
49.50250,0.49500,0.10781,0.00116,0.89103
49.60250,0.49500,0.08881,0.00524,0.90595
49.70250,0.49500,0.04457,0.00067,0.95477
49.80250,0.49500,0.00763,0.00037,0.99200
49.90250,0.49500,0.01923,0.00152,0.97925
50.00250,0.49500,0.03666,0.00240,0.96094
50.10250,0.49500,0.03721,0.00223,0.96056
50.20250,0.49500,0.06421,0.00366,0.93213
50.30250,0.49500,0.04431,0.00089,0.95480
50.40250,0.49500,0.05684,0.00062,0.94254
50.50250,0.49500,0.03204,0.00061,0.96735
50.60250,0.49500,0.01312,0.00107,0.98581
50.70250,0.49500,0.01417,0.00169,0.98415
50.80250,0.49500,0.01381,0.00160,0.98459
50.90250,0.49500,0.00663,0.00054,0.99282
51.00250,0.49500,0.00283,0.00088,0.99628
51.10250,0.49500,0.00662,0.00063,0.99275
51.20250,0.49500,0.00321,0.00010,0.99669
51.30250,0.49500,0.04122,0.00031,0.95846
51.40250,0.49500,0.05369,0.00074,0.94557
51.50250,0.49500,0.23513,0.00028,0.76459
51.60250,0.49500,0.16866,0.00264,0.82871
51.70250,0.49500,0.38553,0.00163,0.61284
51.80250,0.49500,0.19975,0.00692,0.79333
51.90250,0.49500,0.11040,0.00191,0.88769
52.00250,0.49500,0.06460,0.00476,0.93063
52.10250,0.49500,0.84778,0.00843,0.14378
52.20250,0.49500,0.89782,0.00047,0.10172
52.30250,0.49500,0.98155,0.00131,0.01714
52.40250,0.49500,0.62117,0.00004,0.37879
52.50250,0.49500,0.50838,0.00517,0.48645
52.60250,0.49500,0.07708,0.00262,0.92031
52.70250,0.49500,0.27844,0.00198,0.71959
52.80250,0.49500,0.13488,0.00088,0.86424
52.90250,0.49500,0.71942,0.00005,0.28053
53.00250,0.49500,0.99363,0.00002,0.00635
53.10250,0.49500,0.99997,0.00002,0.00001
53.20250,0.49500,1.00000,0.00000,0.00000
53.30250,0.49500,0.99999,0.00001,0.00000
53.40250,0.49500,0.99998,0.00000,0.00001
53.50250,0.49500,1.00000,0.00000,0.00000
53.60250,0.49500,0.99989,0.00011,0.00000
53.70250,0.49500,0.99999,0.00001,0.00000
53.80250,0.49500,0.99992,0.00007,0.00001
53.90250,0.49500,1.00000,0.00000,0.00000
54.00250,0.49500,0.99969,0.00024,0.00007
54.10250,0.49500,0.99555,0.00445,0.00000
54.20250,0.49500,0.99284,0.00715,0.00001
54.30250,0.49500,0.96950,0.03031,0.00019
54.40250,0.49500,0.25366,0.73443,0.01191
54.50250,0.49500,0.12334,0.84419,0.03246
54.60250,0.49500,0.29449,0.70058,0.00493
54.70250,0.49500,0.57602,0.40217,0.02181
54.80250,0.49500,0.49855,0.50139,0.00006
54.90250,0.49500,0.37785,0.62211,0.00004
55.00250,0.49500,0.45729,0.54218,0.00053
55.10250,0.49500,0.76401,0.23596,0.00003
55.20250,0.49500,0.68334,0.31666,0.00000
55.30250,0.49500,0.87486,0.12514,0.00000
55.40250,0.49500,0.89189,0.10811,0.00000
55.50250,0.49500,0.93884,0.05737,0.00379
55.60250,0.49500,0.87403,0.12508,0.00089
55.70250,0.49500,0.66656,0.25088,0.08257
55.80250,0.49500,0.19833,0.80055,0.00112
55.90250,0.49500,0.08961,0.90688,0.00351
56.00250,0.49500,0.27416,0.72031,0.00553
56.10250,0.49500,0.51408,0.48289,0.00303
56.20250,0.49500,0.67004,0.32959,0.00037
56.30250,0.49500,0.59723,0.40154,0.00123
56.40250,0.49500,0.21963,0.77863,0.00175
56.50250,0.49500,0.15701,0.83005,0.01294
56.60250,0.49500,0.07802,0.91995,0.00203
56.70250,0.49500,0.13980,0.84236,0.01784
56.80250,0.49500,0.04707,0.95167,0.00127
56.90250,0.49500,0.04084,0.95058,0.00858
57.00250,0.49500,0.06329,0.93656,0.00015
57.10250,0.49500,0.14612,0.85313,0.00075
57.20250,0.49500,0.24715,0.75231,0.00054
57.30250,0.49500,0.18159,0.81675,0.00166
57.40250,0.49500,0.05802,0.94182,0.00017
57.50250,0.49500,0.04708,0.95258,0.00033
57.60250,0.49500,0.08659,0.91322,0.00020
57.70250,0.49500,0.11426,0.87928,0.00645
57.80250,0.49500,0.25437,0.74404,0.00159
57.90250,0.49500,0.22733,0.77000,0.00268
58.00250,0.49500,0.11265,0.88459,0.00277
58.10250,0.49500,0.11357,0.84177,0.04466
58.20250,0.49500,0.06500,0.93084,0.00416
58.30250,0.49500,0.06469,0.90335,0.03197
58.40250,0.49500,0.05900,0.91650,0.02450
58.50250,0.49500,0.05564,0.81985,0.12451
58.60250,0.49500,0.30942,0.63404,0.05653
58.70250,0.49500,0.55475,0.35300,0.09225
58.80250,0.49500,0.72538,0.26616,0.00846
58.90250,0.49500,0.68739,0.27273,0.03988
59.00250,0.49500,0.62510,0.37021,0.00469
59.10250,0.49500,0.75679,0.19901,0.04420
59.20250,0.49500,0.38444,0.61312,0.00245
59.30250,0.49500,0.44212,0.51536,0.04252
59.40250,0.49500,0.49747,0.50224,0.00029
59.50250,0.49500,0.55189,0.44344,0.00467
59.60250,0.49500,0.59827,0.40173,0.00001
59.70250,0.49500,0.36083,0.63915,0.00002
59.80250,0.49500,0.33989,0.65595,0.00417
59.90250,0.49500,0.53443,0.46556,0.00000
60.00250,0.49500,0.93187,0.06813,0.00000
60.10250,0.49500,0.96377,0.03622,0.00001
60.20250,0.49500,0.91362,0.08529,0.00110
60.30250,0.49500,0.99992,0.00005,0.00003
60.40250,0.49500,1.00000,0.00000,0.00000
60.50250,0.49500,0.99991,0.00006,0.00003
60.60250,0.49500,1.00000,0.00000,0.00000
60.70250,0.49500,0.99940,0.00000,0.00060
60.80250,0.49500,0.99882,0.00046,0.00072
60.90250,0.49500,0.98327,0.01670,0.00003
61.00250,0.49500,0.97999,0.01987,0.00014
61.10250,0.49500,0.91355,0.08645,0.00000
61.20250,0.49500,0.91700,0.08299,0.00001
61.30250,0.49500,0.98388,0.01603,0.00010
61.40250,0.49500,0.98043,0.01929,0.00028
61.50250,0.49500,0.88812,0.11182,0.00005
61.60250,0.49500,0.91039,0.08940,0.00021
61.70250,0.49500,0.43832,0.55921,0.00247
61.80250,0.49500,0.30749,0.69223,0.00028
61.90250,0.49500,0.10838,0.89070,0.00091
62.00250,0.49500,0.19547,0.80412,0.00041
62.10250,0.49500,0.03115,0.96805,0.00080
62.20250,0.49500,0.03205,0.96699,0.00096
62.30250,0.49500,0.01842,0.97189,0.00970
62.40250,0.49500,0.05586,0.93335,0.01079
62.50250,0.49500,0.12697,0.87201,0.00101
62.60250,0.49500,0.17797,0.82036,0.00166
62.70250,0.49500,0.04512,0.95415,0.00073
62.80250,0.49500,0.05682,0.94186,0.00133
62.90250,0.49500,0.01720,0.98226,0.00053
63.00250,0.49500,0.06922,0.93013,0.00065
63.10250,0.49500,0.07091,0.92847,0.00062
63.20250,0.49500,0.05315,0.94517,0.00168
63.30250,0.49500,0.00997,0.98941,0.00061
63.40250,0.49500,0.00842,0.99140,0.00018
63.50250,0.49500,0.03087,0.96761,0.00152
63.60250,0.49500,0.00480,0.99505,0.00015
63.70250,0.49500,0.01092,0.98745,0.00163
63.80250,0.49500,0.00642,0.99343,0.00015
63.90250,0.49500,0.01138,0.98838,0.00024
64.00250,0.49500,0.00865,0.99104,0.00031
64.10250,0.49500,0.03361,0.96461,0.00178
64.20250,0.49500,0.02023,0.97880,0.00097
64.30250,0.49500,0.04419,0.95533,0.00048
64.40250,0.49500,0.06631,0.93033,0.00336
64.50250,0.49500,0.09281,0.90541,0.00178
64.60250,0.49500,0.03903,0.96036,0.00061
64.70250,0.49500,0.02850,0.96578,0.00572
64.80250,0.49500,0.00696,0.99093,0.00211
64.90250,0.49500,0.00389,0.99602,0.00009
65.00250,0.49500,0.01386,0.98089,0.00524
65.10250,0.49500,0.00479,0.98960,0.00561
65.20250,0.49500,0.01559,0.98403,0.00038
65.30250,0.49500,0.02473,0.97483,0.00044
65.40250,0.49500,0.00833,0.99158,0.00009
65.50250,0.49500,0.00951,0.99031,0.00018
65.60250,0.49500,0.00665,0.99322,0.00013
65.70250,0.49500,0.00568,0.99426,0.00005
65.80250,0.49500,0.00373,0.99619,0.00007
65.90250,0.49500,0.00251,0.99741,0.00008
66.00250,0.49500,0.00328,0.99663,0.00010
66.10250,0.49500,0.00203,0.99790,0.00007
66.20250,0.49500,0.00252,0.99740,0.00008
66.30250,0.49500,0.00477,0.99509,0.00014
66.40250,0.49500,0.00827,0.99168,0.00005
66.50250,0.49500,0.02074,0.97915,0.00010
66.60250,0.49500,0.01739,0.98257,0.00004
66.70250,0.49500,0.01255,0.98735,0.00010
66.80250,0.49500,0.01729,0.98256,0.00015
66.90250,0.49500,0.00373,0.99608,0.00019
67.00250,0.49500,0.00258,0.99683,0.00059
67.10250,0.49500,0.00447,0.99540,0.00013
67.20250,0.49500,0.00139,0.99855,0.00005
67.30250,0.49500,0.00417,0.99581,0.00002
67.40250,0.49500,0.00295,0.99702,0.00003
67.50250,0.49500,0.00209,0.99789,0.00002
67.60250,0.49500,0.00185,0.99810,0.00006
67.70250,0.49500,0.00438,0.99556,0.00006
67.80250,0.49500,0.00529,0.99461,0.00009
67.90250,0.49500,0.01135,0.98842,0.00023
68.00250,0.49500,0.01099,0.98883,0.00019
68.10250,0.49500,0.00524,0.99418,0.00058
68.20250,0.49500,0.00381,0.99530,0.00089
68.30250,0.49500,0.00519,0.99208,0.00274
68.40250,0.49500,0.01185,0.98541,0.00274
68.50250,0.49500,0.01122,0.98716,0.00162
68.60250,0.49500,0.00681,0.99255,0.00065
68.70250,0.49500,0.00871,0.98930,0.00199
68.80250,0.49500,0.00319,0.99630,0.00051
68.90250,0.49500,0.00750,0.99234,0.00016
69.00250,0.49500,0.03099,0.96741,0.00160
69.10250,0.49500,0.10156,0.89838,0.00006
69.20250,0.49500,0.50716,0.48349,0.00935
69.30250,0.49500,0.38275,0.61722,0.00004
69.40250,0.49500,0.54276,0.34142,0.11581
69.50250,0.49500,0.32388,0.67511,0.00101
69.60250,0.49500,0.37579,0.61882,0.00539
69.70250,0.49500,0.56579,0.43251,0.00170
69.80250,0.49500,0.57744,0.42206,0.00050
69.90250,0.49500,0.51692,0.48295,0.00012
70.00250,0.49500,0.46562,0.53418,0.00020
70.10250,0.49500,0.52921,0.47075,0.00004
70.20250,0.49500,0.55854,0.44143,0.00003
70.30250,0.49500,0.54914,0.45081,0.00005
70.40250,0.49500,0.74357,0.25642,0.00001
70.50250,0.49500,0.94960,0.05040,0.00000
70.60250,0.49500,0.99977,0.00023,0.00000
70.70250,0.49500,0.99963,0.00037,0.00000
70.80250,0.49500,0.99995,0.00004,0.00000
70.90250,0.49500,1.00000,0.00000,0.00000
71.00250,0.49500,1.00000,0.00000,0.00000
71.10250,0.49500,1.00000,0.00000,0.00000
71.20250,0.49500,1.00000,0.00000,0.00000
71.30250,0.49500,1.00000,0.00000,0.00000
71.40250,0.49500,1.00000,0.00000,0.00000
71.50250,0.49500,0.67335,0.00018,0.32647
71.60250,0.49500,0.12673,0.00046,0.87282
71.70250,0.49500,0.95409,0.00008,0.04583
71.80250,0.49500,0.99928,0.00000,0.00072
71.90250,0.49500,0.99987,0.00001,0.00013
72.00250,0.49500,0.99912,0.00000,0.00088
72.10250,0.49500,0.99955,0.00000,0.00045
72.20250,0.49500,0.98793,0.00002,0.01205
72.30250,0.49500,0.93235,0.00012,0.06753
72.40250,0.49500,0.53118,0.00104,0.46778
72.50250,0.49500,0.83167,0.00039,0.16793
72.60250,0.49500,0.36398,0.00209,0.63393
72.70250,0.49500,0.81347,0.00064,0.18589
72.80250,0.49500,0.93355,0.00005,0.06639
72.90250,0.49500,0.80130,0.00175,0.19695
73.00250,0.49500,0.57025,0.00090,0.42885
73.10250,0.49500,0.41178,0.00268,0.58554
73.20250,0.49500,0.67160,0.00328,0.32511
73.30250,0.49500,0.42457,0.00044,0.57499
73.40250,0.49500,0.68564,0.00035,0.31401
73.50250,0.49500,0.41515,0.00457,0.58028
73.60250,0.49500,0.32848,0.00963,0.66188
73.70250,0.49500,0.24345,0.00252,0.75403
73.80250,0.49500,0.30386,0.00333,0.69280
73.90250,0.49500,0.50762,0.00391,0.48847
74.00250,0.49500,0.45181,0.00144,0.54675
74.10250,0.49500,0.20630,0.00232,0.79138
74.20250,0.49500,0.07176,0.00277,0.92547
74.30250,0.49500,0.09463,0.00104,0.90433
74.40250,0.49500,0.05991,0.00057,0.93953
74.50250,0.49500,0.17933,0.00058,0.82009
74.60250,0.49500,0.24429,0.00112,0.75459
74.70250,0.49500,0.47550,0.00653,0.51797
74.80250,0.49500,0.60986,0.00057,0.38957
74.90250,0.49500,0.41567,0.00216,0.58217
75.00250,0.49500,0.27425,0.00365,0.72210
75.10250,0.49500,0.06295,0.00034,0.93671
75.20250,0.49500,0.06502,0.00123,0.93375
75.30250,0.49500,0.12507,0.00082,0.87411
75.40250,0.49500,0.62003,0.00029,0.37968
75.50250,0.49500,0.36932,0.00035,0.63033
75.60250,0.49500,0.22154,0.00084,0.77762
75.70250,0.49500,0.16848,0.00082,0.83070
75.80250,0.49500,0.29769,0.01324,0.68907
75.90250,0.49500,0.63297,0.00265,0.36438
76.00250,0.49500,0.54926,0.00242,0.44832
76.10250,0.49500,0.76401,0.00925,0.22673
76.20250,0.49500,0.79678,0.00048,0.20274
76.30250,0.49500,0.29410,0.00078,0.70512
76.40250,0.49500,0.87702,0.00012,0.12286
76.50250,0.49500,0.63534,0.00046,0.36420
76.60250,0.49500,0.24354,0.00599,0.75048
76.70250,0.49500,0.37578,0.00050,0.62372
76.80250,0.49500,0.22211,0.00419,0.77369
76.90250,0.49500,0.41898,0.00053,0.58050
77.00250,0.49500,0.21839,0.00059,0.78102
77.10250,0.49500,0.29264,0.00042,0.70694
77.20250,0.49500,0.14649,0.00025,0.85326
77.30250,0.49500,0.03625,0.00019,0.96356
77.40250,0.49500,0.03905,0.00181,0.95914
77.50250,0.49500,0.11828,0.00147,0.88025
77.60250,0.49500,0.01358,0.00090,0.98553
77.70250,0.49500,0.03374,0.00067,0.96559
77.80250,0.49500,0.02653,0.00442,0.96905
77.90250,0.49500,0.01536,0.00197,0.98267
78.00250,0.49500,0.01203,0.00036,0.98761
78.10250,0.49500,0.00892,0.00302,0.98806
78.20250,0.49500,0.00840,0.00051,0.99110
78.30250,0.49500,0.28774,0.00175,0.71051
78.40250,0.49500,0.46243,0.00053,0.53704
78.50250,0.49500,0.85972,0.00005,0.14023
78.60250,0.49500,0.97148,0.00003,0.02850
78.70250,0.49500,0.93294,0.00003,0.06704
78.80250,0.49500,0.61300,0.00008,0.38692
78.90250,0.49500,0.37669,0.00012,0.62319
79.00250,0.49500,0.15057,0.00052,0.84890
79.10250,0.49500,0.03430,0.00763,0.95807
79.20250,0.49500,0.06068,0.00748,0.93184
79.30250,0.49500,0.11847,0.00192,0.87961
79.40250,0.49500,0.03850,0.00081,0.96069
79.50250,0.49500,0.05997,0.00081,0.93922
79.60250,0.49500,0.04301,0.00130,0.95569
79.70250,0.49500,0.02925,0.00045,0.97030
79.80250,0.49500,0.03431,0.00109,0.96460
79.90250,0.49500,0.03157,0.00255,0.96587
80.00250,0.49500,0.04092,0.00094,0.95814
80.10250,0.49500,0.03274,0.00031,0.96695
80.20250,0.49500,0.03881,0.00074,0.96044
80.30250,0.49500,0.05648,0.00098,0.94254
80.40250,0.49500,0.01487,0.00047,0.98465
80.50250,0.49500,0.01718,0.00068,0.98214
80.60250,0.49500,0.01728,0.00204,0.98067
80.70250,0.49500,0.01407,0.00043,0.98549
80.80250,0.49500,0.00747,0.00009,0.99244
80.90250,0.49500,0.00962,0.00020,0.99018
81.00250,0.49500,0.01731,0.00030,0.98239
81.10250,0.49500,0.02044,0.00055,0.97901
81.20250,0.49500,0.00956,0.00029,0.99015
81.30250,0.49500,0.00402,0.00034,0.99563
81.40250,0.49500,0.00481,0.00062,0.99458
81.50250,0.49500,0.00650,0.00124,0.99226
81.60250,0.49500,0.00467,0.00087,0.99446
81.70250,0.49500,0.02646,0.00374,0.96981
81.80250,0.49500,0.02190,0.00988,0.96823
81.90250,0.49500,0.02104,0.00291,0.97605
82.00250,0.49500,0.01742,0.00277,0.97981
82.10250,0.49500,0.02256,0.00048,0.97696
82.20250,0.49500,0.05336,0.00070,0.94594
82.30250,0.49500,0.36906,0.00036,0.63058
82.40250,0.49500,0.64695,0.00010,0.35295
82.50250,0.49500,0.94035,0.00007,0.05958
82.60250,0.49500,0.80083,0.00007,0.19910
82.70250,0.49500,0.82313,0.00000,0.17686
82.80250,0.49500,0.67527,0.00002,0.32471
82.90250,0.49500,0.89354,0.00010,0.10636
83.00250,0.49500,0.96214,0.00007,0.03779
83.10250,0.49500,0.99925,0.00004,0.00071
83.20250,0.49500,0.99999,0.00000,0.00001
83.30250,0.49500,1.00000,0.00000,0.00000
83.40250,0.49500,1.00000,0.00000,0.00000
83.50250,0.49500,1.00000,0.00000,0.00000
83.60250,0.49500,1.00000,0.00000,0.00000
83.70250,0.49500,1.00000,0.00000,0.00000
83.80250,0.49500,1.00000,0.00000,0.00000
83.90250,0.49500,1.00000,0.00000,0.00000
84.00250,0.49500,1.00000,0.00000,0.00000
84.10250,0.49500,0.99991,0.00000,0.00009
84.20250,0.49500,1.00000,0.00000,0.00000
84.30250,0.49500,0.99998,0.00000,0.00002
84.40250,0.49500,1.00000,0.00000,0.00000
84.50250,0.49500,1.00000,0.00000,0.00000
84.60250,0.49500,0.99999,0.00000,0.00001
84.70250,0.49500,0.99997,0.00000,0.00003
84.80250,0.49500,1.00000,0.00000,0.00000
84.90250,0.49500,0.99999,0.00000,0.00000
85.00250,0.49500,0.99492,0.00001,0.00507
85.10250,0.49500,0.99880,0.00000,0.00120
85.20250,0.49500,0.99104,0.00002,0.00893
85.30250,0.49500,0.99699,0.00000,0.00300
85.40250,0.49500,0.99175,0.00005,0.00820
85.50250,0.49500,0.99466,0.00037,0.00497
85.60250,0.49500,0.53743,0.00279,0.45978
85.70250,0.49500,0.75808,0.02581,0.21610
85.80250,0.49500,0.93315,0.00717,0.05968
85.90250,0.49500,0.83695,0.01771,0.14534
86.00250,0.49500,0.71420,0.00788,0.27792
86.10250,0.49500,0.86479,0.01185,0.12335
86.20250,0.49500,0.30694,0.00298,0.69008
86.30250,0.49500,0.57754,0.00214,0.42032
86.40250,0.49500,0.31585,0.00608,0.67806
86.50250,0.49500,0.13803,0.00314,0.85883
86.60250,0.49500,0.13696,0.00666,0.85639
86.70250,0.49500,0.07988,0.01121,0.90891
86.80250,0.49500,0.03560,0.01197,0.95243
86.90250,0.49500,0.05638,0.00663,0.93699
87.00250,0.49500,0.13746,0.00985,0.85269
87.10250,0.49500,0.06242,0.00436,0.93322
87.20250,0.49500,0.15406,0.00426,0.84168
87.30250,0.49500,0.01893,0.00349,0.97758
87.40250,0.49500,0.01218,0.00895,0.97886
87.50250,0.49500,0.00927,0.01236,0.97836
87.60250,0.49500,0.01138,0.04305,0.94557
87.70250,0.49500,0.00965,0.01931,0.97104
87.80250,0.49500,0.00432,0.00554,0.99014
87.90250,0.49500,0.01189,0.00557,0.98254
88.00250,0.49500,0.00951,0.00931,0.98118
88.10250,0.49500,0.00973,0.00835,0.98192
88.20250,0.49500,0.00518,0.00365,0.99117
88.30250,0.49500,0.00427,0.00776,0.98797
88.40250,0.49500,0.00879,0.00507,0.98614
88.50250,0.49500,0.01261,0.00684,0.98055
88.60250,0.49500,0.03779,0.01678,0.94544
88.70250,0.49500,0.00835,0.00209,0.98956
88.80250,0.49500,0.00603,0.01068,0.98330
88.90250,0.49500,0.00830,0.00510,0.98661
89.00250,0.49500,0.01166,0.00429,0.98404
89.10250,0.49500,0.00862,0.00775,0.98363
89.20250,0.49500,0.00737,0.00210,0.99053
89.30250,0.49500,0.00930,0.00507,0.98563
89.40250,0.49500,0.00314,0.00780,0.98906
89.50250,0.49500,0.00458,0.00665,0.98877
89.60250,0.49500,0.01257,0.01713,0.97030
89.70250,0.49500,0.00650,0.02983,0.96367
89.80250,0.49500,0.00377,0.00681,0.98942
89.90250,0.49500,0.00302,0.01591,0.98107
90.00250,0.49500,0.00945,0.02065,0.96990
90.10250,0.49500,0.04040,0.03943,0.92016
90.20250,0.49500,0.02977,0.00731,0.96293
90.30250,0.49500,0.03361,0.00914,0.95725
90.40250,0.49500,0.01566,0.00461,0.97974
90.50250,0.49500,0.01373,0.01275,0.97352
90.60250,0.49500,0.01074,0.00671,0.98255
90.70250,0.49500,0.01418,0.01121,0.97461
90.80250,0.49500,0.00930,0.00823,0.98248
90.90250,0.49500,0.00932,0.02249,0.96819
91.00250,0.49500,0.00624,0.08434,0.90943
91.10250,0.49500,0.00853,0.04436,0.94711
91.20250,0.49500,0.00377,0.04553,0.95070
91.30250,0.49500,0.00316,0.02426,0.97258
91.40250,0.49500,0.00484,0.03448,0.96067
91.50250,0.49500,0.01998,0.01966,0.96036
91.60250,0.49500,0.01421,0.01025,0.97554
91.70250,0.49500,0.01418,0.01079,0.97503
91.80250,0.49500,0.00760,0.00865,0.98375
91.90250,0.49500,0.00478,0.01161,0.98361
92.00250,0.49500,0.00770,0.01022,0.98207
92.10250,0.49500,0.00502,0.01323,0.98174
92.20250,0.49500,0.00432,0.02030,0.97538
92.30250,0.49500,0.01113,0.01612,0.97275
92.40250,0.49500,0.01577,0.06371,0.92052
92.50250,0.49500,0.01847,0.02990,0.95162
92.60250,0.49500,0.03831,0.06188,0.89981
92.70250,0.49500,0.01356,0.03948,0.94697
92.80250,0.49500,0.02481,0.01824,0.95695
92.90250,0.49500,0.01175,0.03877,0.94947
93.00250,0.49500,0.00341,0.04722,0.94937
93.10250,0.49500,0.00588,0.01494,0.97918
93.20250,0.49500,0.00342,0.01600,0.98058
93.30250,0.49500,0.00472,0.01809,0.97719
93.40250,0.49500,0.00636,0.01238,0.98126
93.50250,0.49500,0.00556,0.05711,0.93733
93.60250,0.49500,0.00776,0.01457,0.97767
93.70250,0.49500,0.00961,0.01987,0.97052
93.80250,0.49500,0.00546,0.03079,0.96375
93.90250,0.49500,0.00782,0.01352,0.97866
94.00250,0.49500,0.01484,0.03380,0.95136
94.10250,0.49500,0.02307,0.01487,0.96206
94.20250,0.49500,0.01877,0.00648,0.97475
94.30250,0.49500,0.02576,0.01574,0.95850
94.40250,0.49500,0.16951,0.02382,0.80667
94.50250,0.49500,0.21832,0.01807,0.76361
94.60250,0.49500,0.10214,0.00958,0.88828
94.70250,0.49500,0.02843,0.00470,0.96687
94.80250,0.49500,0.00835,0.01160,0.98005
94.90250,0.49500,0.00846,0.01765,0.97389
95.00250,0.49500,0.02274,0.01990,0.95736
95.10250,0.49500,0.05378,0.01946,0.92676
95.20250,0.49500,0.20127,0.03750,0.76123
95.30250,0.49500,0.17957,0.02633,0.79410
95.40250,0.49500,0.14716,0.00811,0.84473
95.50250,0.49500,0.08374,0.00752,0.90874
95.60250,0.49500,0.06206,0.03283,0.90510
95.70250,0.49500,0.11977,0.02347,0.85676
95.80250,0.49500,0.22983,0.00339,0.76678
95.90250,0.49500,0.99955,0.00043,0.00002
96.00250,0.49500,0.99995,0.00005,0.00000
96.10250,0.49500,0.99999,0.00000,0.00001
96.20250,0.49500,1.00000,0.00000,0.00000
96.30250,0.49500,1.00000,0.00000,0.00000
96.40250,0.49500,1.00000,0.00000,0.00000
96.50250,0.49500,0.99237,0.00000,0.00763
96.60250,0.49500,0.99972,0.00000,0.00028
96.70250,0.49500,0.99947,0.00000,0.00053
96.80250,0.49500,0.99994,0.00000,0.00006
96.90250,0.49500,0.99980,0.00000,0.00020
97.00250,0.49500,0.95876,0.00000,0.04124
97.10250,0.49500,0.99986,0.00000,0.00014
97.20250,0.49500,0.65585,0.00000,0.34415
97.30250,0.49500,0.52467,0.00000,0.47533
97.40250,0.49500,0.37562,0.00002,0.62436
97.50250,0.49500,0.01879,0.00026,0.98095
97.60250,0.49500,0.00455,0.00008,0.99537
97.70250,0.49500,0.02310,0.00031,0.97660
97.80250,0.49500,0.04504,0.00144,0.95352
97.90250,0.49500,0.10212,0.00052,0.89736
98.00250,0.49500,0.09455,0.00101,0.90444
98.10250,0.49500,0.05050,0.00207,0.94743
98.20250,0.49500,0.06431,0.00170,0.93399
98.30250,0.49500,0.01105,0.00094,0.98802
98.40250,0.49500,0.02669,0.00060,0.97271
98.50250,0.49500,0.02641,0.00053,0.97306
98.60250,0.49500,0.05875,0.00041,0.94084
98.70250,0.49500,0.06933,0.00057,0.93009
98.80250,0.49500,0.09234,0.00011,0.90755
98.90250,0.49500,0.04872,0.00023,0.95104
99.00250,0.49500,0.00898,0.00029,0.99073
99.10250,0.49500,0.00608,0.00026,0.99366
99.20250,0.49500,0.00337,0.00021,0.99643
99.30250,0.49500,0.00389,0.00020,0.99591
99.40250,0.49500,0.00588,0.00017,0.99396
99.50250,0.49500,0.01695,0.00030,0.98275
99.60250,0.49500,0.01222,0.00031,0.98747
99.70250,0.49500,0.01476,0.00014,0.98511
99.80250,0.49500,0.00702,0.00020,0.99279
99.90250,0.49500,0.00382,0.00023,0.99595
100.00250,0.49500,0.00417,0.00021,0.99563
100.10250,0.49500,0.00676,0.00025,0.99299
100.20250,0.49500,0.00859,0.00011,0.99131
100.30250,0.49500,0.01695,0.00046,0.98259
100.40250,0.49500,0.05901,0.00085,0.94015
100.50250,0.49500,0.13084,0.00140,0.86776
100.60250,0.49500,0.12413,0.00146,0.87442
100.70250,0.49500,0.11157,0.00109,0.88734
100.80250,0.49500,0.08776,0.00046,0.91178
100.90250,0.49500,0.08451,0.00077,0.91472
101.00250,0.49500,0.21752,0.00024,0.78225
101.10250,0.49500,0.22381,0.00017,0.77602
101.20250,0.49500,0.11069,0.00018,0.88913
101.30250,0.49500,0.04358,0.00014,0.95628
101.40250,0.49500,0.07143,0.00021,0.92836
101.50250,0.49500,0.08146,0.00018,0.91837
101.60250,0.49500,0.09762,0.00102,0.90135
101.70250,0.49500,0.05159,0.00037,0.94804
101.80250,0.49500,0.00929,0.00043,0.99028
101.90250,0.49500,0.01962,0.00079,0.97959
102.00250,0.49500,0.03244,0.00055,0.96701
102.10250,0.49500,0.02346,0.00032,0.97622
102.20250,0.49500,0.03575,0.00034,0.96392
102.30250,0.49500,0.00944,0.00027,0.99029
102.40250,0.49500,0.01017,0.00039,0.98944
102.50250,0.49500,0.01590,0.00088,0.98322
102.60250,0.49500,0.01329,0.00135,0.98536
102.70250,0.49500,0.01029,0.00064,0.98907
102.80250,0.49500,0.01453,0.00034,0.98513
102.90250,0.49500,0.02325,0.00046,0.97629
103.00250,0.49500,0.00955,0.00037,0.99009
103.10250,0.49500,0.01295,0.00014,0.98691
103.20250,0.49500,0.02022,0.00049,0.97930
103.30250,0.49500,0.05734,0.00044,0.94222
103.40250,0.49500,0.08458,0.00029,0.91514
103.50250,0.49500,0.05279,0.00076,0.94644
103.60250,0.49500,0.01410,0.00027,0.98563
103.70250,0.49500,0.02654,0.00026,0.97320
103.80250,0.49500,0.01852,0.00081,0.98068
103.90250,0.49500,0.04605,0.00053,0.95342
104.00250,0.49500,0.03099,0.00062,0.96839
104.10250,0.49500,0.00658,0.00053,0.99289
104.20250,0.49500,0.00811,0.00147,0.99042
104.30250,0.49500,0.00314,0.00188,0.99499
104.40250,0.49500,0.00378,0.00078,0.99544
104.50250,0.49500,0.00354,0.00242,0.99404
104.60250,0.49500,0.00441,0.00072,0.99487
104.70250,0.49500,0.00400,0.00040,0.99560
104.80250,0.49500,0.00546,0.00115,0.99340
104.90250,0.49500,0.00531,0.00126,0.99343
105.00250,0.49500,0.00633,0.00039,0.99329
105.10250,0.49500,0.00539,0.00061,0.99400
105.20250,0.49500,0.00504,0.00043,0.99453
105.30250,0.49500,0.00993,0.00055,0.98952
105.40250,0.49500,0.00801,0.00018,0.99181
105.50250,0.49500,0.00771,0.00031,0.99198
105.60250,0.49500,0.01305,0.00037,0.98658
105.70250,0.49500,0.00677,0.00021,0.99302
105.80250,0.49500,0.01662,0.00019,0.98319
105.90250,0.49500,0.00811,0.00015,0.99174
106.00250,0.49500,0.07260,0.00023,0.92717
106.10250,0.49500,0.03971,0.00020,0.96009
106.20250,0.49500,0.09993,0.00024,0.89983
106.30250,0.49500,0.04269,0.00031,0.95700
106.40250,0.49500,0.02849,0.00007,0.97144
106.50250,0.49500,0.01683,0.00015,0.98302
106.60250,0.49500,0.00612,0.00012,0.99375
106.70250,0.49500,0.01391,0.00014,0.98595
106.80250,0.49500,0.01741,0.00034,0.98225
106.90250,0.49500,0.05663,0.00032,0.94305
107.00250,0.49500,0.01013,0.00025,0.98962
107.10250,0.49500,0.01007,0.00033,0.98960
107.20250,0.49500,0.00462,0.00084,0.99454
107.30250,0.49500,0.00537,0.00018,0.99445
107.40250,0.49500,0.01932,0.00080,0.97987
107.50250,0.49500,0.04730,0.00221,0.95049
107.60250,0.49500,0.03405,0.00056,0.96538
107.70250,0.49500,0.06804,0.00045,0.93151
107.80250,0.49500,0.09519,0.00041,0.90441
107.90250,0.49500,0.29756,0.00020,0.70224
108.00250,0.49500,0.25827,0.00026,0.74146
108.10250,0.49500,0.22371,0.00005,0.77624
108.20250,0.49500,0.10346,0.00049,0.89605
108.30250,0.49500,0.05664,0.00030,0.94306
108.40250,0.49500,0.11425,0.00028,0.88547
108.50250,0.49500,0.22798,0.00015,0.77187
108.60250,0.49500,0.34187,0.00010,0.65802
108.70250,0.49500,0.65200,0.00003,0.34796
108.80250,0.49500,0.31294,0.00021,0.68685
108.90250,0.49500,0.35569,0.00012,0.64419
109.00250,0.49500,0.78884,0.00003,0.21114
109.10250,0.49500,0.99990,0.00004,0.00006
109.20250,0.49500,0.99929,0.00003,0.00068
109.30250,0.49500,0.99993,0.00000,0.00007
109.40250,0.49500,0.99997,0.00001,0.00002
109.50250,0.49500,0.99999,0.00001,0.00000
109.60250,0.49500,0.99999,0.00001,0.00000
109.70250,0.49500,0.99051,0.00001,0.00948
109.80250,0.49500,0.99997,0.00000,0.00002
109.90250,0.49500,0.99995,0.00005,0.00000
110.00250,0.49500,0.99202,0.00004,0.00793
110.10250,0.49500,0.86991,0.00109,0.12900
110.20250,0.49500,0.70652,0.00348,0.29000
110.30250,0.49500,0.90213,0.00061,0.09727
110.40250,0.49500,0.50163,0.00009,0.49827
110.50250,0.49500,0.49073,0.00056,0.50870
110.60250,0.49500,0.22384,0.00031,0.77585
110.70250,0.49500,0.05788,0.00007,0.94205
110.80250,0.49500,0.01874,0.00049,0.98077
110.90250,0.49500,0.00452,0.00106,0.99442
111.00250,0.49500,0.00310,0.00039,0.99651
111.10250,0.49500,0.00584,0.00046,0.99370
111.20250,0.49500,0.00742,0.00072,0.99186
111.30250,0.49500,0.01409,0.00070,0.98521
111.40250,0.49500,0.01452,0.00053,0.98494
111.50250,0.49500,0.00336,0.00039,0.99625
111.60250,0.49500,0.00810,0.00085,0.99105
111.70250,0.49500,0.01393,0.00096,0.98511
111.80250,0.49500,0.01937,0.00059,0.98004
111.90250,0.49500,0.06709,0.00301,0.92990
112.00250,0.49500,0.07787,0.00151,0.92062
112.10250,0.49500,0.05128,0.00037,0.94835
112.20250,0.49500,0.04243,0.00147,0.95610
112.30250,0.49500,0.01361,0.00037,0.98602
112.40250,0.49500,0.00940,0.00096,0.98964
112.50250,0.49500,0.00927,0.00056,0.99017
112.60250,0.49500,0.01250,0.00031,0.98719
112.70250,0.49500,0.02576,0.00090,0.97334
112.80250,0.49500,0.06517,0.00093,0.93391
112.90250,0.49500,0.03327,0.00030,0.96643
113.00250,0.49500,0.02171,0.00037,0.97792
113.10250,0.49500,0.00605,0.00008,0.99387
113.20250,0.49500,0.00207,0.00018,0.99775
113.30250,0.49500,0.00110,0.00013,0.99877
113.40250,0.49500,0.00398,0.00023,0.99579
113.50250,0.49500,0.00424,0.00022,0.99554
113.60250,0.49500,0.00391,0.00014,0.99595
113.70250,0.49500,0.00232,0.00029,0.99739
113.80250,0.49500,0.00419,0.00037,0.99544
113.90250,0.49500,0.00361,0.00020,0.99619
114.00250,0.49500,0.00118,0.00027,0.99855
114.10250,0.49500,0.00177,0.00043,0.99779
114.20250,0.49500,0.00211,0.00082,0.99707
114.30250,0.49500,0.00211,0.00028,0.99761
114.40250,0.49500,0.00512,0.00056,0.99432
114.50250,0.49500,0.00607,0.00027,0.99366
114.60250,0.49500,0.00924,0.00041,0.99035
114.70250,0.49500,0.00591,0.00054,0.99354
114.80250,0.49500,0.00564,0.00041,0.99395
114.90250,0.49500,0.00441,0.00078,0.99481
115.00250,0.49500,0.00328,0.00084,0.99588
115.10250,0.49500,0.00275,0.00116,0.99609
115.20250,0.49500,0.00486,0.00068,0.99446
115.30250,0.49500,0.00556,0.00162,0.99282
115.40250,0.49500,0.00446,0.00073,0.99481
115.50250,0.49500,0.00423,0.00109,0.99468
115.60250,0.49500,0.00249,0.00043,0.99708
115.70250,0.49500,0.00337,0.00041,0.99622
115.80250,0.49500,0.00270,0.00046,0.99684
115.90250,0.49500,0.00302,0.00012,0.99686
116.00250,0.49500,0.00264,0.00013,0.99723
116.10250,0.49500,0.00277,0.00016,0.99707
116.20250,0.49500,0.00116,0.00033,0.99851
116.30250,0.49500,0.00084,0.00078,0.99838
116.40250,0.49500,0.00356,0.00069,0.99575
116.50250,0.49500,0.00398,0.00065,0.99538
116.60250,0.49500,0.00452,0.00034,0.99513
116.70250,0.49500,0.00673,0.00023,0.99304
116.80250,0.49500,0.00957,0.00030,0.99013
116.90250,0.49500,0.00368,0.00004,0.99629
117.00250,0.49500,0.00426,0.00004,0.99570
117.10250,0.49500,0.00340,0.00014,0.99646
117.20250,0.49500,0.00301,0.00006,0.99693
117.30250,0.49500,0.00339,0.00016,0.99644
117.40250,0.49500,0.00314,0.00032,0.99654
117.50250,0.49500,0.00555,0.00029,0.99416
117.60250,0.49500,0.00510,0.00023,0.99468
117.70250,0.49500,0.00233,0.00046,0.99721
117.80250,0.49500,0.01034,0.00035,0.98930
117.90250,0.49500,0.00674,0.00035,0.99291
118.00250,0.49500,0.01154,0.00059,0.98786
118.10250,0.49500,0.03340,0.00118,0.96542
118.20250,0.49500,0.00451,0.00017,0.99533
118.30250,0.49500,0.00870,0.00019,0.99111
118.40250,0.49500,0.00703,0.00114,0.99183
118.50250,0.49500,0.01285,0.00039,0.98677
118.60250,0.49500,0.01556,0.00045,0.98399
118.70250,0.49500,0.00847,0.00020,0.99133
118.80250,0.49500,0.02764,0.00113,0.97123
118.90250,0.49500,0.00890,0.00036,0.99075
119.00250,0.49500,0.01514,0.00029,0.98457
119.10250,0.49500,0.00759,0.00033,0.99208
119.20250,0.49500,0.01285,0.00043,0.98672
119.30250,0.49500,0.01602,0.00029,0.98369
119.40250,0.49500,0.01352,0.00085,0.98563
119.50250,0.49500,0.01409,0.00111,0.98481
119.60250,0.49500,0.00663,0.00102,0.99236
119.70250,0.49500,0.00513,0.00118,0.99369
119.80250,0.49500,0.00249,0.00030,0.99720
119.90250,0.49500,0.00257,0.00032,0.99711
120.00250,0.49500,0.00098,0.00100,0.99802
120.10250,0.49500,0.00092,0.00035,0.99873
120.20250,0.49500,0.00621,0.00088,0.99291
120.30250,0.49500,0.02024,0.00077,0.97899
120.40250,0.49500,0.05141,0.00103,0.94756
120.50250,0.49500,0.01985,0.00043,0.97971
120.60250,0.49500,0.02487,0.00028,0.97485
120.70250,0.49500,0.01277,0.00033,0.98690
120.80250,0.49500,0.01826,0.00029,0.98144
120.90250,0.49500,0.02126,0.00036,0.97838
121.00250,0.49500,0.01047,0.00017,0.98936
121.10250,0.49500,0.00901,0.00046,0.99053
121.20250,0.49500,0.03815,0.00072,0.96113
121.30250,0.49500,0.06740,0.00087,0.93173
121.40250,0.49500,0.09967,0.00068,0.89965
121.50250,0.49500,0.28886,0.00109,0.71005
121.60250,0.49500,0.30610,0.00105,0.69286
121.70250,0.49500,0.99967,0.00019,0.00013
121.80250,0.49500,0.97927,0.00009,0.02064
121.90250,0.49500,0.99405,0.00001,0.00594
122.00250,0.49500,0.99699,0.00046,0.00254
122.10250,0.49500,0.99897,0.00100,0.00002
122.20250,0.49500,0.99705,0.00022,0.00273
122.30250,0.49500,0.99985,0.00000,0.00015
122.40250,0.49500,1.00000,0.00000,0.00000
122.50250,0.49500,0.99986,0.00000,0.00014
122.60250,0.49500,1.00000,0.00000,0.00000
122.70250,0.49500,1.00000,0.00000,0.00000
122.80250,0.49500,0.99996,0.00000,0.00004
122.90250,0.49500,0.99998,0.00000,0.00002
123.00250,0.49500,0.99997,0.00002,0.00001
123.10250,0.49500,0.99927,0.00060,0.00013
123.20250,0.49500,0.99567,0.00260,0.00173
123.30250,0.49500,0.99106,0.00891,0.00003
123.40250,0.49500,0.94256,0.05744,0.00000
123.50250,0.49500,0.73247,0.26753,0.00000
123.60250,0.49500,0.91998,0.08002,0.00000
123.70250,0.49500,0.44875,0.55125,0.00000
123.80250,0.49500,0.39687,0.60313,0.00000
123.90250,0.49500,0.30110,0.69889,0.00000
124.00250,0.49500,0.17480,0.82520,0.00000
124.10250,0.49500,0.12002,0.87998,0.00000
124.20250,0.49500,0.18390,0.81610,0.00000
124.30250,0.49500,0.20887,0.79113,0.00000
124.40250,0.49500,0.34387,0.65613,0.00000
124.50250,0.49500,0.25901,0.74099,0.00001
124.60250,0.49500,0.14367,0.85632,0.00000
124.70250,0.49500,0.20741,0.79258,0.00001
124.80250,0.49500,0.25318,0.74681,0.00001
124.90250,0.49500,0.22942,0.77058,0.00000
125.00250,0.49500,0.22146,0.77854,0.00000
125.10250,0.49500,0.15438,0.84562,0.00000
125.20250,0.49500,0.04393,0.95607,0.00000
125.30250,0.49500,0.03357,0.96643,0.00001
125.40250,0.49500,0.00938,0.99061,0.00001
125.50250,0.49500,0.01460,0.98539,0.00000
125.60250,0.49500,0.00929,0.99071,0.00000
125.70250,0.49500,0.01184,0.98815,0.00001
125.80250,0.49500,0.00641,0.99358,0.00001
125.90250,0.49500,0.00722,0.99277,0.00001
126.00250,0.49500,0.01108,0.98891,0.00001
126.10250,0.49500,0.01465,0.98534,0.00001
126.20250,0.49500,0.03298,0.96700,0.00001
126.30250,0.49500,0.03920,0.96080,0.00001
126.40250,0.49500,0.06738,0.93261,0.00000
126.50250,0.49500,0.04291,0.95709,0.00001
126.60250,0.49500,0.03547,0.96452,0.00001
126.70250,0.49500,0.00774,0.99225,0.00001
126.80250,0.49500,0.00668,0.99331,0.00001
126.90250,0.49500,0.00540,0.99458,0.00001
127.00250,0.49500,0.00959,0.99040,0.00000
127.10250,0.49500,0.00616,0.99384,0.00000
127.20250,0.49500,0.01049,0.98950,0.00000
127.30250,0.49500,0.01330,0.98668,0.00002
127.40250,0.49500,0.00685,0.99314,0.00000
127.50250,0.49500,0.01185,0.98814,0.00001
127.60250,0.49500,0.01339,0.98661,0.00001
127.70250,0.49500,0.00822,0.99177,0.00001
127.80250,0.49500,0.00773,0.99227,0.00000
127.90250,0.49501,0.00497,0.99503,0.00001
128.00250,0.49500,0.00799,0.99200,0.00001
128.10249,0.49501,0.01033,0.98966,0.00000
128.20250,0.49500,0.00528,0.99471,0.00000
128.30251,0.49500,0.00734,0.99265,0.00000
128.40250,0.49501,0.00359,0.99641,0.00001
128.50250,0.49500,0.00583,0.99416,0.00001
128.60249,0.49501,0.01002,0.98997,0.00001
128.70250,0.49500,0.01053,0.98946,0.00001
128.80251,0.49500,0.00980,0.99019,0.00001
128.90250,0.49501,0.00663,0.99336,0.00001
129.00250,0.49500,0.00528,0.99472,0.00001
129.10249,0.49501,0.00478,0.99521,0.00001
129.20250,0.49500,0.00477,0.99522,0.00001
129.30251,0.49500,0.00320,0.99680,0.00001
129.40250,0.49501,0.00516,0.99483,0.00001
129.50250,0.49500,0.00934,0.99066,0.00000
129.60249,0.49501,0.00659,0.99340,0.00000
129.70250,0.49500,0.01055,0.98944,0.00000
129.80251,0.49500,0.00819,0.99180,0.00001
129.90250,0.49501,0.00528,0.99472,0.00000
130.00250,0.49500,0.00594,0.99405,0.00002
130.10249,0.49501,0.00648,0.99351,0.00001
130.20250,0.49500,0.00598,0.99401,0.00001
130.30251,0.49500,0.00433,0.99566,0.00001
130.40250,0.49501,0.00637,0.99362,0.00001
130.50250,0.49500,0.00749,0.99251,0.00000
130.60249,0.49501,0.01764,0.98236,0.00001
130.70250,0.49500,0.01203,0.98797,0.00000
130.80251,0.49500,0.02131,0.97868,0.00001
130.90250,0.49501,0.00541,0.99459,0.00000
131.00250,0.49500,0.00237,0.99763,0.00000
131.10249,0.49501,0.00285,0.99715,0.00000
131.20250,0.49500,0.00293,0.99706,0.00001
131.30251,0.49500,0.00324,0.99676,0.00000
131.40250,0.49501,0.00446,0.99553,0.00000
131.50250,0.49500,0.00769,0.99231,0.00000
131.60249,0.49501,0.00977,0.99023,0.00000
131.70250,0.49500,0.00672,0.99327,0.00000
131.80251,0.49500,0.00770,0.99230,0.00000
131.90250,0.49501,0.00490,0.99510,0.00000
132.00250,0.49500,0.00747,0.99252,0.00001
132.10249,0.49501,0.00557,0.99442,0.00000
132.20250,0.49500,0.00560,0.99440,0.00000
132.30251,0.49500,0.00605,0.99395,0.00000
132.40250,0.49501,0.00967,0.99033,0.00000
132.50250,0.49500,0.01913,0.98086,0.00001
132.60249,0.49501,0.02026,0.97974,0.00000
132.70250,0.49500,0.01412,0.98588,0.00000
132.80251,0.49500,0.00866,0.99134,0.00000
132.90250,0.49501,0.00697,0.99303,0.00000
133.00250,0.49500,0.00641,0.99359,0.00001
133.10249,0.49501,0.00587,0.99413,0.00000
133.20250,0.49500,0.00316,0.99684,0.00000
133.30251,0.49500,0.00375,0.99624,0.00000
133.40250,0.49501,0.00367,0.99633,0.00000
133.50250,0.49500,0.00472,0.99527,0.00001
133.60249,0.49501,0.01050,0.98950,0.00000
133.70250,0.49500,0.01029,0.98971,0.00001
133.80251,0.49500,0.00413,0.99587,0.00000
133.90250,0.49501,0.00378,0.99621,0.00001
134.00250,0.49500,0.00252,0.99747,0.00000
134.10249,0.49501,0.00367,0.99633,0.00000
134.20250,0.49500,0.00523,0.99476,0.00000
134.30251,0.49500,0.00874,0.99125,0.00000
134.40250,0.49501,0.00731,0.99268,0.00001
134.50250,0.49500,0.00939,0.99061,0.00000
134.60249,0.49501,0.00870,0.99129,0.00001
134.70250,0.49500,0.00457,0.99542,0.00001
134.80251,0.49500,0.00372,0.99627,0.00001
134.90250,0.49501,0.00486,0.99514,0.00000
135.00250,0.49500,0.00444,0.99556,0.00000
135.10249,0.49501,0.00657,0.99343,0.00000
135.20250,0.49500,0.00834,0.99166,0.00000
135.30251,0.49500,0.00606,0.99394,0.00001
135.40250,0.49501,0.00469,0.99531,0.00001
135.50250,0.49500,0.00417,0.99582,0.00000
135.60249,0.49501,0.00381,0.99619,0.00000
135.70250,0.49500,0.00323,0.99677,0.00000
135.80251,0.49500,0.00955,0.99044,0.00001
135.90250,0.49501,0.01025,0.98975,0.00000
136.00250,0.49500,0.00825,0.99175,0.00000
136.10249,0.49501,0.01461,0.98538,0.00001
136.20250,0.49500,0.00873,0.99127,0.00000
136.30251,0.49500,0.00658,0.99342,0.00000
136.40250,0.49501,0.01174,0.98826,0.00000
136.50250,0.49500,0.00567,0.99433,0.00000
136.60249,0.49501,0.00659,0.99341,0.00000
136.70250,0.49500,0.02078,0.97921,0.00000
136.80251,0.49500,0.02154,0.97846,0.00001
136.90250,0.49501,0.01475,0.98525,0.00001
137.00250,0.49500,0.01012,0.98987,0.00001
137.10249,0.49501,0.00791,0.99209,0.00000
137.20250,0.49500,0.01911,0.98089,0.00000
137.30251,0.49500,0.01424,0.98576,0.00000
137.40250,0.49501,0.01171,0.98828,0.00000
137.50250,0.49500,0.01467,0.98532,0.00001
137.60249,0.49501,0.00516,0.99484,0.00000
137.70250,0.49500,0.00403,0.99597,0.00000
137.80251,0.49500,0.00900,0.99100,0.00000
137.90250,0.49501,0.00586,0.99413,0.00001
138.00250,0.49500,0.00714,0.99286,0.00000
138.10249,0.49501,0.00558,0.99442,0.00001
138.20250,0.49500,0.00351,0.99648,0.00000
138.30251,0.49500,0.00577,0.99423,0.00000
138.40250,0.49501,0.00891,0.99109,0.00000
138.50250,0.49500,0.03455,0.96545,0.00000
138.60249,0.49501,0.03218,0.96782,0.00000
138.70250,0.49500,0.02789,0.97210,0.00000
138.80251,0.49500,0.02121,0.97878,0.00000
138.90250,0.49501,0.01142,0.98857,0.00000
139.00250,0.49500,0.01169,0.98830,0.00000
139.10249,0.49501,0.00499,0.99500,0.00000
139.20250,0.49500,0.02306,0.97693,0.00001
139.30251,0.49500,0.04029,0.95970,0.00000
139.40250,0.49501,0.06893,0.93105,0.00002
139.50250,0.49500,0.02526,0.97473,0.00000
139.60249,0.49501,0.00869,0.99130,0.00001
139.70250,0.49500,0.01533,0.98466,0.00001
139.80251,0.49500,0.01367,0.98632,0.00001
139.90250,0.49501,0.01186,0.98813,0.00001
140.00250,0.49500,0.02882,0.97118,0.00000
140.10249,0.49501,0.01400,0.98599,0.00001
140.20250,0.49500,0.03746,0.96253,0.00001
140.30251,0.49500,0.02849,0.97147,0.00003
140.40250,0.49501,0.01482,0.98517,0.00001
140.50250,0.49500,0.03876,0.96123,0.00001
140.60249,0.49501,0.02717,0.97283,0.00000
140.70250,0.49500,0.05216,0.94783,0.00001
140.80251,0.49500,0.23275,0.76724,0.00000
140.90250,0.49501,0.34232,0.65768,0.00000
141.00250,0.49500,0.69636,0.30364,0.00000
141.10249,0.49501,0.54897,0.45103,0.00000
141.20250,0.49500,0.74088,0.25912,0.00000
141.30251,0.49500,0.64107,0.35893,0.00000
141.40250,0.49501,0.99071,0.00928,0.00000
141.50250,0.49500,0.99763,0.00216,0.00021
141.60249,0.49501,0.99996,0.00003,0.00001
141.70250,0.49500,0.99826,0.00000,0.00174
141.80251,0.49500,1.00000,0.00000,0.00000
141.90250,0.49501,0.99900,0.00000,0.00100
142.00250,0.49500,1.00000,0.00000,0.00000
142.10249,0.49501,0.99936,0.00004,0.00060
142.20250,0.49500,1.00000,0.00000,0.00000
142.30251,0.49500,1.00000,0.00000,0.00000
142.40250,0.49501,0.99999,0.00000,0.00001
142.50250,0.49500,1.00000,0.00000,0.00000
142.60249,0.49501,0.99999,0.00000,0.00001
142.70250,0.49500,1.00000,0.00000,0.00000
142.80251,0.49500,0.99952,0.00001,0.00047
142.90250,0.49501,0.99985,0.00015,0.00000
143.00250,0.49500,0.99998,0.00001,0.00000
143.10249,0.49501,1.00000,0.00000,0.00000
143.20250,0.49500,1.00000,0.00000,0.00000
143.30251,0.49500,1.00000,0.00000,0.00000
143.40250,0.49501,1.00000,0.00000,0.00000
143.50250,0.49500,1.00000,0.00000,0.00000
143.60249,0.49501,1.00000,0.00000,0.00000
143.70250,0.49500,1.00000,0.00000,0.00000
143.80251,0.49500,1.00000,0.00000,0.00000
143.90250,0.49501,0.99998,0.00002,0.00000
144.00250,0.49500,1.00000,0.00000,0.00000
144.10249,0.49501,1.00000,0.00000,0.00000
144.20250,0.49500,1.00000,0.00000,0.00000
144.30251,0.49500,1.00000,0.00000,0.00000
144.40250,0.49501,1.00000,0.00000,0.00000
144.50250,0.49500,1.00000,0.00000,0.00000
144.60249,0.49501,1.00000,0.00000,0.00000
144.70250,0.49500,0.99997,0.00003,0.00001
144.80251,0.49500,1.00000,0.00000,0.00000
144.90250,0.49501,0.99919,0.00080,0.00001
145.00250,0.49500,0.90257,0.08097,0.01647
145.10249,0.49501,0.77434,0.20429,0.02137
145.20250,0.49500,0.94150,0.02893,0.02957
145.30251,0.49500,0.75098,0.12742,0.12161
145.40250,0.49501,0.24748,0.68872,0.06380
145.50250,0.49500,0.36207,0.58744,0.05049
145.60249,0.49501,0.04328,0.93847,0.01824
145.70250,0.49500,0.19159,0.73963,0.06878
145.80251,0.49500,0.08367,0.89999,0.01634
145.90250,0.49501,0.30827,0.59093,0.10080
146.00250,0.49500,0.44923,0.42038,0.13039
146.10249,0.49501,0.15047,0.49093,0.35860
146.20250,0.49500,0.53376,0.35913,0.10711
146.30251,0.49500,0.33407,0.44901,0.21692
146.40250,0.49501,0.32896,0.17322,0.49781
146.50250,0.49500,0.53349,0.40151,0.06500
146.60249,0.49501,0.35733,0.56713,0.07554
146.70250,0.49500,0.30296,0.55399,0.14306
146.80251,0.49500,0.40142,0.50201,0.09657
146.90250,0.49501,0.29714,0.65652,0.04634
147.00250,0.49500,0.19206,0.74594,0.06200
147.10249,0.49501,0.40381,0.45166,0.14453
147.20250,0.49500,0.18361,0.50394,0.31245
147.30251,0.49500,0.09607,0.77621,0.12773
147.40250,0.49501,0.04879,0.87188,0.07933
147.50250,0.49500,0.02635,0.88477,0.08888
147.60249,0.49501,0.03399,0.79536,0.17065
147.70250,0.49500,0.02416,0.89380,0.08204
147.80251,0.49500,0.01515,0.88174,0.10310
147.90250,0.49501,0.02511,0.37896,0.59593
148.00250,0.49500,0.05461,0.79261,0.15278
148.10249,0.49501,0.06937,0.52298,0.40765
148.20250,0.49500,0.05714,0.16302,0.77984
148.30251,0.49500,0.04518,0.22045,0.73437
148.40250,0.49501,0.02572,0.10446,0.86982
148.50250,0.49500,0.03692,0.57337,0.38971
148.60249,0.49501,0.02202,0.53883,0.43915
148.70250,0.49500,0.03759,0.67961,0.28280
148.80251,0.49500,0.03358,0.42178,0.54464
148.90250,0.49501,0.05342,0.86538,0.08120
149.00250,0.49500,0.03848,0.39631,0.56521
149.10249,0.49501,0.13002,0.49484,0.37514
149.20250,0.49500,0.12706,0.63761,0.23533
149.30251,0.49500,0.06854,0.80098,0.13048
149.40250,0.49501,0.03384,0.31720,0.64896
149.50250,0.49500,0.06044,0.55543,0.38413
149.60249,0.49501,0.06174,0.54624,0.39203
149.70250,0.49500,0.02924,0.86521,0.10556
149.80251,0.49500,0.03734,0.60702,0.35564
149.90250,0.49501,0.03018,0.79630,0.17353
150.00250,0.49500,0.02420,0.86771,0.10809
150.10249,0.49501,0.05965,0.86028,0.08007
150.20250,0.49500,0.01729,0.88128,0.10142
150.30251,0.49500,0.03683,0.89363,0.06954
150.40250,0.49501,0.06335,0.65247,0.28419
150.50250,0.49500,0.08013,0.60878,0.31109
150.60249,0.49501,0.02089,0.56306,0.41604
150.70250,0.49500,0.03688,0.37693,0.58618
150.80251,0.49500,0.01836,0.58453,0.39711
150.90250,0.49501,0.03166,0.68650,0.28184
151.00250,0.49500,0.03001,0.53734,0.43265
151.10249,0.49501,0.03744,0.55443,0.40813
151.20250,0.49500,0.05919,0.38231,0.55849
151.30251,0.49500,0.02761,0.57462,0.39777
151.40250,0.49501,0.04302,0.65531,0.30167
151.50250,0.49500,0.19711,0.59274,0.21015
151.60249,0.49501,0.04874,0.84588,0.10538
151.70250,0.49500,0.09366,0.62940,0.27695
151.80251,0.49500,0.05258,0.59842,0.34899
151.90250,0.49501,0.06197,0.63781,0.30022
152.00250,0.49500,0.08313,0.45083,0.46604
152.10249,0.49501,0.03592,0.44741,0.51667
152.20250,0.49500,0.04786,0.44386,0.50828
152.30251,0.49500,0.05016,0.39701,0.55283
152.40250,0.49501,0.01783,0.91632,0.06585
152.50250,0.49500,0.02812,0.46247,0.50941
152.60249,0.49501,0.02409,0.87449,0.10142
152.70250,0.49500,0.02303,0.55999,0.41697
152.80251,0.49500,0.04164,0.79309,0.16527
152.90250,0.49501,0.01839,0.72796,0.25365
153.00250,0.49500,0.02624,0.63408,0.33968
153.10249,0.49501,0.04272,0.55439,0.40290
153.20250,0.49500,0.05175,0.87432,0.07393
153.30251,0.49500,0.09762,0.49540,0.40698
153.40250,0.49501,0.07175,0.34049,0.58775
153.50250,0.49500,0.04523,0.71986,0.23490
153.60249,0.49501,0.01778,0.89357,0.08865
153.70250,0.49500,0.02962,0.64311,0.32726
153.80251,0.49500,0.05861,0.45380,0.48759
153.90250,0.49501,0.03372,0.19789,0.76839
154.00250,0.49500,0.05035,0.66716,0.28249
154.10249,0.49501,0.02139,0.78499,0.19362
154.20250,0.49500,0.03858,0.75341,0.20800
154.30251,0.49500,0.06934,0.40485,0.52581
154.40250,0.49501,0.07993,0.81486,0.10521
154.50250,0.49500,0.10463,0.76275,0.13262
154.60249,0.49501,0.04774,0.55726,0.39500
154.70250,0.49500,0.02078,0.70542,0.27381
154.80251,0.49500,0.00822,0.85295,0.13883
154.90250,0.49501,0.01279,0.74533,0.24188
155.00250,0.49500,0.01193,0.79283,0.19525
155.10249,0.49501,0.02290,0.40858,0.56852
155.20250,0.49500,0.03982,0.68768,0.27250
155.30251,0.49500,0.01940,0.54006,0.44054
155.40250,0.49501,0.06552,0.65010,0.28438
155.50250,0.49500,0.03847,0.75118,0.21035
155.60249,0.49501,0.02791,0.65985,0.31224
155.70250,0.49500,0.01941,0.76179,0.21881
155.80251,0.49500,0.01383,0.94212,0.04404
155.90250,0.49501,0.11274,0.72430,0.16296
156.00250,0.49500,0.41463,0.50582,0.07955
156.10249,0.49501,0.53148,0.31242,0.15610
156.20250,0.49500,0.16996,0.78812,0.04192
156.30251,0.49500,0.22831,0.41908,0.35261
156.40250,0.49501,0.18807,0.40120,0.41074
156.50250,0.49500,0.42663,0.06472,0.50865
156.60249,0.49501,0.83701,0.03080,0.13220
156.70250,0.49500,0.94891,0.00562,0.04547
156.80251,0.49500,0.95541,0.01158,0.03301
156.90250,0.49501,0.89509,0.01392,0.09099
157.00250,0.49500,0.87798,0.09922,0.02280
157.10249,0.49501,0.97882,0.01930,0.00187
157.20250,0.49500,0.98314,0.00253,0.01433
157.30251,0.49500,0.99957,0.00034,0.00009
157.40250,0.49501,0.99792,0.00208,0.00001
157.50250,0.49500,0.99999,0.00000,0.00000
157.60249,0.49501,0.99999,0.00001,0.00000
157.70250,0.49500,0.99947,0.00053,0.00000
157.80251,0.49500,0.99964,0.00035,0.00000
157.90250,0.49501,0.99998,0.00002,0.00000
158.00250,0.49500,1.00000,0.00000,0.00000
158.10249,0.49501,1.00000,0.00000,0.00000
158.20250,0.49500,1.00000,0.00000,0.00000
158.30251,0.49500,1.00000,0.00000,0.00000
158.40250,0.49501,1.00000,0.00000,0.00000
158.50250,0.49500,1.00000,0.00000,0.00000
158.60249,0.49501,1.00000,0.00000,0.00000
158.70250,0.49500,1.00000,0.00000,0.00000
158.80251,0.49500,1.00000,0.00000,0.00000
158.90250,0.49501,1.00000,0.00000,0.00000
159.00250,0.49500,1.00000,0.00000,0.00000
159.10249,0.49501,1.00000,0.00000,0.00000
159.20250,0.49500,1.00000,0.00000,0.00000
159.30251,0.49500,0.99998,0.00002,0.00000
159.40250,0.49501,1.00000,0.00000,0.00000
159.50250,0.49500,1.00000,0.00000,0.00000
159.60249,0.49501,0.99998,0.00002,0.00000
159.70250,0.49500,1.00000,0.00000,0.00000
159.80251,0.49500,1.00000,0.00000,0.00000
159.90250,0.49501,0.99998,0.00002,0.00000
160.00250,0.49500,1.00000,0.00000,0.00000
160.10249,0.49501,1.00000,0.00000,0.00000
160.20250,0.49500,1.00000,0.00000,0.00000
160.30251,0.49500,1.00000,0.00000,0.00000
160.40250,0.49501,1.00000,0.00000,0.00000
160.50250,0.49500,0.99775,0.00225,0.00000
160.60249,0.49501,0.83173,0.16826,0.00001
160.70250,0.49500,0.76263,0.23068,0.00669
160.80251,0.49500,0.40618,0.30757,0.28626
160.90250,0.49501,0.26222,0.10713,0.63065
161.00250,0.49500,0.10593,0.43636,0.45771
161.10249,0.49501,0.04584,0.94766,0.00651
161.20250,0.49500,0.04821,0.92879,0.02301
161.30251,0.49500,0.11896,0.81963,0.06142
161.40250,0.49501,0.99798,0.00202,0.00000
161.50250,0.49500,0.99907,0.00071,0.00022
161.60249,0.49501,1.00000,0.00000,0.00000
161.70250,0.49500,1.00000,0.00000,0.00000
161.80251,0.49500,1.00000,0.00000,0.00000
161.90250,0.49501,0.99995,0.00001,0.00004
162.00250,0.49500,0.99904,0.00050,0.00046
162.10249,0.49501,0.84116,0.03700,0.12184
162.20250,0.49500,0.60163,0.29589,0.10248
162.30251,0.49500,0.79115,0.19678,0.01206
162.40250,0.49501,0.68940,0.31060,0.00000
162.50250,0.49500,0.91162,0.08838,0.00000
162.60249,0.49501,0.95172,0.04828,0.00000
162.70250,0.49500,0.99468,0.00531,0.00000
162.80251,0.49500,0.99971,0.00029,0.00000
162.90250,0.49501,1.00000,0.00000,0.00000
163.00250,0.49500,0.99991,0.00009,0.00000
163.10249,0.49501,0.99993,0.00007,0.00000
163.20250,0.49500,0.99974,0.00026,0.00000
163.30251,0.49500,0.99513,0.00433,0.00054
163.40250,0.49501,0.61203,0.37677,0.01120
163.50250,0.49500,0.32781,0.51241,0.15978
163.60249,0.49501,0.28227,0.69104,0.02669
163.70250,0.49500,0.28461,0.56549,0.14990
163.80251,0.49500,0.32481,0.26239,0.41280
163.90250,0.49501,0.42034,0.45714,0.12252
164.00250,0.49500,0.29525,0.43257,0.27218
164.10249,0.49501,0.29076,0.39483,0.31441
164.20250,0.49500,0.33172,0.41226,0.25602
164.30251,0.49500,0.25037,0.43655,0.31308
164.40250,0.49501,0.16199,0.78531,0.05270
164.50250,0.49500,0.15195,0.72343,0.12462
164.60249,0.49501,0.08140,0.84392,0.07468
164.70250,0.49500,0.16770,0.67251,0.15978
164.80251,0.49500,0.15258,0.61739,0.23003
164.90250,0.49501,0.18456,0.60261,0.21282
165.00250,0.49500,0.08928,0.67727,0.23345
165.10249,0.49501,0.11346,0.71041,0.17613
165.20250,0.49500,0.08771,0.60766,0.30463
165.30251,0.49500,0.06851,0.79605,0.13544
165.40250,0.49501,0.04815,0.79883,0.15303
165.50250,0.49500,0.05034,0.79536,0.15430
165.60249,0.49501,0.01785,0.89050,0.09165
165.70250,0.49500,0.02808,0.88327,0.08865
165.80251,0.49500,0.04329,0.73831,0.21840
165.90250,0.49501,0.04043,0.85235,0.10722
166.00250,0.49500,0.04450,0.80866,0.14684
166.10249,0.49501,0.03813,0.55663,0.40524
166.20250,0.49500,0.03626,0.79921,0.16453
166.30251,0.49500,0.04984,0.77808,0.17208
166.40250,0.49501,0.02666,0.76261,0.21073
166.50250,0.49500,0.04307,0.78427,0.17266
166.60249,0.49501,0.01182,0.66529,0.32289
166.70250,0.49500,0.00817,0.72318,0.26866
166.80251,0.49500,0.00938,0.74070,0.24991
166.90250,0.49501,0.00945,0.85492,0.13563
167.00250,0.49500,0.00523,0.87602,0.11875
167.10249,0.49501,0.00445,0.79004,0.20551
167.20250,0.49500,0.00365,0.62943,0.36692
167.30251,0.49500,0.01286,0.74573,0.24141
167.40250,0.49501,0.01693,0.44266,0.54041
167.50250,0.49500,0.01399,0.54532,0.44069
167.60249,0.49501,0.01370,0.44671,0.53959
167.70250,0.49500,0.00481,0.68207,0.31311
167.80251,0.49500,0.00784,0.78192,0.21024
167.90250,0.49501,0.00814,0.84523,0.14663
168.00250,0.49500,0.00797,0.85092,0.14111
168.10249,0.49501,0.00395,0.87787,0.11818
168.20250,0.49500,0.00602,0.87033,0.12366
168.30251,0.49500,0.01234,0.82036,0.16730
168.40250,0.49501,0.03811,0.77018,0.19172
168.50250,0.49500,0.06362,0.64605,0.29034
168.60249,0.49501,0.02860,0.75611,0.21529
168.70250,0.49500,0.02724,0.42959,0.54318
168.80251,0.49500,0.01666,0.78774,0.19560
168.90250,0.49501,0.00758,0.65209,0.34033
169.00250,0.49500,0.01408,0.77551,0.21041
169.10249,0.49501,0.01162,0.82023,0.16815
169.20250,0.49500,0.00646,0.63806,0.35549
169.30251,0.49500,0.01015,0.60947,0.38039
169.40250,0.49501,0.00726,0.59911,0.39363
169.50250,0.49500,0.01312,0.72065,0.26623
169.60249,0.49501,0.00945,0.55116,0.43939
169.70250,0.49500,0.00705,0.73987,0.25308
169.80251,0.49500,0.01158,0.72343,0.26499
169.90250,0.49501,0.01488,0.67171,0.31341
170.00250,0.49500,0.06506,0.69770,0.23725
170.10249,0.49501,0.03651,0.70071,0.26278
170.20250,0.49500,0.03201,0.87363,0.09436
170.30251,0.49500,0.01658,0.68532,0.29809
170.40250,0.49501,0.00575,0.85695,0.13730
170.50250,0.49500,0.01099,0.89117,0.09783
170.60249,0.49501,0.01557,0.89188,0.09255
170.70250,0.49500,0.01265,0.90565,0.08170
170.80251,0.49500,0.01205,0.88490,0.10306
170.90250,0.49501,0.01514,0.72509,0.25977
171.00250,0.49500,0.00802,0.91484,0.07714
171.10249,0.49501,0.01129,0.81726,0.17145
171.20250,0.49500,0.01348,0.91409,0.07243
171.30251,0.49500,0.01367,0.87974,0.10659
171.40250,0.49501,0.00858,0.88536,0.10607
171.50250,0.49500,0.01774,0.78556,0.19670
171.60249,0.49501,0.00650,0.83219,0.16131
171.70250,0.49500,0.01200,0.70526,0.28273
171.80251,0.49500,0.01862,0.78242,0.19896
171.90250,0.49501,0.02939,0.67465,0.29596
172.00250,0.49500,0.02106,0.81759,0.16135
172.10249,0.49501,0.03761,0.81757,0.14482
172.20250,0.49500,0.02452,0.68124,0.29424
172.30251,0.49500,0.01926,0.65645,0.32429
172.40250,0.49501,0.00407,0.83945,0.15648
172.50250,0.49500,0.00472,0.81097,0.18431
172.60249,0.49501,0.00462,0.86419,0.13118
172.70250,0.49500,0.00720,0.84333,0.14947
172.80251,0.49500,0.02252,0.70571,0.27177
172.90250,0.49501,0.03200,0.65207,0.31592
173.00250,0.49500,0.03192,0.63987,0.32821
173.10249,0.49501,0.02390,0.60960,0.36650
173.20250,0.49500,0.00693,0.72061,0.27246
173.30251,0.49500,0.00963,0.58707,0.40330
173.40250,0.49501,0.01483,0.85696,0.12820
173.50250,0.49500,0.01310,0.85494,0.13196
173.60249,0.49501,0.03362,0.77541,0.19097
173.70250,0.49500,0.03973,0.77242,0.18785
173.80251,0.49500,0.01801,0.80300,0.17899
173.90250,0.49501,0.04433,0.73359,0.22209
174.00250,0.49500,0.02318,0.78995,0.18687
174.10249,0.49501,0.01169,0.93742,0.05089
174.20250,0.49500,0.03235,0.72705,0.24060
174.30251,0.49500,0.02326,0.85077,0.12597
174.40250,0.49501,0.02506,0.85049,0.12445
174.50250,0.49500,0.01181,0.86317,0.12502
174.60249,0.49501,0.01721,0.90445,0.07834
174.70250,0.49500,0.00858,0.83986,0.15156
174.80251,0.49500,0.01078,0.81404,0.17518
174.90250,0.49501,0.00823,0.79907,0.19270
175.00250,0.49500,0.01459,0.75755,0.22786
175.10249,0.49501,0.01162,0.76560,0.22279
175.20250,0.49500,0.01341,0.82296,0.16362
