Time (seconds), Duration (seconds),pred_(unlabeled),pred_empty_box,pred_table
0.00250,0.49500,0.03436,0.81091,0.15473
0.10250,0.49500,0.03493,0.93493,0.03014
0.20250,0.49500,0.02672,0.94745,0.02583
0.30250,0.49500,0.02441,0.96727,0.00832
0.40250,0.49500,0.04800,0.94158,0.01042
0.50250,0.49500,0.05283,0.93171,0.01546
0.60250,0.49500,0.04437,0.94084,0.01479
0.70250,0.49500,0.20707,0.77486,0.01807
0.80250,0.49500,0.09755,0.88929,0.01316
0.90250,0.49500,0.06911,0.91425,0.01664
1.00250,0.49500,0.04835,0.93988,0.01177
1.10250,0.49500,0.03241,0.95798,0.00962
1.20250,0.49500,0.03522,0.95845,0.00633
1.30250,0.49500,0.01781,0.97596,0.00623
1.40250,0.49500,0.04704,0.94012,0.01283
1.50250,0.49500,0.05158,0.93788,0.01055
1.60250,0.49500,0.04306,0.94877,0.00817
1.70250,0.49500,0.03457,0.96322,0.00221
1.80250,0.49500,0.00962,0.98828,0.00210
1.90250,0.49500,0.01263,0.98009,0.00728
2.00250,0.49500,0.01546,0.97620,0.00834
2.10250,0.49500,0.04661,0.94634,0.00705
2.20250,0.49500,0.03463,0.95206,0.01330
2.30250,0.49500,0.06708,0.92988,0.00304
2.40250,0.49500,0.03156,0.95757,0.01087
2.50250,0.49500,0.04762,0.94936,0.00302
2.60250,0.49500,0.01590,0.97725,0.00685
2.70250,0.49500,0.02238,0.97360,0.00402
2.80250,0.49500,0.02972,0.95963,0.01065
2.90250,0.49500,0.01966,0.97752,0.00282
3.00250,0.49500,0.06427,0.92150,0.01423
3.10250,0.49500,0.01810,0.97348,0.00842
3.20250,0.49500,0.04843,0.94313,0.00844
3.30250,0.49500,0.03549,0.94936,0.01514
3.40250,0.49500,0.02485,0.96504,0.01011
3.50250,0.49500,0.06529,0.91682,0.01789
3.60250,0.49500,0.05192,0.94090,0.00718
3.70250,0.49500,0.03517,0.95524,0.00959
3.80250,0.49500,0.02429,0.96631,0.00940
3.90250,0.49500,0.02490,0.96848,0.00663
4.00250,0.49500,0.01089,0.98554,0.00357
4.10250,0.49500,0.02546,0.97166,0.00287
4.20250,0.49500,0.01865,0.97234,0.00901
4.30250,0.49500,0.06506,0.92815,0.00679
4.40250,0.49500,0.05133,0.93620,0.01247
4.50250,0.49500,0.03597,0.95267,0.01136
4.60250,0.49500,0.02851,0.94812,0.02337
4.70250,0.49500,0.07745,0.78883,0.13372
4.80250,0.49500,0.11726,0.78341,0.09933
4.90250,0.49500,0.47039,0.20789,0.32172
5.00250,0.49500,0.24610,0.25198,0.50192
5.10250,0.49500,0.13413,0.34881,0.51707
5.20250,0.49500,0.11292,0.67882,0.20826
5.30250,0.49500,0.03314,0.84117,0.12569
5.40250,0.49500,0.02647,0.92654,0.04699
5.50250,0.49500,0.02359,0.92916,0.04725
5.60250,0.49500,0.02294,0.91897,0.05808
5.70250,0.49500,0.01290,0.97794,0.00916
5.80250,0.49500,0.01832,0.96629,0.01539
5.90250,0.49500,0.05948,0.89764,0.04288
6.00250,0.49500,0.03277,0.95138,0.01584
6.10250,0.49500,0.04950,0.91638,0.03412
6.20250,0.49500,0.07313,0.91267,0.01420
6.30250,0.49500,0.06089,0.84491,0.09419
6.40250,0.49500,0.13588,0.85228,0.01183
6.50250,0.49500,0.08089,0.88665,0.03246
6.60250,0.49500,0.16834,0.80229,0.02938
6.70250,0.49500,0.03133,0.94179,0.02688
6.80250,0.49500,0.05020,0.90199,0.04781
6.90250,0.49500,0.03163,0.88322,0.08515
7.00250,0.49500,0.09987,0.84761,0.05252
7.10250,0.49500,0.03746,0.89727,0.06526
7.20250,0.49500,0.04764,0.84325,0.10911
7.30250,0.49500,0.03071,0.48637,0.48292
7.40250,0.49500,0.02994,0.78904,0.18102
7.50250,0.49500,0.06084,0.76994,0.16922
7.60250,0.49500,0.07996,0.76542,0.15461
7.70250,0.49500,0.13710,0.78466,0.07825
7.80250,0.49500,0.11609,0.75177,0.13214
7.90250,0.49500,0.34465,0.54616,0.10920
8.00250,0.49500,0.24982,0.71129,0.03889
8.10250,0.49500,0.32897,0.43961,0.23142
8.20250,0.49500,0.55424,0.34737,0.09838
8.30250,0.49500,0.30821,0.63607,0.05572
8.40250,0.49500,0.41358,0.25778,0.32864
8.50250,0.49500,0.17630,0.66497,0.15872
8.60250,0.49500,0.11784,0.83553,0.04663
8.70250,0.49500,0.19394,0.50983,0.29622
8.80250,0.49500,0.03608,0.67793,0.28599
8.90250,0.49500,0.09295,0.84307,0.06398
9.00250,0.49500,0.05924,0.86288,0.07788
9.10250,0.49500,0.14738,0.72909,0.12352
9.20250,0.49500,0.04606,0.84696,0.10698
9.30250,0.49500,0.03407,0.93857,0.02737
9.40250,0.49500,0.05594,0.91732,0.02674
9.50250,0.49500,0.03968,0.92453,0.03579
9.60250,0.49500,0.01512,0.95976,0.02512
9.70250,0.49500,0.02527,0.93649,0.03824
9.80250,0.49500,0.05349,0.91251,0.03400
9.90250,0.49500,0.08172,0.87677,0.04151
10.00250,0.49500,0.03904,0.91512,0.04584
10.10250,0.49500,0.04189,0.83004,0.12807
10.20250,0.49500,0.00859,0.97266,0.01874
10.30250,0.49500,0.03202,0.92237,0.04561
10.40250,0.49500,0.03381,0.92265,0.04353
10.50250,0.49500,0.02963,0.96202,0.00835
10.60250,0.49500,0.01226,0.96832,0.01942
10.70250,0.49500,0.02035,0.95512,0.02453
10.80250,0.49500,0.02439,0.94425,0.03136
10.90250,0.49500,0.01923,0.96417,0.01660
11.00250,0.49500,0.02817,0.94362,0.02821
11.10250,0.49500,0.01082,0.95947,0.02970
11.20250,0.49500,0.00743,0.95818,0.03439
11.30250,0.49500,0.01999,0.96657,0.01343
11.40250,0.49500,0.03188,0.92119,0.04693
11.50250,0.49500,0.04950,0.90867,0.04182
11.60250,0.49500,0.03435,0.89869,0.06695
11.70250,0.49500,0.12876,0.83118,0.04006
11.80250,0.49500,0.11096,0.85033,0.03871
11.90250,0.49500,0.08862,0.89794,0.01344
12.00250,0.49500,0.09077,0.90006,0.00918
12.10250,0.49500,0.02949,0.94973,0.02079
12.20250,0.49500,0.01775,0.96317,0.01908
12.30250,0.49500,0.01251,0.97564,0.01185
12.40250,0.49500,0.04466,0.93667,0.01866
12.50250,0.49500,0.03821,0.94221,0.01958
12.60250,0.49500,0.04324,0.93488,0.02188
12.70250,0.49500,0.02246,0.96341,0.01413
12.80250,0.49500,0.00935,0.97765,0.01299
12.90250,0.49500,0.03623,0.93490,0.02886
13.00250,0.49500,0.02809,0.95069,0.02122
13.10250,0.49500,0.02872,0.94772,0.02356
13.20250,0.49500,0.03509,0.93941,0.02550
13.30250,0.49500,0.02845,0.96530,0.00626
13.40250,0.49500,0.04740,0.94332,0.00928
13.50250,0.49500,0.04348,0.94145,0.01507
13.60250,0.49500,0.07204,0.90283,0.02513
13.70250,0.49500,0.02031,0.96851,0.01118
13.80250,0.49500,0.04081,0.94466,0.01452
13.90250,0.49500,0.01649,0.96096,0.02255
14.00250,0.49500,0.05428,0.93055,0.01517
14.10250,0.49500,0.05610,0.92217,0.02173
14.20250,0.49500,0.03695,0.93346,0.02959
14.30250,0.49500,0.05293,0.93219,0.01488
14.40250,0.49500,0.01467,0.97213,0.01319
14.50250,0.49500,0.02250,0.97204,0.00546
14.60250,0.49500,0.05544,0.91594,0.02862
14.70250,0.49500,0.18047,0.79751,0.02202
14.80250,0.49500,0.03810,0.94983,0.01207
14.90250,0.49500,0.06616,0.91547,0.01836
15.00250,0.49500,0.14212,0.83814,0.01973
15.10250,0.49500,0.12364,0.84886,0.02750
15.20250,0.49500,0.07644,0.90267,0.02090
15.30250,0.49500,0.05380,0.92351,0.02269
15.40250,0.49500,0.01398,0.97049,0.01552
15.50250,0.49500,0.00787,0.97860,0.01353
15.60250,0.49500,0.01054,0.98192,0.00754
15.70250,0.49500,0.01175,0.97985,0.00841
15.80250,0.49500,0.01825,0.97216,0.00959
15.90250,0.49500,0.01876,0.96149,0.01975
16.00250,0.49500,0.01703,0.97241,0.01057
16.10250,0.49500,0.01070,0.96408,0.02521
16.20250,0.49500,0.01683,0.91369,0.06948
16.30250,0.49500,0.03483,0.90824,0.05693
16.40250,0.49500,0.04388,0.87452,0.08160
16.50250,0.49500,0.12424,0.77800,0.09776
16.60250,0.49500,0.06863,0.25440,0.67698
16.70250,0.49500,0.06385,0.79575,0.14039
16.80250,0.49500,0.06009,0.87726,0.06265
16.90250,0.49500,0.05348,0.91677,0.02975
17.00250,0.49500,0.01635,0.92407,0.05958
17.10250,0.49500,0.01616,0.94455,0.03929
17.20250,0.49500,0.01644,0.96564,0.01792
17.30250,0.49500,0.06762,0.88944,0.04294
17.40250,0.49500,0.03540,0.94294,0.02166
17.50250,0.49500,0.15709,0.74554,0.09737
17.60250,0.49500,0.08159,0.28877,0.62964
17.70250,0.49500,0.05439,0.88272,0.06289
17.80250,0.49500,0.31782,0.64996,0.03222
17.90250,0.49500,0.35642,0.30116,0.34242
18.00250,0.49500,0.47443,0.37288,0.15269
18.10250,0.49500,0.40890,0.43554,0.15556
18.20250,0.49500,0.73806,0.06107,0.20087
18.30250,0.49500,0.53531,0.12317,0.34152
18.40250,0.49500,0.44782,0.28439,0.26779
18.50250,0.49500,0.43749,0.33519,0.22732
18.60250,0.49500,0.21038,0.19392,0.59570
18.70250,0.49500,0.31305,0.63060,0.05635
18.80250,0.49500,0.64830,0.30573,0.04596
18.90250,0.49500,0.39299,0.41315,0.19386
19.00250,0.49500,0.73432,0.20589,0.05979
19.10250,0.49500,0.81124,0.15484,0.03392
19.20250,0.49500,0.38672,0.31140,0.30188
19.30250,0.49500,0.61023,0.28305,0.10671
19.40250,0.49500,0.31480,0.61495,0.07025
19.50250,0.49500,0.00665,0.98474,0.00861
19.60250,0.49500,0.01510,0.97917,0.00573
19.70250,0.49500,0.06099,0.92308,0.01593
19.80250,0.49500,0.20451,0.77282,0.02266
19.90250,0.49500,0.63779,0.29971,0.06250
20.00250,0.49500,0.40453,0.56212,0.03335
20.10250,0.49500,0.64617,0.23746,0.11637
20.20250,0.49500,0.12147,0.78086,0.09767
20.30250,0.49500,0.07131,0.86686,0.06183
20.40250,0.49500,0.08442,0.62257,0.29301
20.50250,0.49500,0.05459,0.91057,0.03484
20.60250,0.49500,0.03776,0.90260,0.05964
20.70250,0.49500,0.05196,0.89112,0.05693
20.80250,0.49500,0.01718,0.72649,0.25633
20.90250,0.49500,0.03946,0.68780,0.27274
21.00250,0.49500,0.02067,0.76487,0.21447
21.10250,0.49500,0.01546,0.93620,0.04835
21.20250,0.49500,0.04337,0.92468,0.03195
21.30250,0.49500,0.03114,0.88423,0.08463
21.40250,0.49500,0.02446,0.86711,0.10843
21.50250,0.49500,0.07508,0.86485,0.06007
21.60250,0.49500,0.08257,0.75772,0.15971
21.70250,0.49500,0.06367,0.80221,0.13411
21.80250,0.49500,0.05519,0.87391,0.07090
21.90250,0.49500,0.13097,0.79842,0.07061
22.00250,0.49500,0.09709,0.82972,0.07320
22.10250,0.49500,0.11166,0.76355,0.12479
22.20250,0.49500,0.03727,0.93739,0.02533
22.30250,0.49500,0.01930,0.96433,0.01637
22.40250,0.49500,0.02670,0.94573,0.02758
22.50250,0.49500,0.10417,0.84535,0.05047
22.60250,0.49500,0.12963,0.84627,0.02410
22.70250,0.49500,0.18271,0.74701,0.07028
22.80250,0.49500,0.12400,0.78922,0.08678
22.90250,0.49500,0.03159,0.88990,0.07851
23.00250,0.49500,0.03736,0.89463,0.06800
23.10250,0.49500,0.01330,0.92720,0.05950
23.20250,0.49500,0.01090,0.95060,0.03851
23.30250,0.49500,0.01777,0.96412,0.01811
23.40250,0.49500,0.00936,0.98199,0.00865
23.50250,0.49500,0.01225,0.97728,0.01047
23.60250,0.49500,0.01042,0.96922,0.02036
23.70250,0.49500,0.01285,0.97533,0.01182
23.80250,0.49500,0.02333,0.96163,0.01504
23.90250,0.49500,0.02044,0.95441,0.02515
24.00250,0.49500,0.01377,0.96895,0.01728
24.10250,0.49500,0.02749,0.96107,0.01144
24.20250,0.49500,0.02084,0.94273,0.03643
24.30250,0.49500,0.01497,0.96033,0.02470
24.40250,0.49500,0.01483,0.95672,0.02845
24.50250,0.49500,0.00794,0.95771,0.03436
24.60250,0.49500,0.01531,0.97291,0.01177
24.70250,0.49500,0.01692,0.97232,0.01075
24.80250,0.49500,0.02852,0.92580,0.04568
24.90250,0.49500,0.03765,0.92726,0.03509
25.00250,0.49500,0.01276,0.96640,0.02084
25.10250,0.49500,0.03889,0.95229,0.00882
25.20250,0.49500,0.01298,0.97738,0.00964
25.30250,0.49500,0.03299,0.94263,0.02438
25.40250,0.49500,0.04059,0.95378,0.00562
25.50250,0.49500,0.02177,0.96296,0.01527
25.60250,0.49500,0.01695,0.97812,0.00492
25.70250,0.49500,0.01135,0.97821,0.01044
25.80250,0.49500,0.01743,0.97470,0.00787
25.90250,0.49500,0.02189,0.96001,0.01810
26.00250,0.49500,0.04328,0.93464,0.02208
26.10250,0.49500,0.06565,0.89444,0.03991
26.20250,0.49500,0.07422,0.89807,0.02772
26.30250,0.49500,0.11925,0.86272,0.01803
26.40250,0.49500,0.16547,0.75452,0.08001
26.50250,0.49500,0.09844,0.83922,0.06234
26.60250,0.49500,0.07484,0.87244,0.05272
26.70250,0.49500,0.05515,0.92562,0.01923
26.80250,0.49500,0.06878,0.69513,0.23608
26.90250,0.49500,0.02874,0.95227,0.01899
27.00250,0.49500,0.02781,0.95166,0.02053
27.10250,0.49500,0.05166,0.86855,0.07978
27.20250,0.49500,0.20534,0.56741,0.22725
27.30250,0.49500,0.07212,0.57473,0.35315
27.40250,0.49500,0.05024,0.68491,0.26485
27.50250,0.49500,0.07717,0.66006,0.26277
27.60250,0.49500,0.02979,0.47786,0.49235
27.70250,0.49500,0.02906,0.49981,0.47113
27.80250,0.49500,0.03257,0.78125,0.18618
27.90250,0.49500,0.05002,0.59781,0.35217
28.00250,0.49500,0.07509,0.72641,0.19851
28.10250,0.49500,0.03717,0.43929,0.52354
28.20250,0.49500,0.08609,0.79033,0.12358
28.30250,0.49500,0.02267,0.79609,0.18123
28.40250,0.49500,0.10291,0.83830,0.05879
28.50250,0.49500,0.03377,0.94012,0.02611
28.60250,0.49500,0.02205,0.95869,0.01926
28.70250,0.49500,0.02852,0.92968,0.04180
28.80250,0.49500,0.01920,0.96584,0.01495
28.90250,0.49500,0.02064,0.97330,0.00605
29.00250,0.49500,0.02157,0.96000,0.01843
29.10250,0.49500,0.03094,0.93739,0.03168
29.20250,0.49500,0.01785,0.96964,0.01252
29.30250,0.49500,0.01909,0.97547,0.00544
29.40250,0.49500,0.01561,0.96780,0.01659
29.50250,0.49500,0.00992,0.98767,0.00241
29.60250,0.49500,0.01041,0.98867,0.00092
29.70250,0.49500,0.01117,0.98719,0.00164
29.80250,0.49500,0.02014,0.97895,0.00091
29.90250,0.49500,0.02029,0.97441,0.00530
30.00250,0.49500,0.01643,0.97545,0.00812
30.10250,0.49500,0.07760,0.87272,0.04968
30.20250,0.49500,0.01914,0.92776,0.05309
30.30250,0.49500,0.04479,0.79732,0.15790
30.40250,0.49500,0.02807,0.90992,0.06201
30.50250,0.49500,0.03698,0.94494,0.01808
30.60250,0.49500,0.03268,0.88873,0.07858
30.70250,0.49500,0.03051,0.95359,0.01590
30.80250,0.49500,0.02278,0.95252,0.02470
30.90250,0.49500,0.01716,0.95514,0.02770
31.00250,0.49500,0.02009,0.93294,0.04697
31.10250,0.49500,0.00922,0.96828,0.02250
31.20250,0.49500,0.01930,0.96234,0.01836
31.30250,0.49500,0.02469,0.95088,0.02443
31.40250,0.49500,0.02006,0.96294,0.01701
31.50250,0.49500,0.02841,0.93108,0.04051
31.60250,0.49500,0.02001,0.93566,0.04434
31.70250,0.49500,0.02062,0.96517,0.01421
31.80250,0.49500,0.01533,0.96600,0.01867
31.90250,0.49500,0.04045,0.84418,0.11537
32.00250,0.49500,0.03450,0.90644,0.05907
32.10250,0.49500,0.05821,0.80507,0.13671
32.20250,0.49500,0.10874,0.70500,0.18626
32.30250,0.49500,0.04202,0.60486,0.35312
32.40250,0.49500,0.02514,0.58068,0.39417
32.50250,0.49500,0.04358,0.87288,0.08354
32.60250,0.49500,0.05378,0.59551,0.35070
32.70250,0.49500,0.04240,0.53132,0.42629
32.80250,0.49500,0.04980,0.29607,0.65413
32.90250,0.49500,0.02879,0.18701,0.78420
33.00250,0.49500,0.05623,0.24216,0.70161
33.10250,0.49500,0.02524,0.04850,0.92626
33.20250,0.49500,0.03628,0.11397,0.84975
33.30250,0.49500,0.01876,0.09271,0.88854
33.40250,0.49500,0.04369,0.28196,0.67435
33.50250,0.49500,0.04572,0.42556,0.52872
33.60250,0.49500,0.02875,0.56707,0.40418
33.70250,0.49500,0.05457,0.69345,0.25197
33.80250,0.49500,0.02987,0.48435,0.48577
33.90250,0.49500,0.04800,0.58532,0.36669
34.00250,0.49500,0.12947,0.26198,0.60854
34.10250,0.49500,0.10032,0.36909,0.53059
34.20250,0.49500,0.16681,0.28809,0.54510
34.30250,0.49500,0.12288,0.55022,0.32690
34.40250,0.49500,0.03517,0.24033,0.72450
34.50250,0.49500,0.08141,0.51276,0.40583
34.60250,0.49500,0.02079,0.82515,0.15405
34.70250,0.49500,0.01988,0.57960,0.40052
34.80250,0.49500,0.02009,0.87944,0.10047
34.90250,0.49500,0.01422,0.70326,0.28252
35.00250,0.49500,0.17864,0.45320,0.36816
35.10250,0.49500,0.06168,0.30715,0.63117
35.20250,0.49500,0.10676,0.62375,0.26949
35.30250,0.49500,0.02945,0.30848,0.66207
35.40250,0.49500,0.03176,0.57282,0.39542
35.50250,0.49500,0.04290,0.55700,0.40009
35.60250,0.49500,0.02232,0.53489,0.44279
35.70250,0.49500,0.08444,0.48238,0.43318
35.80250,0.49500,0.01882,0.57638,0.40480
35.90250,0.49500,0.04001,0.67458,0.28541
36.00250,0.49500,0.06103,0.46495,0.47402
36.10250,0.49500,0.05259,0.61667,0.33074
36.20250,0.49500,0.03565,0.21036,0.75398
36.30250,0.49500,0.18576,0.43416,0.38008
36.40250,0.49500,0.11532,0.30083,0.58384
36.50250,0.49500,0.03729,0.14145,0.82126
36.60250,0.49500,0.04263,0.07754,0.87983
36.70250,0.49500,0.02279,0.27925,0.69796
36.80250,0.49500,0.05442,0.18516,0.76042
36.90250,0.49500,0.11894,0.10817,0.77289
37.00250,0.49500,0.03624,0.13460,0.82916
37.10250,0.49500,0.05272,0.07258,0.87470
37.20250,0.49500,0.02599,0.54537,0.42864
37.30250,0.49500,0.00842,0.73462,0.25697
37.40250,0.49500,0.01083,0.78243,0.20674
37.50250,0.49500,0.01006,0.50779,0.48215
37.60250,0.49500,0.02264,0.72903,0.24832
37.70250,0.49500,0.02692,0.75968,0.21340
37.80250,0.49500,0.07712,0.53292,0.38996
37.90250,0.49500,0.05148,0.20519,0.74332
38.00250,0.49500,0.08854,0.37469,0.53677
38.10250,0.49500,0.04094,0.43170,0.52736
38.20250,0.49500,0.07343,0.23604,0.69053
38.30250,0.49500,0.05834,0.44481,0.49685
38.40250,0.49500,0.31019,0.36731,0.32250
38.50250,0.49500,0.18650,0.25206,0.56144
38.60250,0.49500,0.17833,0.57112,0.25055
38.70250,0.49500,0.13778,0.37616,0.48607
38.80250,0.49500,0.09362,0.88670,0.01968
38.90250,0.49500,0.08955,0.88030,0.03015
39.00250,0.49500,0.28645,0.61732,0.09622
39.10250,0.49500,0.12737,0.81557,0.05706
39.20250,0.49500,0.14009,0.68616,0.17375
39.30250,0.49500,0.18772,0.62125,0.19103
39.40250,0.49500,0.12909,0.15599,0.71493
39.50250,0.49500,0.08653,0.22976,0.68371
39.60250,0.49500,0.11637,0.25203,0.63160
39.70250,0.49500,0.08841,0.48673,0.42486
39.80250,0.49500,0.03506,0.04988,0.91506
39.90250,0.49500,0.01860,0.07325,0.90816
40.00250,0.49500,0.03832,0.42029,0.54139
40.10250,0.49500,0.04854,0.18941,0.76206
40.20250,0.49500,0.12842,0.57364,0.29794
40.30250,0.49500,0.06068,0.31621,0.62312
40.40250,0.49500,0.07020,0.43561,0.49419
40.50250,0.49500,0.03239,0.78213,0.18548
40.60250,0.49500,0.04448,0.71664,0.23888
40.70250,0.49500,0.02032,0.64802,0.33166
40.80250,0.49500,0.01593,0.49229,0.49177
40.90250,0.49500,0.01078,0.69988,0.28934
41.00250,0.49500,0.02370,0.72217,0.25414
41.10250,0.49500,0.03235,0.55870,0.40895
41.20250,0.49500,0.01794,0.61774,0.36432
41.30250,0.49500,0.07670,0.55673,0.36658
41.40250,0.49500,0.12455,0.71887,0.15657
41.50250,0.49500,0.15843,0.39774,0.44383
41.60250,0.49500,0.21636,0.33676,0.44688
41.70250,0.49500,0.06405,0.49247,0.44348
41.80250,0.49500,0.03568,0.63630,0.32803
41.90250,0.49500,0.08479,0.46704,0.44817
42.00250,0.49500,0.06369,0.55426,0.38206
42.10250,0.49500,0.04448,0.40319,0.55233
42.20250,0.49500,0.06022,0.55379,0.38599
42.30250,0.49500,0.03979,0.49530,0.46491
42.40250,0.49500,0.06886,0.43585,0.49529
42.50250,0.49500,0.14378,0.65090,0.20532
42.60250,0.49500,0.05609,0.23988,0.70403
42.70250,0.49500,0.29840,0.46517,0.23643
42.80250,0.49500,0.08075,0.33608,0.58318
42.90250,0.49500,0.15716,0.40735,0.43550
43.00250,0.49500,0.07578,0.14529,0.77893
43.10250,0.49500,0.04500,0.22026,0.73473
43.20250,0.49500,0.03609,0.44396,0.51995
43.30250,0.49500,0.05475,0.27070,0.67455
43.40250,0.49500,0.03743,0.14297,0.81960
43.50250,0.49500,0.12932,0.36419,0.50649
43.60250,0.49500,0.05187,0.13831,0.80981
43.70250,0.49500,0.11497,0.27759,0.60744
43.80250,0.49500,0.05389,0.20249,0.74362
43.90250,0.49500,0.06017,0.30676,0.63307
44.00250,0.49500,0.03345,0.34029,0.62626
44.10250,0.49500,0.03613,0.47303,0.49084
44.20250,0.49500,0.01256,0.38950,0.59794
44.30250,0.49500,0.04189,0.38049,0.57763
44.40250,0.49500,0.02750,0.42734,0.54516
44.50250,0.49500,0.03496,0.26796,0.69708
44.60250,0.49500,0.03453,0.23990,0.72557
44.70250,0.49500,0.01806,0.19736,0.78458
44.80250,0.49500,0.02108,0.26276,0.71616
44.90250,0.49500,0.02585,0.44545,0.52870
45.00250,0.49500,0.03066,0.65413,0.31521
45.10250,0.49500,0.03973,0.66347,0.29680
45.20250,0.49500,0.04857,0.60992,0.34151
45.30250,0.49500,0.01696,0.89237,0.09068
45.40250,0.49500,0.02123,0.84226,0.13651
45.50250,0.49500,0.02220,0.64416,0.33364
45.60250,0.49500,0.01189,0.72704,0.26107
45.70250,0.49500,0.02545,0.78986,0.18469
45.80250,0.49500,0.02974,0.77591,0.19435
45.90250,0.49500,0.01774,0.73953,0.24274
46.00250,0.49500,0.02405,0.68895,0.28700
46.10250,0.49500,0.01455,0.84831,0.13714
46.20250,0.49500,0.01505,0.82055,0.16440
46.30250,0.49500,0.01974,0.87245,0.10781
46.40250,0.49500,0.03210,0.88807,0.07983
46.50250,0.49500,0.03932,0.74713,0.21355
46.60250,0.49500,0.14825,0.75019,0.10156
46.70250,0.49500,0.10721,0.82496,0.06783
46.80250,0.49500,0.07505,0.80939,0.11556
46.90250,0.49500,0.05235,0.73542,0.21224
47.00250,0.49500,0.03734,0.84515,0.11750
47.10250,0.49500,0.08096,0.78625,0.13279
47.20250,0.49500,0.05968,0.84788,0.09244
47.30250,0.49500,0.18103,0.63765,0.18132
47.40250,0.49500,0.14867,0.67958,0.17175
47.50250,0.49500,0.04802,0.82768,0.12430
47.60250,0.49500,0.02372,0.83038,0.14590
47.70250,0.49500,0.03886,0.74163,0.21952
47.80250,0.49500,0.04831,0.56244,0.38925
47.90250,0.49500,0.03960,0.56161,0.39879
48.00250,0.49500,0.05443,0.62841,0.31715
48.10250,0.49500,0.01623,0.67315,0.31062
48.20250,0.49500,0.04409,0.82659,0.12932
48.30250,0.49500,0.02728,0.65371,0.31901
48.40250,0.49500,0.01442,0.71706,0.26852
48.50250,0.49500,0.01021,0.79447,0.19532
48.60250,0.49500,0.01239,0.80996,0.17765
48.70250,0.49500,0.02292,0.65981,0.31727
48.80250,0.49500,0.02854,0.57732,0.39414
48.90250,0.49500,0.02626,0.60109,0.37265
49.00250,0.49500,0.11592,0.37482,0.50926
49.10250,0.49500,0.07366,0.16590,0.76045
49.20250,0.49500,0.10173,0.21489,0.68338
49.30250,0.49500,0.09334,0.37087,0.53579
49.40250,0.49500,0.03569,0.19896,0.76535
49.50250,0.49500,0.08952,0.41554,0.49493
49.60250,0.49500,0.05008,0.23060,0.71932
49.70250,0.49500,0.14203,0.14070,0.71727
49.80250,0.49500,0.07453,0.35480,0.57067
49.90250,0.49500,0.16236,0.27314,0.56449
50.00250,0.49500,0.04092,0.15522,0.80386
50.10250,0.49500,0.04850,0.59595,0.35555
50.20250,0.49500,0.01841,0.61149,0.37010
50.30250,0.49500,0.04443,0.29954,0.65603
50.40250,0.49500,0.04107,0.60461,0.35432
50.50250,0.49500,0.02053,0.49863,0.48084
50.60250,0.49500,0.06611,0.33839,0.59549
50.70250,0.49500,0.09643,0.67912,0.22445
50.80250,0.49500,0.09689,0.53796,0.36514
50.90250,0.49500,0.35453,0.41094,0.23453
51.00250,0.49500,0.33015,0.52970,0.14014
51.10250,0.49500,0.29145,0.54161,0.16694
51.20250,0.49500,0.07834,0.58996,0.33170
51.30250,0.49500,0.11424,0.67803,0.20773
51.40250,0.49500,0.02926,0.74673,0.22401
51.50250,0.49500,0.04592,0.59947,0.35461
51.60250,0.49500,0.17735,0.75583,0.06682
51.70250,0.49500,0.12209,0.45019,0.42772
51.80250,0.49500,0.11764,0.70793,0.17444
51.90250,0.49500,0.05002,0.66617,0.28381
52.00250,0.49500,0.06042,0.91536,0.02422
52.10250,0.49500,0.19059,0.71840,0.09101
52.20250,0.49500,0.38154,0.58041,0.03805
52.30250,0.49500,0.37429,0.52977,0.09593
52.40250,0.49500,0.35093,0.55130,0.09777
52.50250,0.49500,0.23842,0.67640,0.08518
52.60250,0.49500,0.08498,0.65003,0.26499
52.70250,0.49500,0.05303,0.73146,0.21551
52.80250,0.49500,0.00859,0.96592,0.02549
52.90250,0.49500,0.01331,0.87782,0.10887
53.00250,0.49500,0.05955,0.86921,0.07124
53.10250,0.49500,0.08017,0.76841,0.15142
53.20250,0.49500,0.04353,0.87384,0.08263
53.30250,0.49500,0.04506,0.72329,0.23165
53.40250,0.49500,0.00972,0.92320,0.06707
53.50250,0.49500,0.01069,0.82649,0.16281
53.60250,0.49500,0.01064,0.90958,0.07977
53.70250,0.49500,0.03691,0.75808,0.20501
53.80250,0.49500,0.05818,0.64467,0.29715
53.90250,0.49500,0.05377,0.59158,0.35465
54.00250,0.49500,0.07566,0.84258,0.08177
54.10250,0.49500,0.03453,0.95497,0.01050
54.20250,0.49500,0.13906,0.80536,0.05558
54.30250,0.49500,0.03214,0.96303,0.00483
54.40250,0.49500,0.05247,0.94590,0.00163
54.50250,0.49500,0.08121,0.91225,0.00654
54.60250,0.49500,0.02420,0.97346,0.00234
54.70250,0.49500,0.04335,0.95198,0.00467
54.80250,0.49500,0.00853,0.98727,0.00420
54.90250,0.49500,0.01900,0.95662,0.02438
55.00250,0.49500,0.00965,0.96632,0.02403
55.10250,0.49500,0.02485,0.93197,0.04318
55.20250,0.49500,0.00899,0.88607,0.10494
55.30250,0.49500,0.01601,0.72927,0.25472
55.40250,0.49500,0.00865,0.88341,0.10793
55.50250,0.49500,0.02264,0.93056,0.04680
55.60250,0.49500,0.02505,0.92872,0.04623
55.70250,0.49500,0.03079,0.85972,0.10948
55.80250,0.49500,0.04668,0.76471,0.18861
55.90250,0.49500,0.04684,0.76762,0.18554
56.00250,0.49500,0.27229,0.59781,0.12990
56.10250,0.49500,0.15343,0.74947,0.09710
56.20250,0.49500,0.25330,0.26818,0.47853
56.30250,0.49500,0.23494,0.47532,0.28974
56.40250,0.49500,0.04022,0.87360,0.08617
56.50250,0.49500,0.12722,0.83139,0.04139
56.60250,0.49500,0.12195,0.76039,0.11766
56.70250,0.49500,0.16233,0.73040,0.10727
56.80250,0.49500,0.08666,0.84096,0.07238
56.90250,0.49500,0.05319,0.91937,0.02744
57.00250,0.49500,0.06568,0.81643,0.11789
57.10250,0.49500,0.02555,0.85027,0.12417
57.20250,0.49500,0.04092,0.94672,0.01236
57.30250,0.49500,0.08685,0.83880,0.07435
57.40250,0.49500,0.06813,0.89614,0.03573
57.50250,0.49500,0.05905,0.92516,0.01579
57.60250,0.49500,0.17610,0.80725,0.01666
57.70250,0.49500,0.09600,0.74433,0.15967
57.80250,0.49500,0.13790,0.83026,0.03184
57.90250,0.49500,0.03744,0.95041,0.01215
58.00250,0.49500,0.02199,0.92513,0.05288
58.10250,0.49500,0.02734,0.91378,0.05889
58.20250,0.49500,0.01896,0.92121,0.05982
58.30250,0.49500,0.01682,0.93256,0.05061
58.40250,0.49500,0.04064,0.79652,0.16284
58.50250,0.49500,0.02579,0.66218,0.31203
58.60250,0.49500,0.15208,0.52462,0.32330
58.70250,0.49500,0.10908,0.55938,0.33154
58.80250,0.49500,0.20161,0.62851,0.16988
58.90250,0.49500,0.06321,0.77144,0.16534
59.00250,0.49500,0.02726,0.93953,0.03321
59.10250,0.49500,0.04986,0.94223,0.00791
59.20250,0.49500,0.03466,0.86226,0.10308
59.30250,0.49500,0.07204,0.87854,0.04942
59.40250,0.49500,0.03696,0.93913,0.02392
59.50250,0.49500,0.04218,0.92262,0.03519
59.60250,0.49500,0.01208,0.95716,0.03076
59.70250,0.49500,0.02114,0.94564,0.03321
59.80250,0.49500,0.00865,0.96142,0.02994
59.90250,0.49500,0.01128,0.95518,0.03354
60.00250,0.49500,0.00291,0.98658,0.01051
60.10250,0.49500,0.00573,0.95874,0.03553
60.20250,0.49500,0.00945,0.94656,0.04399
60.30250,0.49500,0.00815,0.95584,0.03601
60.40250,0.49500,0.01034,0.91893,0.07073
60.50250,0.49500,0.00984,0.87621,0.11395
60.60250,0.49500,0.01048,0.92908,0.06044
60.70250,0.49500,0.01918,0.91490,0.06593
60.80250,0.49500,0.01357,0.96983,0.01660
60.90250,0.49500,0.01963,0.93437,0.04600
61.00250,0.49500,0.02295,0.97280,0.00425
61.10250,0.49500,0.02597,0.96884,0.00519
61.20250,0.49500,0.02488,0.97035,0.00477
61.30250,0.49500,0.01229,0.97361,0.01410
61.40250,0.49500,0.01056,0.98245,0.00699
61.50250,0.49500,0.01023,0.98165,0.00812
61.60250,0.49500,0.00984,0.97639,0.01377
61.70250,0.49500,0.01202,0.96966,0.01831
61.80250,0.49500,0.00400,0.98883,0.00718
61.90250,0.49500,0.01217,0.98375,0.00407
62.00250,0.49500,0.01422,0.98127,0.00451
62.10250,0.49500,0.01286,0.97901,0.00813
62.20250,0.49500,0.02798,0.95150,0.02052
62.30250,0.49500,0.02295,0.97082,0.00622
62.40250,0.49500,0.05441,0.89992,0.04567
62.50250,0.49500,0.07265,0.91724,0.01011
62.60250,0.49500,0.02212,0.95872,0.01916
62.70250,0.49500,0.04360,0.95453,0.00188
62.80250,0.49500,0.04233,0.95170,0.00598
62.90250,0.49500,0.01219,0.98585,0.00196
63.00250,0.49500,0.01117,0.98735,0.00148
63.10250,0.49500,0.01165,0.98586,0.00249
63.20250,0.49500,0.00993,0.98788,0.00219
63.30250,0.49500,0.00612,0.98960,0.00428
63.40250,0.49500,0.01531,0.98081,0.00389
63.50250,0.49500,0.02764,0.96758,0.00478
63.60250,0.49500,0.05066,0.94619,0.00315
63.70250,0.49500,0.23506,0.75229,0.01265
63.80250,0.49500,0.16336,0.81411,0.02253
63.90250,0.49500,0.11771,0.87240,0.00989
64.00250,0.49500,0.05798,0.92305,0.01897
64.10250,0.49500,0.02599,0.95650,0.01751
64.20250,0.49500,0.03363,0.94238,0.02399
64.30250,0.49500,0.03228,0.92818,0.03954
64.40250,0.49500,0.01548,0.94716,0.03736
64.50250,0.49500,0.00711,0.94027,0.05262
64.60250,0.49500,0.00674,0.96361,0.02965
64.70250,0.49500,0.01004,0.93224,0.05773
64.80250,0.49500,0.00821,0.94831,0.04348
64.90250,0.49500,0.03006,0.90954,0.06040
65.00250,0.49500,0.00998,0.92274,0.06728
65.10250,0.49500,0.02047,0.93883,0.04070
65.20250,0.49500,0.01815,0.90383,0.07801
65.30250,0.49500,0.01469,0.97062,0.01469
65.40250,0.49500,0.02752,0.90073,0.07175
65.50250,0.49500,0.00960,0.94743,0.04297
65.60250,0.49500,0.03570,0.92852,0.03578
65.70250,0.49500,0.01935,0.97318,0.00747
65.80250,0.49500,0.02811,0.96255,0.00934
65.90250,0.49500,0.07623,0.91645,0.00732
66.00250,0.49500,0.02315,0.95603,0.02082
66.10250,0.49500,0.04476,0.94230,0.01294
66.20250,0.49500,0.06840,0.89643,0.03517
66.30250,0.49500,0.04847,0.92516,0.02637
66.40250,0.49500,0.01940,0.95613,0.02447
66.50250,0.49500,0.01955,0.90897,0.07148
66.60250,0.49500,0.01980,0.91661,0.06359
66.70250,0.49500,0.02109,0.87057,0.10834
66.80250,0.49500,0.02396,0.86486,0.11118
66.90250,0.49500,0.03650,0.78066,0.18284
67.00250,0.49500,0.07261,0.91112,0.01628
67.10250,0.49500,0.06813,0.86509,0.06678
67.20250,0.49500,0.14695,0.84501,0.00805
67.30250,0.49500,0.07427,0.89848,0.02725
67.40250,0.49500,0.04628,0.94409,0.00963
67.50250,0.49500,0.02812,0.96405,0.00783
67.60250,0.49500,0.01351,0.98256,0.00393
67.70250,0.49500,0.03737,0.94853,0.01410
67.80250,0.49500,0.03033,0.96116,0.00850
67.90250,0.49500,0.02523,0.97208,0.00268
68.00250,0.49500,0.01846,0.97565,0.00589
68.10250,0.49500,0.01190,0.98665,0.00145
68.20250,0.49500,0.03068,0.96698,0.00234
68.30250,0.49500,0.01019,0.98926,0.00055
68.40250,0.49500,0.01730,0.98239,0.00031
68.50250,0.49500,0.02910,0.96798,0.00292
68.60250,0.49500,0.02110,0.97577,0.00313
68.70250,0.49500,0.01677,0.98054,0.00269
68.80250,0.49500,0.04962,0.94532,0.00506
68.90250,0.49500,0.02563,0.96639,0.00798
69.00250,0.49500,0.03591,0.95691,0.00719
69.10250,0.49500,0.01707,0.97933,0.00360
69.20250,0.49500,0.02449,0.97215,0.00336
69.30250,0.49500,0.01926,0.97604,0.00470
69.40250,0.49500,0.01877,0.98001,0.00122
69.50250,0.49500,0.08747,0.89230,0.02024
69.60250,0.49500,0.10962,0.88790,0.00248
69.70250,0.49500,0.08850,0.88914,0.02236
69.80250,0.49500,0.07505,0.91144,0.01351
69.90250,0.49500,0.04228,0.93264,0.02508
70.00250,0.49500,0.02076,0.95428,0.02496
70.10250,0.49500,0.02402,0.97072,0.00526
70.20250,0.49500,0.01072,0.97445,0.01483
70.30250,0.49500,0.02975,0.96420,0.00605
70.40250,0.49500,0.04076,0.95027,0.00897
70.50250,0.49500,0.00983,0.98557,0.00460
70.60250,0.49500,0.01509,0.98220,0.00271
70.70250,0.49500,0.00946,0.97201,0.01853
70.80250,0.49500,0.01008,0.98719,0.00273
70.90250,0.49500,0.03430,0.95705,0.00866
71.00250,0.49500,0.10157,0.89378,0.00465
71.10250,0.49500,0.16272,0.80219,0.03509
71.20250,0.49500,0.11053,0.88375,0.00572
71.30250,0.49500,0.08495,0.90419,0.01086
71.40250,0.49500,0.01550,0.97321,0.01129
71.50250,0.49500,0.01713,0.97916,0.00370
71.60250,0.49500,0.01312,0.98271,0.00417
71.70250,0.49500,0.00938,0.98072,0.00990
71.80250,0.49500,0.00848,0.98244,0.00908
71.90250,0.49500,0.02009,0.97411,0.00580
72.00250,0.49500,0.06373,0.92702,0.00925
72.10250,0.49500,0.04756,0.93743,0.01501
72.20250,0.49500,0.03956,0.95233,0.00811
72.30250,0.49500,0.06148,0.92768,0.01085
72.40250,0.49500,0.07492,0.91914,0.00594
72.50250,0.49500,0.03963,0.95384,0.00653
72.60250,0.49500,0.02249,0.97307,0.00444
72.70250,0.49500,0.01071,0.98506,0.00423
72.80250,0.49500,0.02843,0.96787,0.00371
72.90250,0.49500,0.01118,0.98176,0.00706
73.00250,0.49500,0.02502,0.97121,0.00377
73.10250,0.49500,0.06326,0.92525,0.01148
73.20250,0.49500,0.05400,0.93426,0.01174
73.30250,0.49500,0.03937,0.94856,0.01206
73.40250,0.49500,0.01724,0.96354,0.01922
73.50250,0.49500,0.01745,0.97547,0.00708
73.60250,0.49500,0.04581,0.94542,0.00877
73.70250,0.49500,0.04668,0.93262,0.02071
73.80250,0.49500,0.03554,0.95809,0.00636
73.90250,0.49500,0.05724,0.93397,0.00879
74.00250,0.49500,0.03533,0.95823,0.00644
74.10250,0.49500,0.01423,0.97507,0.01070
74.20250,0.49500,0.03782,0.95632,0.00585
74.30250,0.49500,0.02618,0.97061,0.00321
74.40250,0.49500,0.08437,0.91078,0.00484
74.50250,0.49500,0.06848,0.92639,0.00512
74.60250,0.49500,0.03813,0.95828,0.00360
74.70250,0.49500,0.01595,0.97899,0.00506
74.80250,0.49500,0.02608,0.96544,0.00848
74.90250,0.49500,0.00737,0.99023,0.00240
75.00250,0.49500,0.00670,0.98818,0.00512
75.10250,0.49500,0.01356,0.98204,0.00439
75.20250,0.49500,0.01249,0.97787,0.00964
75.30250,0.49500,0.01335,0.97231,0.01434
75.40250,0.49500,0.01306,0.97877,0.00816
75.50250,0.49500,0.01575,0.96785,0.01640
75.60250,0.49500,0.02234,0.96628,0.01138
75.70250,0.49500,0.03263,0.96173,0.00564
75.80250,0.49500,0.01008,0.98232,0.00760
75.90250,0.49500,0.00797,0.98870,0.00332
76.00250,0.49500,0.01243,0.98451,0.00306
76.10250,0.49500,0.03603,0.96089,0.00308
76.20250,0.49500,0.04067,0.95622,0.00311
76.30250,0.49500,0.04386,0.94787,0.00827
76.40250,0.49500,0.04196,0.93778,0.02025
76.50250,0.49500,0.01052,0.96219,0.02729
76.60250,0.49500,0.01438,0.93318,0.05244
76.70250,0.49500,0.03005,0.89690,0.07306
76.80250,0.49500,0.02572,0.87613,0.09815
76.90250,0.49500,0.02334,0.82789,0.14876
77.00250,0.49500,0.03283,0.88935,0.07782
77.10250,0.49500,0.01790,0.93531,0.04678
77.20250,0.49500,0.01922,0.94459,0.03619
77.30250,0.49500,0.01436,0.95603,0.02961
77.40250,0.49500,0.01194,0.97107,0.01699
77.50250,0.49500,0.01561,0.96306,0.02133
77.60250,0.49500,0.03857,0.94360,0.01783
77.70250,0.49500,0.04497,0.93540,0.01963
77.80250,0.49500,0.03808,0.94083,0.02109
77.90250,0.49500,0.01895,0.92820,0.05285
78.00250,0.49500,0.01968,0.96901,0.01132
78.10250,0.49500,0.01412,0.96063,0.02524
78.20250,0.49500,0.02877,0.95908,0.01216
78.30250,0.49500,0.00878,0.98142,0.00980
78.40250,0.49500,0.01166,0.96977,0.01856
78.50250,0.49500,0.01551,0.97110,0.01339
78.60250,0.49500,0.01486,0.94546,0.03967
78.70250,0.49500,0.02487,0.95771,0.01742
78.80250,0.49500,0.01507,0.92280,0.06214
78.90250,0.49500,0.01538,0.96087,0.02374
79.00250,0.49500,0.01386,0.96845,0.01769
79.10250,0.49500,0.03519,0.91048,0.05433
79.20250,0.49500,0.02499,0.93268,0.04233
79.30250,0.49500,0.04531,0.87144,0.08325
79.40250,0.49500,0.02108,0.82402,0.15490
79.50250,0.49500,0.04961,0.65306,0.29733
79.60250,0.49500,0.01560,0.90487,0.07953
79.70250,0.49500,0.07047,0.80580,0.12373
79.80250,0.49500,0.09033,0.77649,0.13318
79.90250,0.49500,0.11799,0.69247,0.18954
80.00250,0.49500,0.09629,0.81528,0.08843
80.10250,0.49500,0.03807,0.91054,0.05139
80.20250,0.49500,0.04604,0.85847,0.09550
80.30250,0.49500,0.03808,0.91137,0.05055
80.40250,0.49500,0.01540,0.94746,0.03714
80.50250,0.49500,0.01799,0.84827,0.13374
80.60250,0.49500,0.09106,0.87884,0.03010
80.70250,0.49500,0.04597,0.84934,0.10470
80.80250,0.49500,0.09782,0.78023,0.12195
80.90250,0.49500,0.02722,0.92520,0.04758
81.00250,0.49500,0.02639,0.94051,0.03309
81.10250,0.49500,0.03921,0.88609,0.07470
81.20250,0.49500,0.01826,0.96997,0.01178
81.30250,0.49500,0.04677,0.93885,0.01438
81.40250,0.49500,0.03693,0.93894,0.02413
81.50250,0.49500,0.01307,0.94907,0.03786
81.60250,0.49500,0.05212,0.93281,0.01507
81.70250,0.49500,0.02148,0.94996,0.02856
81.80250,0.49500,0.02677,0.94941,0.02383
81.90250,0.49500,0.02790,0.92320,0.04890
82.00250,0.49500,0.02677,0.94601,0.02721
82.10250,0.49500,0.02183,0.95790,0.02027
82.20250,0.49500,0.03132,0.93844,0.03024
82.30250,0.49500,0.05127,0.91453,0.03420
82.40250,0.49500,0.04709,0.93244,0.02048
82.50250,0.49500,0.07021,0.90064,0.02915
82.60250,0.49500,0.03232,0.95461,0.01307
82.70250,0.49500,0.01653,0.97655,0.00692
82.80250,0.49500,0.01730,0.96661,0.01609
82.90250,0.49500,0.02601,0.96413,0.00985
83.00250,0.49500,0.02548,0.96266,0.01186
83.10250,0.49500,0.06448,0.92766,0.00786
83.20250,0.49500,0.02722,0.96396,0.00882
83.30250,0.49500,0.02623,0.96288,0.01089
83.40250,0.49500,0.02591,0.95689,0.01720
83.50250,0.49500,0.01918,0.97465,0.00617
83.60250,0.49500,0.01273,0.97942,0.00785
83.70250,0.49500,0.01241,0.97546,0.01213
83.80250,0.49500,0.00954,0.98261,0.00785
83.90250,0.49500,0.01365,0.96080,0.02555
84.00250,0.49500,0.00588,0.97395,0.02017
84.10250,0.49500,0.01596,0.97234,0.01170
84.20250,0.49500,0.02236,0.95051,0.02713
84.30250,0.49500,0.08590,0.89890,0.01520
84.40250,0.49500,0.04190,0.95177,0.00633
84.50250,0.49500,0.05825,0.93853,0.00322
84.60250,0.49500,0.02729,0.95872,0.01400
84.70250,0.49500,0.01740,0.97116,0.01145
84.80250,0.49500,0.06224,0.93289,0.00487
84.90250,0.49500,0.04580,0.93625,0.01795
85.00250,0.49500,0.16713,0.81195,0.02091
85.10250,0.49500,0.08088,0.75301,0.16611
85.20250,0.49500,0.14212,0.82839,0.02949
85.30250,0.49500,0.09964,0.86523,0.03513
85.40250,0.49500,0.04635,0.93675,0.01690
85.50250,0.49500,0.01126,0.91798,0.07076
85.60250,0.49500,0.01893,0.93787,0.04320
85.70250,0.49500,0.02790,0.96211,0.00999
85.80250,0.49500,0.03348,0.87126,0.09526
85.90250,0.49500,0.03576,0.91836,0.04588
86.00250,0.49500,0.01631,0.95024,0.03345
86.10250,0.49500,0.00937,0.97557,0.01506
86.20250,0.49500,0.01894,0.97142,0.00964
86.30250,0.49500,0.01140,0.95786,0.03074
86.40250,0.49500,0.02475,0.95048,0.02477
86.50250,0.49500,0.03115,0.90237,0.06648
86.60250,0.49500,0.08757,0.84422,0.06821
86.70250,0.49500,0.05073,0.89026,0.05901
86.80250,0.49500,0.06664,0.73957,0.19380
86.90250,0.49500,0.09470,0.75848,0.14681
87.00250,0.49500,0.04250,0.90602,0.05149
87.10250,0.49500,0.06329,0.91313,0.02358
87.20250,0.49500,0.03932,0.92288,0.03780
87.30250,0.49500,0.03470,0.93207,0.03323
87.40250,0.49500,0.02707,0.94429,0.02864
87.50250,0.49500,0.04108,0.93333,0.02560
87.60250,0.49500,0.05617,0.92704,0.01679
87.70250,0.49500,0.02881,0.95178,0.01941
87.80250,0.49500,0.05630,0.92381,0.01989
87.90250,0.49500,0.03710,0.94559,0.01731
88.00250,0.49500,0.03579,0.94337,0.02084
88.10250,0.49500,0.03850,0.93431,0.02719
88.20250,0.49500,0.03240,0.93352,0.03408
88.30250,0.49500,0.01732,0.95675,0.02592
88.40250,0.49500,0.02855,0.95890,0.01255
88.50250,0.49500,0.02748,0.96486,0.00767
88.60250,0.49500,0.03491,0.95043,0.01466
88.70250,0.49500,0.04141,0.94506,0.01353
88.80250,0.49500,0.03056,0.95355,0.01589
88.90250,0.49500,0.03045,0.93200,0.03754
89.00250,0.49500,0.06801,0.90098,0.03101
89.10250,0.49500,0.03479,0.92937,0.03584
89.20250,0.49500,0.04729,0.94717,0.00554
89.30250,0.49500,0.02416,0.96184,0.01400
89.40250,0.49500,0.03079,0.96662,0.00259
89.50250,0.49500,0.02286,0.96654,0.01060
89.60250,0.49500,0.07464,0.90640,0.01896
89.70250,0.49500,0.08155,0.90978,0.00867
89.80250,0.49500,0.05465,0.93407,0.01128
89.90250,0.49500,0.05335,0.93946,0.00719
90.00250,0.49500,0.03271,0.95541,0.01189
90.10250,0.49500,0.04655,0.94112,0.01233
90.20250,0.49500,0.01975,0.97146,0.00879
90.30250,0.49500,0.04931,0.94460,0.00609
90.40250,0.49500,0.05075,0.94174,0.00751
90.50250,0.49500,0.06806,0.92500,0.00695
90.60250,0.49500,0.05178,0.92467,0.02355
90.70250,0.49500,0.01823,0.97364,0.00813
