Time (seconds), Duration (seconds),pred_(unlabeled),pred_table,pred_empty_box
0.00250,0.99500,0.87007,0.00705,0.12289
1.00250,0.99500,0.21970,0.77999,0.00031
2.00250,0.99500,0.76855,0.00802,0.22343
3.00250,0.99500,0.21751,0.02540,0.75708
4.00250,0.99500,0.00467,0.00017,0.99516
5.00250,0.99500,0.71529,0.27010,0.01462
6.00250,0.99500,0.03872,0.96127,0.00001
7.00250,0.99500,0.02665,0.97323,0.00012
8.00250,0.99500,0.13003,0.00010,0.86987
9.00250,0.99500,0.00824,0.00000,0.99176
10.00250,0.99500,0.02814,0.79374,0.17813
11.00250,0.99500,0.02919,0.97073,0.00008
12.00250,0.99500,0.07110,0.92845,0.00045
13.00250,0.99500,0.24133,0.75828,0.00039
14.00250,0.99500,0.20428,0.78647,0.00925
15.00250,0.99500,0.01354,0.97802,0.00844
16.00250,0.99500,0.06485,0.93384,0.00131
17.00250,0.99500,0.96656,0.03009,0.00335
18.00250,0.99500,0.31577,0.67688,0.00735
19.00250,0.99500,0.69058,0.05370,0.25572
20.00250,0.99500,0.01328,0.98663,0.00008
21.00250,0.99500,0.58513,0.23029,0.18459
22.00250,0.99500,0.97168,0.01800,0.01031
23.00250,0.99500,0.32851,0.22149,0.45001
24.00250,0.99500,0.02413,0.97553,0.00034
25.00250,0.99500,0.19116,0.09735,0.71149
26.00250,0.99500,0.12773,0.77000,0.10227
27.00250,0.99500,0.05051,0.93306,0.01643
28.00250,0.99500,0.09686,0.79929,0.10385
29.00250,0.99500,0.92694,0.00387,0.06920
30.00250,0.99500,0.13041,0.86335,0.00625
31.00250,0.99500,0.16095,0.80948,0.02958
32.00250,0.99500,0.00242,0.00059,0.99700
33.00250,0.99500,0.05048,0.01371,0.93581
34.00250,0.99500,0.16865,0.41780,0.41355
35.00250,0.99500,0.01032,0.98943,0.00025
36.00250,0.99500,0.01804,0.98192,0.00004
37.00250,0.99500,0.00509,0.99436,0.00055
38.00250,0.99500,0.18213,0.81785,0.00002
39.00250,0.99500,0.14175,0.85817,0.00008
40.00250,0.99500,0.01574,0.98374,0.00052
41.00250,0.99500,0.00729,0.99270,0.00000
42.00250,0.99500,0.03832,0.96168,0.00000
43.00250,0.99500,0.03335,0.96665,0.00000
44.00250,0.99500,0.07508,0.92481,0.00011
45.00250,0.99500,0.07557,0.92433,0.00010
46.00250,0.99500,0.00137,0.99862,0.00001
47.00250,0.99500,0.00496,0.99503,0.00001
48.00250,0.99500,0.02419,0.97581,0.00000
49.00250,0.99500,0.04268,0.95730,0.00002
50.00250,0.99500,0.00670,0.99321,0.00009
51.00250,0.99500,0.27027,0.61328,0.11646
52.00250,0.99500,0.16813,0.01875,0.81312
53.00250,0.99500,0.82790,0.14893,0.02317
54.00250,0.99500,0.00773,0.98691,0.00536
55.00250,0.99500,0.12106,0.87733,0.00161
56.00250,0.99500,0.45769,0.48146,0.06084
57.00250,0.99500,0.07048,0.87184,0.05767
58.00250,0.99500,0.22847,0.70411,0.06742
59.00250,0.99500,0.19012,0.61220,0.19767
60.00250,0.99500,0.00640,0.97645,0.01714
61.00250,0.99500,0.00209,0.99667,0.00123
62.00250,0.99500,0.00563,0.99248,0.00189
63.00250,0.99500,0.02039,0.97933,0.00029
64.00250,0.99500,0.00212,0.99667,0.00122
65.00250,0.99500,0.04441,0.94565,0.00994
66.00250,0.99500,0.00822,0.98951,0.00227
67.00250,0.99500,0.01211,0.97411,0.01378
68.00250,0.99500,0.08787,0.90879,0.00334
69.00250,0.99500,0.28636,0.32759,0.38604
70.00250,0.99500,0.02809,0.80227,0.16965
71.00250,0.99500,0.25855,0.61220,0.12925
72.00250,0.99500,0.02180,0.97036,0.00784
73.00250,0.99500,0.01945,0.42409,0.55646
74.00250,0.99500,0.15605,0.69543,0.14851
75.00250,0.99500,0.06114,0.92319,0.01567
76.00250,0.99500,0.00515,0.99187,0.00298
77.00250,0.99500,0.06466,0.93469,0.00065
78.00250,0.99500,0.13318,0.73978,0.12704
79.00250,0.99500,0.05488,0.87699,0.06813
80.00250,0.99500,0.03631,0.79986,0.16382
81.00250,0.99500,0.02175,0.78519,0.19306
82.00250,0.99500,0.11263,0.81061,0.07676
83.00250,0.99500,0.04555,0.85413,0.10032
84.00250,0.99500,0.04093,0.95788,0.00119
85.00250,0.99500,0.02316,0.95677,0.02007
86.00250,0.99500,0.15810,0.79378,0.04812
87.00250,0.99500,0.04422,0.94310,0.01268
88.00250,0.99500,0.05260,0.94159,0.00582
89.00250,0.99500,0.04861,0.93906,0.01233
90.00250,0.99500,0.07491,0.92478,0.00031
91.00250,0.99500,0.01990,0.97925,0.00085
92.00250,0.99500,0.03936,0.96062,0.00002
93.00250,0.99500,0.01808,0.98178,0.00014
94.00250,0.99500,0.02427,0.97103,0.00470
95.00250,0.99500,0.02843,0.96966,0.00190
96.00250,0.99500,0.55237,0.44171,0.00592
97.00250,0.99500,0.12115,0.87817,0.00067
98.00250,0.99500,0.03496,0.93302,0.03202
99.00250,0.99500,0.00232,0.99701,0.00066
100.00250,0.99500,0.17012,0.82903,0.00085
101.00250,0.99500,0.02338,0.96271,0.01390
102.00250,0.99500,0.00824,0.99176,0.00001
103.00250,0.99500,0.18935,0.81065,0.00000
104.00250,0.99500,0.04244,0.95753,0.00003
105.00250,0.99500,0.08088,0.91873,0.00039
106.00250,0.99500,0.03610,0.95987,0.00403
107.00250,0.99500,0.18095,0.81229,0.00676
108.00250,0.99500,0.00229,0.99665,0.00106
109.00250,0.99500,0.06468,0.92719,0.00813
110.00250,0.99500,0.01302,0.98697,0.00001
111.00250,0.99500,0.01796,0.96992,0.01213
112.00250,0.99500,0.01169,0.98755,0.00076
113.00250,0.99500,0.08747,0.91251,0.00002
114.00250,0.99500,0.10523,0.89476,0.00001
115.00250,0.99500,0.00588,0.99408,0.00005
116.00250,0.99500,0.07885,0.56516,0.35599
117.00250,0.99500,0.06131,0.93697,0.00171
118.00250,0.99500,0.01297,0.95828,0.02875
119.00250,0.99500,0.01388,0.90084,0.08528
120.00250,0.99500,0.04308,0.90459,0.05233
121.00250,0.99500,0.01407,0.97332,0.01262
122.00250,0.99500,0.02351,0.96565,0.01083
123.00250,0.99500,0.31814,0.68126,0.00060
124.00250,0.99500,0.03628,0.94505,0.01868
125.00250,0.99500,0.03844,0.94862,0.01294
126.00250,0.99500,0.39988,0.60000,0.00012
127.00250,0.99500,0.03649,0.96109,0.00242
128.00250,0.99500,0.00852,0.95844,0.03304
129.00250,0.99500,0.08977,0.89105,0.01918
130.00250,0.99500,0.59937,0.33584,0.06478
131.00250,0.99500,0.00191,0.99606,0.00203
132.00250,0.99500,0.61797,0.36480,0.01723
133.00250,0.99500,0.09313,0.89922,0.00765
134.00250,0.99500,0.05087,0.94913,0.00000
135.00250,0.99500,0.93141,0.00462,0.06397
136.00250,0.99500,0.99908,0.00000,0.00092
137.00250,0.99500,1.00000,0.00000,0.00000
138.00250,0.99500,0.97921,0.00000,0.02079
139.00250,0.99500,0.99996,0.00000,0.00004
140.00250,0.99500,1.00000,0.00000,0.00000
141.00250,0.99500,1.00000,0.00000,0.00000
142.00250,0.99500,1.00000,0.00000,0.00000
143.00250,0.99500,0.99869,0.00000,0.00131
144.00250,0.99500,1.00000,0.00000,0.00000
145.00250,0.99500,0.28296,0.00000,0.71704
146.00250,0.99500,1.00000,0.00000,0.00000
147.00250,0.99500,1.00000,0.00000,0.00000
148.00250,0.99500,1.00000,0.00000,0.00000
149.00250,0.99500,1.00000,0.00000,0.00000
150.00250,0.99500,1.00000,0.00000,0.00000
151.00250,0.99500,1.00000,0.00000,0.00000
152.00250,0.99500,1.00000,0.00000,0.00000
153.00250,0.99500,1.00000,0.00000,0.00000
154.00250,0.99500,1.00000,0.00000,0.00000
155.00250,0.99500,0.99753,0.00008,0.00238
156.00250,0.99500,1.00000,0.00000,0.00000
157.00250,0.99500,1.00000,0.00000,0.00000
158.00250,0.99500,0.99997,0.00003,0.00000
159.00250,0.99500,1.00000,0.00000,0.00000
160.00250,0.99500,1.00000,0.00000,0.00000
161.00250,0.99500,1.00000,0.00000,0.00000
162.00250,0.99500,1.00000,0.00000,0.00000
163.00250,0.99500,1.00000,0.00000,0.00000
164.00250,0.99500,1.00000,0.00000,0.00000
165.00250,0.99500,1.00000,0.00000,0.00000
166.00250,0.99500,0.99967,0.00000,0.00033
167.00250,0.99500,1.00000,0.00000,0.00000
168.00250,0.99500,0.99999,0.00000,0.00001
169.00250,0.99500,0.99997,0.00000,0.00003
170.00250,0.99500,0.99991,0.00000,0.00009
171.00250,0.99500,0.99999,0.00000,0.00000
172.00250,0.99500,0.99454,0.00004,0.00543
173.00250,0.99500,0.83676,0.00000,0.16324
174.00250,0.99500,0.33115,0.00110,0.66775
175.00250,0.99500,0.99987,0.00003,0.00010
176.00250,0.99500,0.99996,0.00000,0.00004
177.00250,0.99500,0.99994,0.00000,0.00006
178.00250,0.99500,0.99999,0.00000,0.00001
179.00250,0.99500,0.99915,0.00000,0.00085
180.00250,0.99500,1.00000,0.00000,0.00000
181.00250,0.99500,0.99999,0.00000,0.00001
182.00250,0.99500,1.00000,0.00000,0.00000
183.00250,0.99500,0.99979,0.00000,0.00021
184.00250,0.99500,1.00000,0.00000,0.00000
185.00250,0.99500,1.00000,0.00000,0.00000
186.00250,0.99500,0.99999,0.00000,0.00001
187.00250,0.99500,0.99970,0.00000,0.00030
188.00250,0.99500,0.99996,0.00000,0.00003
189.00250,0.99500,1.00000,0.00000,0.00000
190.00250,0.99500,1.00000,0.00000,0.00000
191.00250,0.99500,0.99991,0.00000,0.00009
192.00250,0.99500,0.94293,0.00023,0.05684
193.00250,0.99500,0.99968,0.00000,0.00032
194.00250,0.99500,1.00000,0.00000,0.00000
195.00250,0.99500,0.99444,0.00005,0.00552
196.00250,0.99500,1.00000,0.00000,0.00000
197.00250,0.99500,0.99894,0.00000,0.00106
198.00250,0.99500,1.00000,0.00000,0.00000
199.00250,0.99500,1.00000,0.00000,0.00000
200.00250,0.99500,1.00000,0.00000,0.00000
201.00250,0.99500,1.00000,0.00000,0.00000
202.00250,0.99500,1.00000,0.00000,0.00000
203.00250,0.99500,0.99963,0.00000,0.00037
204.00250,0.99500,0.99931,0.00000,0.00068
205.00250,0.99500,0.99363,0.00000,0.00637
206.00250,0.99500,0.99997,0.00000,0.00003
207.00250,0.99500,0.99917,0.00000,0.00083
208.00250,0.99500,1.00000,0.00000,0.00000
209.00250,0.99500,0.99988,0.00000,0.00012
210.00250,0.99500,0.99862,0.00000,0.00138
211.00250,0.99500,1.00000,0.00000,0.00000
212.00250,0.99500,0.99998,0.00000,0.00002
213.00250,0.99500,0.99996,0.00000,0.00004
214.00250,0.99500,0.99967,0.00000,0.00033
215.00250,0.99500,0.99520,0.00473,0.00008
216.00250,0.99500,1.00000,0.00000,0.00000
217.00250,0.99500,1.00000,0.00000,0.00000
218.00250,0.99500,1.00000,0.00000,0.00000
219.00250,0.99500,1.00000,0.00000,0.00000
220.00250,0.99500,0.99993,0.00000,0.00007
221.00250,0.99500,0.99990,0.00000,0.00010
222.00250,0.99500,1.00000,0.00000,0.00000
223.00250,0.99500,0.99270,0.00018,0.00712
224.00250,0.99500,0.26605,0.69796,0.03599
225.00250,0.99500,0.99994,0.00000,0.00006
226.00250,0.99500,0.99990,0.00000,0.00010
227.00250,0.99500,0.19697,0.00195,0.80108
228.00250,0.99500,0.11059,0.00001,0.88939
229.00250,0.99500,0.00910,0.00000,0.99090
230.00250,0.99500,0.00169,0.00000,0.99831
231.00250,0.99500,0.05174,0.00001,0.94825
232.00250,0.99500,0.00243,0.00000,0.99757
233.00250,0.99500,0.00464,0.00000,0.99536
234.00250,0.99500,0.03283,0.00000,0.96717
235.00250,0.99500,0.03050,0.00010,0.96940
236.00250,0.99500,0.00669,0.00000,0.99331
237.00250,0.99500,0.00448,0.00000,0.99552
238.00250,0.99500,0.03611,0.00273,0.96116
239.00250,0.99500,0.01353,0.00000,0.98646
240.00250,0.99500,0.00646,0.00000,0.99354
241.00250,0.99500,0.00680,0.00003,0.99317
242.00250,0.99500,0.16798,0.00123,0.83079
243.00250,0.99500,0.00885,0.00000,0.99115
244.00250,0.99500,0.01346,0.00001,0.98653
245.00250,0.99500,0.04867,0.00056,0.95078
246.00250,0.99500,0.01033,0.00000,0.98967
247.00250,0.99500,0.00356,0.00000,0.99644
248.00250,0.99500,0.01532,0.00000,0.98468
249.00250,0.99500,0.00657,0.00000,0.99343
250.00250,0.99500,0.01520,0.00000,0.98480
251.00250,0.99500,0.04844,0.00003,0.95153
252.00250,0.99500,0.02030,0.00004,0.97967
253.00250,0.99500,0.00279,0.00000,0.99721
254.00250,0.99500,0.04596,0.00145,0.95259
255.00250,0.99500,0.00744,0.00000,0.99256
256.00250,0.99500,0.03584,0.00000,0.96416
257.00250,0.99500,0.00333,0.00000,0.99667
258.00250,0.99500,0.02205,0.00000,0.97795
259.00250,0.99500,0.01397,0.00000,0.98603
260.00250,0.99500,0.00715,0.00000,0.99285
261.00250,0.99500,0.00954,0.00001,0.99046
262.00250,0.99500,0.01880,0.00000,0.98120
263.00250,0.99500,0.09836,0.00086,0.90077
264.00250,0.99500,0.03945,0.00001,0.96055
265.00250,0.99500,0.00495,0.00000,0.99505
266.00250,0.99500,0.00550,0.00000,0.99450
267.00250,0.99500,0.01749,0.00001,0.98251
268.00250,0.99500,0.00454,0.00000,0.99546
269.00250,0.99500,0.00354,0.00000,0.99646
270.00250,0.99500,0.03632,0.00000,0.96368
271.00250,0.99500,0.00121,0.00000,0.99879
272.00250,0.99500,0.00598,0.00000,0.99402
273.00250,0.99500,0.00421,0.00000,0.99579
274.00250,0.99500,0.00469,0.00000,0.99531
275.00250,0.99500,0.00413,0.00000,0.99587
276.00250,0.99500,0.01447,0.00000,0.98553
277.00250,0.99500,0.00272,0.00000,0.99728
278.00250,0.99500,0.00154,0.00000,0.99845
279.00250,0.99500,0.00362,0.00000,0.99638
280.00250,0.99500,0.00532,0.00000,0.99468
281.00250,0.99500,0.02445,0.00000,0.97555
282.00250,0.99500,0.00783,0.00000,0.99217
283.00250,0.99500,0.00979,0.00000,0.99021
284.00250,0.99500,0.00458,0.00000,0.99542
285.00250,0.99500,0.00364,0.00000,0.99636
286.00250,0.99500,0.00536,0.00000,0.99464
287.00250,0.99500,0.00684,0.00000,0.99316
288.00250,0.99500,0.00864,0.00000,0.99136
289.00250,0.99500,0.00667,0.00000,0.99333
290.00250,0.99500,0.00493,0.00000,0.99507
291.00250,0.99500,0.01588,0.00001,0.98412
292.00250,0.99500,0.00908,0.00000,0.99091
293.00250,0.99500,0.00549,0.00000,0.99451
294.00250,0.99500,0.01367,0.00001,0.98631
295.00250,0.99500,0.00552,0.00000,0.99448
296.00250,0.99500,0.00676,0.00000,0.99324
297.00250,0.99500,0.03688,0.00008,0.96304
298.00250,0.99500,0.00320,0.00001,0.99679
299.00250,0.99500,0.19717,0.00018,0.80265
