Time (seconds), Duration (seconds),pred_(unlabeled),pred_empty_box,pred_table
0.00250,0.49500,0.04348,0.06140,0.89512
0.10250,0.49500,0.04282,0.05190,0.90528
0.20250,0.49500,0.04611,0.06732,0.88656
0.30250,0.49500,0.03727,0.05035,0.91238
0.40250,0.49500,0.05670,0.04618,0.89712
0.50250,0.49500,0.05358,0.05514,0.89128
0.60250,0.49500,0.04609,0.05524,0.89866
0.70250,0.49500,0.04872,0.05189,0.89939
0.80250,0.49500,0.04356,0.04119,0.91525
0.90250,0.49500,0.04128,0.04236,0.91636
1.00250,0.49500,0.07458,0.02378,0.90163
1.10250,0.49500,0.09150,0.02998,0.87853
1.20250,0.49500,0.09521,0.01678,0.88801
1.30250,0.49500,0.11979,0.01211,0.86810
1.40250,0.49500,0.09420,0.02315,0.88265
1.50250,0.49500,0.09795,0.02107,0.88098
1.60250,0.49500,0.10181,0.02691,0.87128
1.70250,0.49500,0.06212,0.02532,0.91257
1.80250,0.49500,0.10773,0.02932,0.86295
1.90250,0.49500,0.11668,0.03331,0.85001
2.00250,0.49500,0.09853,0.02510,0.87637
2.10250,0.49500,0.16040,0.02582,0.81378
2.20250,0.49500,0.07490,0.04164,0.88346
2.30250,0.49500,0.18355,0.01644,0.80001
2.40250,0.49500,0.18844,0.02490,0.78666
2.50250,0.49500,0.13314,0.02774,0.83912
2.60250,0.49500,0.25419,0.02009,0.72572
2.70250,0.49500,0.06355,0.04596,0.89050
2.80250,0.49500,0.12499,0.04881,0.82620
2.90250,0.49500,0.10935,0.04729,0.84336
3.00250,0.49500,0.11810,0.04011,0.84179
3.10250,0.49500,0.13722,0.05558,0.80720
3.20250,0.49500,0.07771,0.08436,0.83793
3.30250,0.49500,0.07770,0.07831,0.84399
3.40250,0.49500,0.07028,0.07606,0.85366
3.50250,0.49500,0.07661,0.04778,0.87561
3.60250,0.49500,0.15634,0.05524,0.78842
3.70250,0.49500,0.09480,0.04762,0.85758
3.80250,0.49500,0.10093,0.02542,0.87365
3.90250,0.49500,0.08509,0.05153,0.86338
4.00250,0.49500,0.03864,0.07534,0.88602
4.10250,0.49500,0.11367,0.05691,0.82941
4.20250,0.49500,0.09847,0.05528,0.84624
4.30250,0.49500,0.12729,0.07830,0.79442
4.40250,0.49500,0.18320,0.05755,0.75925
4.50250,0.49500,0.13773,0.06327,0.79900
4.60250,0.49500,0.09903,0.05798,0.84299
4.70250,0.49500,0.12808,0.16501,0.70690
4.80250,0.49500,0.16062,0.08697,0.75241
4.90250,0.49500,0.19103,0.04684,0.76213
5.00250,0.49500,0.25574,0.06830,0.67595
5.10250,0.49500,0.20388,0.10072,0.69540
5.20250,0.49500,0.08858,0.06138,0.85004
5.30250,0.49500,0.05191,0.04454,0.90356
5.40250,0.49500,0.05416,0.07435,0.87149
5.50250,0.49500,0.06050,0.07163,0.86787
5.60250,0.49500,0.09566,0.06321,0.84113
5.70250,0.49500,0.09999,0.06200,0.83801
5.80250,0.49500,0.09644,0.04856,0.85500
5.90250,0.49500,0.05590,0.11986,0.82424
6.00250,0.49500,0.05794,0.11226,0.82980
6.10250,0.49500,0.04617,0.05486,0.89897
6.20250,0.49500,0.05795,0.05495,0.88710
6.30250,0.49500,0.04697,0.06861,0.88442
6.40250,0.49500,0.03846,0.03455,0.92699
6.50250,0.49500,0.04073,0.03256,0.92671
6.60250,0.49500,0.04086,0.04441,0.91473
6.70250,0.49500,0.05445,0.03818,0.90737
6.80250,0.49500,0.08584,0.04596,0.86820
6.90250,0.49500,0.10717,0.04510,0.84773
7.00250,0.49500,0.12469,0.02717,0.84814
7.10250,0.49500,0.14130,0.02494,0.83376
7.20250,0.49500,0.09570,0.04127,0.86303
7.30250,0.49500,0.06082,0.02190,0.91729
7.40250,0.49500,0.05688,0.01618,0.92694
7.50250,0.49500,0.03731,0.02339,0.93930
7.60250,0.49500,0.08088,0.02271,0.89641
7.70250,0.49500,0.09382,0.02333,0.88285
7.80250,0.49500,0.09015,0.02193,0.88791
7.90250,0.49500,0.13592,0.02847,0.83561
8.00250,0.49500,0.09684,0.03942,0.86374
8.10250,0.49500,0.06339,0.05451,0.88210
8.20250,0.49500,0.09234,0.06595,0.84171
8.30250,0.49500,0.06203,0.06080,0.87718
8.40250,0.49500,0.04884,0.04838,0.90278
8.50250,0.49500,0.06008,0.04769,0.89223
8.60250,0.49500,0.05790,0.04531,0.89679
8.70250,0.49500,0.06449,0.04363,0.89188
8.80250,0.49500,0.06136,0.03162,0.90701
8.90250,0.49500,0.07425,0.07317,0.85258
9.00250,0.49500,0.11827,0.04881,0.83292
9.10250,0.49500,0.10474,0.02757,0.86769
9.20250,0.49500,0.14527,0.02532,0.82942
9.30250,0.49500,0.10777,0.03413,0.85810
9.40250,0.49500,0.05838,0.03102,0.91061
9.50250,0.49500,0.06194,0.04098,0.89708
9.60250,0.49500,0.04240,0.06304,0.89457
9.70250,0.49500,0.04102,0.11313,0.84585
9.80250,0.49500,0.04216,0.13806,0.81979
9.90250,0.49500,0.03646,0.16739,0.79615
10.00250,0.49500,0.03996,0.16534,0.79470
10.10250,0.49500,0.04623,0.17394,0.77983
10.20250,0.49500,0.04994,0.12726,0.82281
10.30250,0.49500,0.03728,0.13136,0.83135
10.40250,0.49500,0.05234,0.10055,0.84711
10.50250,0.49500,0.05852,0.09685,0.84463
10.60250,0.49500,0.07497,0.10335,0.82168
10.70250,0.49500,0.07270,0.08520,0.84209
10.80250,0.49500,0.07761,0.04269,0.87970
10.90250,0.49500,0.05319,0.04552,0.90128
11.00250,0.49500,0.05466,0.03504,0.91030
11.10250,0.49500,0.06342,0.02332,0.91326
11.20250,0.49500,0.09620,0.01091,0.89289
11.30250,0.49500,0.09646,0.01115,0.89239
11.40250,0.49500,0.08200,0.01463,0.90338
11.50250,0.49500,0.06721,0.01374,0.91905
11.60250,0.49500,0.05175,0.02533,0.92292
11.70250,0.49500,0.07541,0.02040,0.90419
11.80250,0.49500,0.09418,0.03232,0.87349
11.90250,0.49500,0.11714,0.02844,0.85442
12.00250,0.49500,0.14123,0.05329,0.80548
12.10250,0.49500,0.09122,0.04954,0.85924
12.20250,0.49500,0.06835,0.04879,0.88285
12.30250,0.49500,0.05535,0.03230,0.91235
12.40250,0.49500,0.04438,0.03305,0.92257
12.50250,0.49500,0.05519,0.02652,0.91829
12.60250,0.49500,0.06731,0.02683,0.90586
12.70250,0.49500,0.08886,0.03041,0.88073
12.80250,0.49500,0.16326,0.04828,0.78846
12.90250,0.49500,0.09797,0.05984,0.84220
13.00250,0.49500,0.10876,0.04558,0.84566
13.10250,0.49500,0.07451,0.05499,0.87049
13.20250,0.49500,0.04375,0.05727,0.89899
13.30250,0.49500,0.03450,0.03260,0.93291
13.40250,0.49500,0.05233,0.02175,0.92592
13.50250,0.49500,0.06790,0.02566,0.90644
13.60250,0.49500,0.07944,0.02727,0.89329
13.70250,0.49500,0.10174,0.01888,0.87938
13.80250,0.49500,0.09884,0.01456,0.88660
13.90250,0.49500,0.09483,0.01703,0.88814
14.00250,0.49500,0.08280,0.01189,0.90531
14.10250,0.49500,0.09203,0.01348,0.89449
14.20250,0.49500,0.09190,0.00741,0.90069
14.30250,0.49500,0.06811,0.00859,0.92330
14.40250,0.49500,0.10131,0.01215,0.88654
14.50250,0.49500,0.09337,0.01542,0.89121
14.60250,0.49500,0.14979,0.01719,0.83302
14.70250,0.49500,0.20126,0.03079,0.76794
14.80250,0.49500,0.19184,0.02560,0.78256
14.90250,0.49500,0.30500,0.06470,0.63030
15.00250,0.49500,0.18587,0.06631,0.74782
15.10250,0.49500,0.10798,0.04014,0.85187
15.20250,0.49500,0.14348,0.04446,0.81205
15.30250,0.49500,0.08453,0.05786,0.85761
15.40250,0.49500,0.14493,0.02677,0.82830
15.50250,0.49500,0.21752,0.02288,0.75959
15.60250,0.49500,0.21855,0.01561,0.76584
15.70250,0.49500,0.22675,0.01900,0.75425
15.80250,0.49500,0.13404,0.03007,0.83588
15.90250,0.49500,0.09618,0.02719,0.87664
16.00250,0.49500,0.09231,0.02950,0.87820
16.10250,0.49500,0.08130,0.07405,0.84465
16.20250,0.49500,0.09715,0.06101,0.84184
16.30250,0.49500,0.14070,0.03574,0.82357
16.40250,0.49500,0.19250,0.05114,0.75636
16.50250,0.49500,0.22264,0.07962,0.69773
16.60250,0.49500,0.20663,0.05540,0.73797
16.70250,0.49500,0.10851,0.04673,0.84476
16.80250,0.49500,0.10838,0.04550,0.84612
16.90250,0.49500,0.07284,0.05698,0.87017
17.00250,0.49500,0.05735,0.03534,0.90730
17.10250,0.49500,0.07586,0.04763,0.87651
17.20250,0.49500,0.08759,0.05625,0.85617
17.30250,0.49500,0.17563,0.04779,0.77658
17.40250,0.49500,0.18186,0.06402,0.75411
17.50250,0.49500,0.25893,0.08860,0.65247
17.60250,0.49500,0.18871,0.07354,0.73775
17.70250,0.49500,0.09725,0.09471,0.80804
17.80250,0.49500,0.08705,0.07089,0.84206
17.90250,0.49500,0.13100,0.06293,0.80608
18.00250,0.49500,0.11163,0.07184,0.81653
18.10250,0.49500,0.17808,0.08238,0.73954
18.20250,0.49500,0.15701,0.08500,0.75799
18.30250,0.49500,0.13011,0.09621,0.77368
18.40250,0.49500,0.15070,0.07596,0.77334
18.50250,0.49500,0.17686,0.08637,0.73676
18.60250,0.49500,0.16502,0.12891,0.70607
18.70250,0.49500,0.17283,0.08616,0.74101
18.80250,0.49500,0.11279,0.11231,0.77490
18.90250,0.49500,0.06483,0.14950,0.78567
19.00250,0.49500,0.06293,0.25868,0.67839
19.10250,0.49500,0.04562,0.14491,0.80947
19.20250,0.49500,0.06868,0.28143,0.64988
19.30250,0.49500,0.04386,0.19544,0.76070
19.40250,0.49500,0.09481,0.13901,0.76618
19.50250,0.49500,0.06039,0.10281,0.83680
19.60250,0.49500,0.09929,0.12717,0.77353
19.70250,0.49500,0.10656,0.09004,0.80340
19.80250,0.49500,0.05672,0.12508,0.81820
19.90250,0.49500,0.10011,0.10097,0.79891
20.00250,0.49500,0.10949,0.18011,0.71040
20.10250,0.49500,0.11376,0.20106,0.68518
20.20250,0.49500,0.17587,0.15778,0.66634
20.30250,0.49500,0.14756,0.12221,0.73023
20.40250,0.49500,0.07925,0.20676,0.71398
20.50250,0.49500,0.10487,0.20614,0.68899
20.60250,0.49500,0.05354,0.12484,0.82162
20.70250,0.49500,0.03655,0.11415,0.84930
20.80250,0.49500,0.03611,0.12727,0.83662
20.90250,0.49500,0.04433,0.15813,0.79754
21.00250,0.49500,0.03493,0.11366,0.85140
21.10250,0.49500,0.04636,0.08255,0.87109
21.20250,0.49500,0.05098,0.11323,0.83579
21.30250,0.49500,0.06107,0.08017,0.85877
21.40250,0.49500,0.06299,0.06052,0.87649
21.50250,0.49500,0.05556,0.07083,0.87361
21.60250,0.49500,0.06899,0.09643,0.83458
21.70250,0.49500,0.06213,0.08136,0.85650
21.80250,0.49500,0.09618,0.10860,0.79522
21.90250,0.49500,0.09352,0.10292,0.80356
22.00250,0.49500,0.09059,0.08149,0.82792
22.10250,0.49500,0.06539,0.11013,0.82448
22.20250,0.49500,0.08286,0.09360,0.82354
22.30250,0.49500,0.08022,0.09183,0.82794
22.40250,0.49500,0.14360,0.07048,0.78592
22.50250,0.49500,0.15062,0.07976,0.76962
22.60250,0.49500,0.12206,0.15761,0.72033
22.70250,0.49500,0.08529,0.11360,0.80111
22.80250,0.49500,0.05182,0.11161,0.83658
22.90250,0.49500,0.04458,0.11142,0.84400
23.00250,0.49500,0.06422,0.08378,0.85200
23.10250,0.49500,0.09080,0.05836,0.85084
23.20250,0.49500,0.11069,0.07078,0.81853
23.30250,0.49500,0.07397,0.09284,0.83319
23.40250,0.49500,0.13830,0.11823,0.74347
23.50250,0.49500,0.08038,0.19372,0.72590
23.60250,0.49500,0.11740,0.23467,0.64793
23.70250,0.49500,0.09884,0.21308,0.68808
23.80250,0.49500,0.09377,0.18577,0.72046
23.90250,0.49500,0.13208,0.21561,0.65231
24.00250,0.49500,0.09708,0.21352,0.68940
24.10250,0.49500,0.12236,0.20919,0.66844
24.20250,0.49500,0.08895,0.12505,0.78599
24.30250,0.49500,0.07050,0.09939,0.83011
24.40250,0.49500,0.07529,0.08270,0.84201
24.50250,0.49500,0.07027,0.09080,0.83893
24.60250,0.49500,0.05824,0.12066,0.82109
24.70250,0.49500,0.03879,0.08872,0.87249
24.80250,0.49500,0.03882,0.05698,0.90420
24.90250,0.49500,0.04204,0.05181,0.90616
25.00250,0.49500,0.06174,0.03000,0.90826
25.10250,0.49500,0.05242,0.03669,0.91089
25.20250,0.49500,0.08200,0.03381,0.88419
25.30250,0.49500,0.06494,0.02974,0.90532
25.40250,0.49500,0.05703,0.03632,0.90665
25.50250,0.49500,0.05441,0.06067,0.88492
25.60250,0.49500,0.05822,0.06057,0.88121
25.70250,0.49500,0.05718,0.07386,0.86896
25.80250,0.49500,0.07457,0.05646,0.86897
25.90250,0.49500,0.09583,0.05416,0.85001
26.00250,0.49500,0.13664,0.04750,0.81586
26.10250,0.49500,0.08455,0.06416,0.85129
26.20250,0.49500,0.19505,0.03037,0.77458
26.30250,0.49500,0.17219,0.03424,0.79357
26.40250,0.49500,0.20432,0.05239,0.74329
26.50250,0.49500,0.39933,0.03563,0.56504
26.60250,0.49500,0.19629,0.02603,0.77769
26.70250,0.49500,0.19548,0.02601,0.77851
26.80250,0.49500,0.14065,0.02384,0.83551
26.90250,0.49500,0.09481,0.02380,0.88139
27.00250,0.49500,0.07151,0.02115,0.90734
27.10250,0.49500,0.10844,0.01984,0.87172
27.20250,0.49500,0.09985,0.02041,0.87974
27.30250,0.49500,0.11849,0.02311,0.85841
27.40250,0.49500,0.14749,0.03818,0.81432
27.50250,0.49500,0.07978,0.03685,0.88336
27.60250,0.49500,0.10950,0.04104,0.84946
27.70250,0.49500,0.09290,0.05682,0.85028
27.80250,0.49500,0.10058,0.05319,0.84623
27.90250,0.49500,0.10036,0.03204,0.86759
28.00250,0.49500,0.09148,0.05251,0.85601
28.10250,0.49500,0.07279,0.03898,0.88823
28.20250,0.49500,0.08833,0.02986,0.88181
28.30250,0.49500,0.12870,0.02837,0.84293
28.40250,0.49500,0.10693,0.02629,0.86678
28.50250,0.49500,0.15043,0.00787,0.84170
28.60250,0.49500,0.14856,0.01600,0.83545
28.70250,0.49500,0.10839,0.01618,0.87543
28.80250,0.49500,0.11645,0.01709,0.86646
28.90250,0.49500,0.12146,0.01771,0.86083
29.00250,0.49500,0.10654,0.01531,0.87815
29.10250,0.49500,0.10264,0.01653,0.88083
29.20250,0.49500,0.16691,0.01438,0.81871
29.30250,0.49500,0.14782,0.01023,0.84195
29.40250,0.49500,0.12944,0.00883,0.86174
29.50250,0.49500,0.12093,0.00991,0.86916
29.60250,0.49500,0.10306,0.00901,0.88793
29.70250,0.49500,0.08405,0.01558,0.90038
29.80250,0.49500,0.07501,0.01179,0.91320
29.90250,0.49500,0.09199,0.01764,0.89037
30.00250,0.49500,0.06726,0.01638,0.91636
30.10250,0.49500,0.08014,0.01473,0.90513
30.20250,0.49500,0.11952,0.01334,0.86714
30.30250,0.49500,0.10063,0.01652,0.88285
30.40250,0.49500,0.15657,0.01169,0.83174
30.50250,0.49500,0.13886,0.01022,0.85092
30.60250,0.49500,0.09359,0.01279,0.89361
30.70250,0.49500,0.11932,0.00939,0.87129
30.80250,0.49500,0.06505,0.01343,0.92152
30.90250,0.49500,0.05015,0.01444,0.93542
31.00250,0.49500,0.07394,0.02151,0.90454
31.10250,0.49500,0.05474,0.01786,0.92740
31.20250,0.49500,0.08216,0.02907,0.88877
31.30250,0.49500,0.07780,0.03365,0.88855
31.40250,0.49500,0.08035,0.02907,0.89058
31.50250,0.49500,0.18872,0.02575,0.78553
31.60250,0.49500,0.15428,0.01633,0.82939
31.70250,0.49500,0.23888,0.01798,0.74313
31.80250,0.49500,0.19502,0.00917,0.79581
31.90250,0.49500,0.10103,0.00519,0.89378
32.00250,0.49500,0.12986,0.00390,0.86624
32.10250,0.49500,0.09400,0.00421,0.90179
32.20250,0.49500,0.10749,0.00159,0.89092
32.30250,0.49500,0.14674,0.00257,0.85069
32.40250,0.49500,0.08550,0.00381,0.91069
32.50250,0.49500,0.08458,0.00550,0.90992
32.60250,0.49500,0.04885,0.00454,0.94661
32.70250,0.49500,0.05024,0.00815,0.94162
32.80250,0.49500,0.04585,0.01070,0.94345
32.90250,0.49500,0.04382,0.00706,0.94912
33.00250,0.49500,0.05757,0.00405,0.93838
33.10250,0.49500,0.05948,0.00628,0.93425
33.20250,0.49500,0.05360,0.00377,0.94262
33.30250,0.49500,0.07584,0.00250,0.92167
33.40250,0.49500,0.09587,0.00322,0.90090
33.50250,0.49500,0.08692,0.00402,0.90905
33.60250,0.49500,0.12580,0.00239,0.87181
33.70250,0.49500,0.10935,0.00391,0.88674
33.80250,0.49500,0.14612,0.00603,0.84785
33.90250,0.49500,0.14851,0.00529,0.84620
34.00250,0.49500,0.12700,0.00266,0.87034
34.10250,0.49500,0.11301,0.00470,0.88229
34.20250,0.49500,0.09088,0.00414,0.90498
34.30250,0.49500,0.09479,0.00542,0.89978
34.40250,0.49500,0.09640,0.00922,0.89438
34.50250,0.49500,0.08801,0.00825,0.90375
34.60250,0.49500,0.12519,0.00852,0.86628
34.70250,0.49500,0.13649,0.01465,0.84885
34.80250,0.49500,0.12647,0.01154,0.86199
34.90250,0.49500,0.12863,0.00741,0.86395
35.00250,0.49500,0.10441,0.00855,0.88704
35.10250,0.49500,0.06634,0.00686,0.92680
35.20250,0.49500,0.09553,0.00534,0.89912
35.30250,0.49500,0.13354,0.00589,0.86057
35.40250,0.49500,0.13867,0.00725,0.85408
35.50250,0.49500,0.10791,0.00426,0.88783
35.60250,0.49500,0.08847,0.00725,0.90428
35.70250,0.49500,0.05377,0.01469,0.93153
35.80250,0.49500,0.05499,0.02244,0.92257
35.90250,0.49500,0.06007,0.01062,0.92931
36.00250,0.49500,0.08987,0.01007,0.90006
36.10250,0.49500,0.12089,0.01035,0.86877
36.20250,0.49500,0.13214,0.01355,0.85431
36.30250,0.49500,0.13043,0.00851,0.86106
36.40250,0.49500,0.12447,0.00698,0.86855
36.50250,0.49500,0.08256,0.00670,0.91074
36.60250,0.49500,0.07456,0.00447,0.92097
36.70250,0.49500,0.10234,0.00306,0.89460
36.80250,0.49500,0.07365,0.00428,0.92207
36.90250,0.49500,0.09105,0.00287,0.90608
37.00250,0.49500,0.08348,0.00247,0.91404
37.10250,0.49500,0.07225,0.00598,0.92178
37.20250,0.49500,0.07547,0.00432,0.92020
37.30250,0.49500,0.08951,0.00532,0.90517
37.40250,0.49500,0.08155,0.00715,0.91130
37.50250,0.49500,0.07310,0.00803,0.91887
37.60250,0.49500,0.08749,0.00929,0.90322
37.70250,0.49500,0.08298,0.01120,0.90583
37.80250,0.49500,0.09245,0.00819,0.89936
37.90250,0.49500,0.10607,0.01447,0.87946
38.00250,0.49500,0.11116,0.01211,0.87673
38.10250,0.49500,0.08263,0.01221,0.90517
38.20250,0.49500,0.06320,0.01497,0.92184
38.30250,0.49500,0.06718,0.01430,0.91852
38.40250,0.49500,0.03312,0.02114,0.94574
38.50250,0.49500,0.04499,0.01624,0.93877
38.60250,0.49500,0.04872,0.01439,0.93689
38.70250,0.49500,0.05303,0.01048,0.93649
38.80250,0.49500,0.12584,0.00832,0.86584
38.90250,0.49500,0.12075,0.01190,0.86735
39.00250,0.49500,0.23039,0.01890,0.75072
39.10250,0.49500,0.22995,0.01304,0.75701
39.20250,0.49500,0.20469,0.01438,0.78093
39.30250,0.49500,0.12334,0.01141,0.86525
39.40250,0.49500,0.11938,0.01012,0.87050
39.50250,0.49500,0.06185,0.01220,0.92595
39.60250,0.49500,0.06901,0.01788,0.91311
39.70250,0.49500,0.07329,0.02321,0.90350
39.80250,0.49500,0.06169,0.02850,0.90981
39.90250,0.49500,0.06616,0.02728,0.90656
40.00250,0.49500,0.04838,0.02248,0.92914
40.10250,0.49500,0.04741,0.02049,0.93210
40.20250,0.49500,0.08904,0.01777,0.89318
40.30250,0.49500,0.07536,0.01974,0.90490
40.40250,0.49500,0.08094,0.01414,0.90492
40.50250,0.49500,0.09835,0.01395,0.88771
40.60250,0.49500,0.07217,0.01855,0.90928
40.70250,0.49500,0.10956,0.01321,0.87723
40.80250,0.49500,0.10485,0.00893,0.88622
40.90250,0.49500,0.10857,0.01717,0.87426
41.00250,0.49500,0.12273,0.01794,0.85933
41.10250,0.49500,0.17251,0.02320,0.80428
41.20250,0.49500,0.14478,0.05649,0.79872
41.30250,0.49500,0.30472,0.02933,0.66595
41.40250,0.49500,0.26430,0.05529,0.68041
41.50250,0.49500,0.05234,0.05652,0.89113
41.60250,0.49500,0.08996,0.05116,0.85888
41.70250,0.49500,0.05220,0.07772,0.87008
41.80250,0.49500,0.05280,0.05959,0.88761
41.90250,0.49500,0.07024,0.03619,0.89357
42.00250,0.49500,0.06927,0.03345,0.89728
42.10250,0.49500,0.06299,0.02344,0.91358
42.20250,0.49500,0.05627,0.01374,0.93000
42.30250,0.49500,0.05048,0.01868,0.93084
42.40250,0.49500,0.05403,0.02354,0.92243
42.50250,0.49500,0.07694,0.02409,0.89897
42.60250,0.49500,0.10958,0.03114,0.85929
42.70250,0.49500,0.15220,0.02898,0.81883
42.80250,0.49500,0.14792,0.01959,0.83249
42.90250,0.49500,0.12114,0.02597,0.85288
43.00250,0.49500,0.08114,0.03573,0.88313
43.10250,0.49500,0.04418,0.03961,0.91621
43.20250,0.49500,0.08175,0.03345,0.88480
43.30250,0.49500,0.08417,0.03510,0.88073
43.40250,0.49500,0.12390,0.02014,0.85596
43.50250,0.49500,0.21967,0.02287,0.75745
43.60250,0.49500,0.16109,0.01419,0.82472
43.70250,0.49500,0.23973,0.00683,0.75344
43.80250,0.49500,0.14633,0.00938,0.84429
43.90250,0.49500,0.12178,0.01173,0.86649
44.00250,0.49500,0.06684,0.00950,0.92366
44.10250,0.49500,0.05831,0.01671,0.92497
44.20250,0.49500,0.04881,0.02192,0.92927
44.30250,0.49500,0.07837,0.01102,0.91061
44.40250,0.49500,0.12476,0.00818,0.86706
44.50250,0.49500,0.15638,0.01127,0.83235
44.60250,0.49500,0.16226,0.00764,0.83010
44.70250,0.49500,0.13969,0.00541,0.85490
44.80250,0.49500,0.11802,0.00756,0.87443
44.90250,0.49500,0.16434,0.00786,0.82780
45.00250,0.49500,0.11548,0.00961,0.87492
45.10250,0.49500,0.16670,0.01065,0.82265
45.20250,0.49500,0.16528,0.00954,0.82518
45.30250,0.49500,0.10756,0.00501,0.88743
45.40250,0.49500,0.15441,0.00418,0.84140
45.50250,0.49500,0.14143,0.00333,0.85524
45.60250,0.49500,0.12506,0.00315,0.87179
45.70250,0.49500,0.15031,0.00415,0.84554
45.80250,0.49500,0.11862,0.00467,0.87671
45.90250,0.49500,0.12492,0.01256,0.86252
46.00250,0.49500,0.09432,0.02144,0.88424
46.10250,0.49500,0.06971,0.02061,0.90969
46.20250,0.49500,0.09449,0.02514,0.88038
46.30250,0.49500,0.08005,0.02976,0.89019
46.40250,0.49500,0.06825,0.01982,0.91193
46.50250,0.49500,0.09481,0.01455,0.89064
46.60250,0.49500,0.07809,0.02601,0.89589
46.70250,0.49500,0.08735,0.02544,0.88722
46.80250,0.49500,0.08975,0.01597,0.89428
46.90250,0.49500,0.10807,0.01764,0.87429
47.00250,0.49500,0.08815,0.03368,0.87817
47.10250,0.49500,0.08627,0.02932,0.88442
47.20250,0.49500,0.09157,0.03193,0.87650
47.30250,0.49500,0.09024,0.03465,0.87511
47.40250,0.49500,0.10820,0.03252,0.85928
47.50250,0.49500,0.14324,0.02735,0.82941
47.60250,0.49500,0.11292,0.02604,0.86105
47.70250,0.49500,0.09899,0.02115,0.87986
47.80250,0.49500,0.08483,0.01678,0.89839
47.90250,0.49500,0.06865,0.02675,0.90460
48.00250,0.49500,0.07619,0.01808,0.90574
48.10250,0.49500,0.06704,0.02225,0.91071
48.20250,0.49500,0.07707,0.03529,0.88764
48.30250,0.49500,0.12218,0.02505,0.85276
48.40250,0.49500,0.17970,0.01718,0.80312
48.50250,0.49500,0.23362,0.01293,0.75345
48.60250,0.49500,0.28119,0.01252,0.70629
48.70250,0.49500,0.17350,0.01188,0.81461
48.80250,0.49500,0.12791,0.00870,0.86338
48.90250,0.49500,0.13384,0.00709,0.85907
49.00250,0.49500,0.08722,0.00790,0.90487
49.10250,0.49500,0.10081,0.00499,0.89420
49.20250,0.49500,0.13149,0.00444,0.86407
49.30250,0.49500,0.12617,0.00645,0.86738
49.40250,0.49500,0.12816,0.00641,0.86543
49.50250,0.49500,0.11563,0.00866,0.87571
49.60250,0.49500,0.08783,0.00786,0.90432
49.70250,0.49500,0.14043,0.00612,0.85345
49.80250,0.49500,0.15229,0.00744,0.84026
49.90250,0.49500,0.15036,0.00355,0.84610
50.00250,0.49500,0.13652,0.00234,0.86113
50.10250,0.49500,0.08863,0.00281,0.90856
50.20250,0.49500,0.09243,0.00365,0.90393
50.30250,0.49500,0.07753,0.00404,0.91844
50.40250,0.49500,0.08294,0.00544,0.91162
50.50250,0.49500,0.07381,0.01220,0.91400
50.60250,0.49500,0.09720,0.01791,0.88489
50.70250,0.49500,0.09927,0.01774,0.88299
50.80250,0.49500,0.08996,0.02827,0.88177
50.90250,0.49500,0.11552,0.04781,0.83667
51.00250,0.49500,0.06548,0.05725,0.87727
51.10250,0.49500,0.07916,0.02364,0.89719
51.20250,0.49500,0.12557,0.02779,0.84664
51.30250,0.49500,0.05759,0.02387,0.91854
51.40250,0.49500,0.08737,0.01463,0.89800
51.50250,0.49500,0.06876,0.00831,0.92292
51.60250,0.49500,0.08704,0.00635,0.90661
51.70250,0.49500,0.09404,0.00530,0.90066
51.80250,0.49500,0.07918,0.00497,0.91585
51.90250,0.49500,0.07158,0.00649,0.92192
52.00250,0.49500,0.04189,0.00800,0.95011
52.10250,0.49500,0.04423,0.00873,0.94704
52.20250,0.49500,0.06116,0.00960,0.92924
52.30250,0.49500,0.07953,0.01132,0.90915
52.40250,0.49500,0.08623,0.01325,0.90052
52.50250,0.49500,0.08770,0.01738,0.89492
52.60250,0.49500,0.09550,0.02078,0.88372
52.70250,0.49500,0.09121,0.02359,0.88520
52.80250,0.49500,0.07891,0.02623,0.89486
52.90250,0.49500,0.12832,0.02344,0.84824
53.00250,0.49500,0.11995,0.01270,0.86734
53.10250,0.49500,0.10585,0.01726,0.87689
53.20250,0.49500,0.10109,0.01160,0.88732
53.30250,0.49500,0.07349,0.01548,0.91104
53.40250,0.49500,0.07566,0.01018,0.91416
53.50250,0.49500,0.08470,0.00916,0.90615
53.60250,0.49500,0.08823,0.00678,0.90499
53.70250,0.49500,0.13395,0.00612,0.85993
53.80250,0.49500,0.19500,0.00579,0.79921
53.90250,0.49500,0.18330,0.00516,0.81154
54.00250,0.49500,0.22720,0.00597,0.76683
54.10250,0.49500,0.13565,0.00716,0.85719
54.20250,0.49500,0.07865,0.00885,0.91250
54.30250,0.49500,0.06449,0.00771,0.92780
54.40250,0.49500,0.06457,0.01098,0.92445
54.50250,0.49500,0.05361,0.00779,0.93860
54.60250,0.49500,0.06597,0.00913,0.92489
54.70250,0.49500,0.11934,0.00670,0.87397
54.80250,0.49500,0.13353,0.00837,0.85810
54.90250,0.49500,0.20376,0.00695,0.78929
55.00250,0.49500,0.21212,0.00750,0.78037
55.10250,0.49500,0.12098,0.00485,0.87418
55.20250,0.49500,0.11161,0.00814,0.88025
55.30250,0.49500,0.08470,0.00757,0.90773
55.40250,0.49500,0.09868,0.00436,0.89696
55.50250,0.49500,0.09623,0.00435,0.89943
55.60250,0.49500,0.11097,0.00357,0.88546
55.70250,0.49500,0.12832,0.00640,0.86528
55.80250,0.49500,0.08818,0.00447,0.90735
55.90250,0.49500,0.11507,0.00506,0.87988
56.00250,0.49500,0.10858,0.00907,0.88234
56.10250,0.49500,0.13539,0.00836,0.85624
56.20250,0.49500,0.15708,0.00582,0.83710
56.30250,0.49500,0.12225,0.01230,0.86545
56.40250,0.49500,0.11921,0.01312,0.86767
56.50250,0.49500,0.08426,0.02258,0.89315
56.60250,0.49500,0.07266,0.02277,0.90457
56.70250,0.49500,0.10138,0.01528,0.88334
56.80250,0.49500,0.07269,0.02705,0.90026
56.90250,0.49500,0.07961,0.03938,0.88101
57.00250,0.49500,0.08144,0.02970,0.88887
57.10250,0.49500,0.07911,0.02231,0.89859
57.20250,0.49500,0.09171,0.03662,0.87167
57.30250,0.49500,0.08247,0.03225,0.88527
57.40250,0.49500,0.11757,0.02212,0.86031
57.50250,0.49500,0.11608,0.01952,0.86440
57.60250,0.49500,0.11674,0.02557,0.85769
57.70250,0.49500,0.17281,0.01640,0.81079
57.80250,0.49500,0.11152,0.01639,0.87209
57.90250,0.49500,0.12916,0.01437,0.85648
58.00250,0.49500,0.15758,0.01017,0.83225
58.10250,0.49500,0.10395,0.01433,0.88172
58.20250,0.49500,0.15256,0.01047,0.83698
58.30250,0.49500,0.11564,0.01659,0.86776
58.40250,0.49500,0.07303,0.01680,0.91017
58.50250,0.49500,0.12320,0.01572,0.86108
58.60250,0.49500,0.06257,0.01685,0.92058
58.70250,0.49500,0.08856,0.01939,0.89204
58.80250,0.49500,0.09474,0.01519,0.89007
58.90250,0.49500,0.09108,0.01199,0.89694
59.00250,0.49500,0.11200,0.01940,0.86860
59.10250,0.49500,0.09313,0.03005,0.87682
59.20250,0.49500,0.14707,0.01954,0.83340
59.30250,0.49500,0.12530,0.01951,0.85519
59.40250,0.49500,0.14569,0.03137,0.82293
59.50250,0.49500,0.16688,0.02655,0.80658
59.60250,0.49500,0.11712,0.03356,0.84932
59.70250,0.49500,0.10168,0.05506,0.84326
59.80250,0.49500,0.15881,0.04216,0.79903
59.90250,0.49500,0.10215,0.02957,0.86828
60.00250,0.49500,0.14515,0.02462,0.83022
60.10250,0.49500,0.19552,0.01186,0.79262
60.20250,0.49500,0.09816,0.00909,0.89275
60.30250,0.49500,0.12541,0.01308,0.86151
60.40250,0.49500,0.12584,0.00964,0.86453
60.50250,0.49500,0.12512,0.00952,0.86537
60.60250,0.49500,0.15816,0.00982,0.83202
60.70250,0.49500,0.13173,0.01011,0.85816
60.80250,0.49500,0.25209,0.01124,0.73667
60.90250,0.49500,0.27414,0.01013,0.71573
61.00250,0.49500,0.31431,0.00731,0.67838
61.10250,0.49500,0.25639,0.00920,0.73441
61.20250,0.49500,0.14600,0.01297,0.84103
61.30250,0.49500,0.09235,0.01366,0.89400
61.40250,0.49500,0.11519,0.01312,0.87169
61.50250,0.49500,0.09682,0.00920,0.89398
61.60250,0.49500,0.14480,0.00679,0.84840
61.70250,0.49500,0.25659,0.01013,0.73328
61.80250,0.49500,0.20959,0.01062,0.77979
61.90250,0.49500,0.41601,0.00421,0.57979
62.00250,0.49500,0.36254,0.00668,0.63078
62.10250,0.49500,0.16654,0.00799,0.82546
62.20250,0.49500,0.14982,0.00802,0.84216
62.30250,0.49500,0.12770,0.01104,0.86127
62.40250,0.49500,0.07583,0.00963,0.91454
62.50250,0.49500,0.14422,0.00736,0.84842
62.60250,0.49500,0.20943,0.00736,0.78322
62.70250,0.49500,0.15379,0.01081,0.83540
62.80250,0.49500,0.19321,0.00518,0.80161
62.90250,0.49500,0.18367,0.00471,0.81162
63.00250,0.49500,0.13281,0.00932,0.85788
63.10250,0.49500,0.14450,0.00465,0.85085
63.20250,0.49500,0.14754,0.00581,0.84665
63.30250,0.49500,0.13148,0.00666,0.86186
63.40250,0.49500,0.13053,0.00756,0.86191
63.50250,0.49500,0.13149,0.01268,0.85584
63.60250,0.49500,0.12159,0.01341,0.86500
63.70250,0.49500,0.11963,0.00994,0.87042
63.80250,0.49500,0.13476,0.01406,0.85118
63.90250,0.49500,0.11355,0.01125,0.87520
64.00250,0.49500,0.13631,0.00737,0.85632
64.10250,0.49500,0.14688,0.01021,0.84291
64.20250,0.49500,0.09992,0.00935,0.89073
64.30250,0.49500,0.10812,0.01145,0.88043
64.40250,0.49500,0.06001,0.01873,0.92126
64.50250,0.49500,0.07987,0.02333,0.89680
64.60250,0.49500,0.10795,0.02370,0.86835
64.70250,0.49500,0.10068,0.02525,0.87407
64.80250,0.49500,0.14169,0.01856,0.83975
64.90250,0.49500,0.13890,0.01648,0.84462
65.00250,0.49500,0.11641,0.01349,0.87010
65.10250,0.49500,0.17291,0.01088,0.81620
65.20250,0.49500,0.12655,0.00938,0.86407
65.30250,0.49500,0.12699,0.01220,0.86081
65.40250,0.49500,0.15169,0.01470,0.83362
65.50250,0.49500,0.12084,0.01014,0.86903
65.60250,0.49500,0.08496,0.01284,0.90219
65.70250,0.49500,0.09059,0.01946,0.88995
65.80250,0.49500,0.04581,0.02431,0.92989
65.90250,0.49500,0.04654,0.02503,0.92842
66.00250,0.49500,0.04432,0.01843,0.93725
66.10250,0.49500,0.04507,0.01065,0.94429
66.20250,0.49500,0.06608,0.01243,0.92149
66.30250,0.49500,0.07737,0.00786,0.91477
66.40250,0.49500,0.06856,0.00650,0.92494
66.50250,0.49500,0.11881,0.00527,0.87592
66.60250,0.49500,0.07770,0.00801,0.91429
66.70250,0.49500,0.06977,0.00660,0.92364
66.80250,0.49500,0.09245,0.00634,0.90121
66.90250,0.49500,0.07821,0.00715,0.91464
67.00250,0.49500,0.08783,0.00555,0.90662
67.10250,0.49500,0.08650,0.00776,0.90574
67.20250,0.49500,0.08209,0.00876,0.90915
67.30250,0.49500,0.07555,0.01457,0.90988
67.40250,0.49500,0.06936,0.01982,0.91082
67.50250,0.49500,0.05660,0.03197,0.91144
67.60250,0.49500,0.06636,0.02294,0.91070
67.70250,0.49500,0.05420,0.02288,0.92291
67.80250,0.49500,0.05107,0.01502,0.93391
67.90250,0.49500,0.06957,0.00777,0.92266
68.00250,0.49500,0.04865,0.00589,0.94546
68.10250,0.49500,0.07268,0.00732,0.91999
68.20250,0.49500,0.08436,0.00502,0.91062
68.30250,0.49500,0.08694,0.00566,0.90740
68.40250,0.49500,0.06505,0.00993,0.92502
68.50250,0.49500,0.06827,0.01166,0.92007
68.60250,0.49500,0.04746,0.01057,0.94197
68.70250,0.49500,0.08878,0.00835,0.90287
68.80250,0.49500,0.10058,0.00861,0.89081
68.90250,0.49500,0.11861,0.00537,0.87602
69.00250,0.49500,0.13026,0.00308,0.86665
69.10250,0.49500,0.17708,0.00334,0.81958
69.20250,0.49500,0.15968,0.00330,0.83701
69.30250,0.49500,0.19380,0.00410,0.80210
69.40250,0.49500,0.17576,0.00391,0.82033
69.50250,0.49500,0.09903,0.00429,0.89668
69.60250,0.49500,0.13100,0.00481,0.86419
69.70250,0.49500,0.08594,0.00306,0.91100
69.80250,0.49500,0.10778,0.00511,0.88711
69.90250,0.49500,0.12660,0.00287,0.87053
70.00250,0.49500,0.12817,0.00497,0.86686
70.10250,0.49500,0.08789,0.00579,0.90632
70.20250,0.49500,0.12979,0.00910,0.86110
70.30250,0.49500,0.15667,0.01519,0.82814
70.40250,0.49500,0.14769,0.01605,0.83626
70.50250,0.49500,0.14592,0.01431,0.83977
70.60250,0.49500,0.17475,0.02069,0.80456
70.70250,0.49500,0.09312,0.02743,0.87945
70.80250,0.49500,0.09631,0.02491,0.87878
70.90250,0.49500,0.08252,0.01993,0.89755
71.00250,0.49500,0.12255,0.01517,0.86229
71.10250,0.49500,0.08914,0.01846,0.89240
71.20250,0.49500,0.08641,0.01483,0.89876
71.30250,0.49500,0.10035,0.01177,0.88789
71.40250,0.49500,0.05842,0.01960,0.92198
71.50250,0.49500,0.05129,0.02017,0.92854
71.60250,0.49500,0.07226,0.02776,0.89998
71.70250,0.49500,0.08803,0.02894,0.88304
71.80250,0.49500,0.12702,0.01281,0.86016
71.90250,0.49500,0.12689,0.01308,0.86003
72.00250,0.49500,0.17144,0.01397,0.81459
72.10250,0.49500,0.09388,0.00881,0.89731
72.20250,0.49500,0.11394,0.00715,0.87892
72.30250,0.49500,0.10097,0.00976,0.88927
72.40250,0.49500,0.09148,0.01008,0.89844
72.50250,0.49500,0.13059,0.00972,0.85968
72.60250,0.49500,0.07224,0.01785,0.90991
72.70250,0.49500,0.12340,0.01217,0.86444
72.80250,0.49500,0.09064,0.01370,0.89566
72.90250,0.49500,0.06396,0.01858,0.91746
73.00250,0.49500,0.08384,0.01476,0.90140
73.10250,0.49500,0.07131,0.01132,0.91738
73.20250,0.49500,0.12697,0.01011,0.86291
73.30250,0.49500,0.19079,0.00879,0.80042
73.40250,0.49500,0.13378,0.00934,0.85687
73.50250,0.49500,0.10170,0.00834,0.88996
73.60250,0.49500,0.05337,0.00683,0.93979
73.70250,0.49500,0.03989,0.00656,0.95355
73.80250,0.49500,0.03754,0.00917,0.95328
73.90250,0.49500,0.04064,0.01203,0.94733
74.00250,0.49500,0.04935,0.01013,0.94052
74.10250,0.49500,0.11277,0.01329,0.87394
74.20250,0.49500,0.09430,0.02806,0.87764
74.30250,0.49500,0.23977,0.02488,0.73535
74.40250,0.49500,0.23396,0.02086,0.74518
74.50250,0.49500,0.11096,0.01247,0.87657
74.60250,0.49500,0.14362,0.01375,0.84264
74.70250,0.49500,0.10432,0.01343,0.88224
74.80250,0.49500,0.07354,0.01109,0.91537
74.90250,0.49500,0.07217,0.00800,0.91983
75.00250,0.49500,0.07967,0.00797,0.91235
75.10250,0.49500,0.05400,0.01305,0.93295
75.20250,0.49500,0.05689,0.01275,0.93036
75.30250,0.49500,0.10705,0.01302,0.87993
75.40250,0.49500,0.06437,0.01521,0.92042
75.50250,0.49500,0.11145,0.01343,0.87512
75.60250,0.49500,0.13199,0.01167,0.85634
75.70250,0.49500,0.11619,0.01032,0.87350
75.80250,0.49500,0.15627,0.00990,0.83383
75.90250,0.49500,0.13148,0.01358,0.85494
76.00250,0.49500,0.12232,0.01514,0.86254
76.10250,0.49500,0.08456,0.02246,0.89298
76.20250,0.49500,0.06568,0.02246,0.91187
76.30250,0.49500,0.07584,0.02435,0.89981
76.40250,0.49500,0.13587,0.01623,0.84791
76.50250,0.49500,0.22217,0.02124,0.75659
76.60250,0.49500,0.20502,0.01932,0.77566
76.70250,0.49500,0.27262,0.01374,0.71364
76.80250,0.49500,0.12428,0.01410,0.86162
76.90250,0.49500,0.08548,0.01196,0.90256
77.00250,0.49500,0.14300,0.01142,0.84558
77.10250,0.49500,0.08713,0.01083,0.90204
77.20250,0.49500,0.08250,0.00839,0.90911
77.30250,0.49500,0.12890,0.01562,0.85548
77.40250,0.49500,0.08424,0.03098,0.88478
77.50250,0.49500,0.17231,0.01934,0.80835
77.60250,0.49500,0.13259,0.01910,0.84831
77.70250,0.49500,0.11934,0.05390,0.82676
77.80250,0.49500,0.11772,0.01904,0.86323
77.90250,0.49500,0.12691,0.02874,0.84435
78.00250,0.49500,0.18634,0.02745,0.78621
78.10250,0.49500,0.21758,0.02781,0.75461
78.20250,0.49500,0.14399,0.01678,0.83923
78.30250,0.49500,0.11122,0.03240,0.85638
78.40250,0.49500,0.08072,0.02671,0.89257
78.50250,0.49500,0.06161,0.01649,0.92190
78.60250,0.49500,0.09785,0.01508,0.88707
78.70250,0.49500,0.14978,0.01212,0.83810
78.80250,0.49500,0.15626,0.01498,0.82876
78.90250,0.49500,0.16544,0.02025,0.81432
79.00250,0.49500,0.16210,0.02034,0.81757
79.10250,0.49500,0.12387,0.01600,0.86013
79.20250,0.49500,0.10370,0.02137,0.87493
79.30250,0.49500,0.12119,0.01570,0.86311
79.40250,0.49500,0.05964,0.01181,0.92854
79.50250,0.49500,0.04106,0.02187,0.93708
79.60250,0.49500,0.08588,0.01781,0.89631
79.70250,0.49500,0.09263,0.01175,0.89562
79.80250,0.49500,0.14601,0.01298,0.84101
79.90250,0.49500,0.13654,0.02176,0.84170
80.00250,0.49500,0.08675,0.01231,0.90094
80.10250,0.49500,0.07813,0.00875,0.91312
80.20250,0.49500,0.06922,0.01271,0.91807
80.30250,0.49500,0.09895,0.01651,0.88454
80.40250,0.49500,0.22639,0.01248,0.76112
80.50250,0.49500,0.15014,0.01253,0.83732
80.60250,0.49500,0.23357,0.01575,0.75069
80.70250,0.49500,0.19763,0.01325,0.78912
80.80250,0.49500,0.18497,0.00879,0.80624
80.90250,0.49500,0.10980,0.01743,0.87277
81.00250,0.49500,0.13226,0.00952,0.85822
81.10250,0.49500,0.07690,0.00826,0.91484
81.20250,0.49500,0.04953,0.00679,0.94368
81.30250,0.49500,0.05621,0.00569,0.93810
81.40250,0.49500,0.06447,0.00737,0.92817
81.50250,0.49500,0.06698,0.01486,0.91816
81.60250,0.49500,0.09640,0.01364,0.88996
81.70250,0.49500,0.08717,0.01967,0.89316
81.80250,0.49500,0.08301,0.02651,0.89048
81.90250,0.49500,0.07461,0.01951,0.90588
82.00250,0.49500,0.07389,0.01087,0.91524
82.10250,0.49500,0.09322,0.01310,0.89368
82.20250,0.49500,0.06198,0.01191,0.92611
82.30250,0.49500,0.06231,0.01484,0.92285
82.40250,0.49500,0.05205,0.01292,0.93503
82.50250,0.49500,0.03760,0.01564,0.94676
82.60250,0.49500,0.06208,0.00984,0.92808
82.70250,0.49500,0.11590,0.00610,0.87800
82.80250,0.49500,0.13051,0.00368,0.86581
82.90250,0.49500,0.15417,0.00383,0.84199
83.00250,0.49500,0.11077,0.00410,0.88513
83.10250,0.49500,0.09886,0.00523,0.89591
83.20250,0.49500,0.06317,0.00782,0.92901
83.30250,0.49500,0.05396,0.00639,0.93965
83.40250,0.49500,0.06620,0.00925,0.92455
83.50250,0.49500,0.05173,0.01193,0.93634
83.60250,0.49500,0.05360,0.01056,0.93584
83.70250,0.49500,0.08502,0.00689,0.90809
83.80250,0.49500,0.09775,0.00894,0.89331
83.90250,0.49500,0.09760,0.00935,0.89305
84.00250,0.49500,0.09013,0.00891,0.90095
84.10250,0.49500,0.11417,0.00761,0.87822
84.20250,0.49500,0.07887,0.00924,0.91189
84.30250,0.49500,0.10892,0.00588,0.88520
84.40250,0.49500,0.09946,0.00894,0.89160
84.50250,0.49500,0.05730,0.01187,0.93083
84.60250,0.49500,0.06576,0.01735,0.91689
84.70250,0.49500,0.05453,0.01461,0.93085
84.80250,0.49500,0.04787,0.01789,0.93425
84.90250,0.49500,0.06198,0.01577,0.92225
85.00250,0.49500,0.06801,0.01979,0.91219
85.10250,0.49500,0.07137,0.01228,0.91635
85.20250,0.49500,0.11264,0.01393,0.87342
85.30250,0.49500,0.07041,0.01734,0.91224
85.40250,0.49500,0.09268,0.01858,0.88874
85.50250,0.49500,0.06536,0.01727,0.91737
85.60250,0.49500,0.06660,0.02360,0.90981
85.70250,0.49500,0.06195,0.03146,0.90660
85.80250,0.49500,0.07665,0.04308,0.88027
85.90250,0.49500,0.06144,0.05822,0.88034
86.00250,0.49500,0.07323,0.08506,0.84171
86.10250,0.49500,0.06416,0.09732,0.83852
86.20250,0.49500,0.07976,0.08322,0.83703
86.30250,0.49500,0.07601,0.07833,0.84566
86.40250,0.49500,0.05947,0.05885,0.88168
86.50250,0.49500,0.05856,0.04712,0.89431
86.60250,0.49500,0.07296,0.03729,0.88974
86.70250,0.49500,0.07845,0.02660,0.89495
86.80250,0.49500,0.07656,0.02782,0.89562
86.90250,0.49500,0.09799,0.02894,0.87307
87.00250,0.49500,0.07499,0.03126,0.89375
87.10250,0.49500,0.05644,0.05011,0.89345
87.20250,0.49500,0.05720,0.04834,0.89446
87.30250,0.49500,0.05467,0.05086,0.89447
87.40250,0.49500,0.05582,0.09938,0.84480
87.50250,0.49500,0.04242,0.12462,0.83296
87.60250,0.49500,0.07032,0.08063,0.84904
87.70250,0.49500,0.11795,0.13330,0.74875
87.80250,0.49500,0.12201,0.10725,0.77074
87.90250,0.49500,0.17313,0.08621,0.74066
88.00250,0.49500,0.19342,0.06729,0.73930
88.10250,0.49500,0.36704,0.08529,0.54767
88.20250,0.49500,0.37380,0.06808,0.55813
88.30250,0.49500,0.40123,0.03465,0.56412
88.40250,0.49500,0.53328,0.04289,0.42384
88.50250,0.49500,0.26835,0.04684,0.68481
88.60250,0.49500,0.24959,0.03493,0.71548
88.70250,0.49500,0.32027,0.02900,0.65074
88.80250,0.49500,0.16956,0.05589,0.77455
88.90250,0.49500,0.21167,0.06056,0.72777
89.00250,0.49500,0.26342,0.04566,0.69092
89.10250,0.49500,0.34255,0.03813,0.61932
89.20250,0.49500,0.29850,0.04343,0.65807
89.30250,0.49500,0.20876,0.03510,0.75614
89.40250,0.49500,0.19779,0.02243,0.77978
89.50250,0.49500,0.19787,0.02395,0.77818
89.60250,0.49500,0.07178,0.03951,0.88870
89.70250,0.49500,0.14735,0.03122,0.82144
89.80250,0.49500,0.20884,0.02186,0.76929
89.90250,0.49500,0.12297,0.02318,0.85385
90.00250,0.49500,0.14912,0.03325,0.81763
90.10250,0.49500,0.09190,0.02468,0.88342
90.20250,0.49500,0.03615,0.01764,0.94621
