Time (seconds), Duration (seconds),pred_(unlabeled),pred_empty_box,pred_table
0.00250,0.49500,0.00778,0.99220,0.00001
0.10250,0.49500,0.01308,0.98689,0.00003
0.20250,0.49500,0.03433,0.96564,0.00003
0.30250,0.49500,0.01120,0.98864,0.00015
0.40250,0.49500,0.00637,0.99360,0.00003
0.50250,0.49500,0.01015,0.98967,0.00019
0.60250,0.49500,0.00657,0.99301,0.00042
0.70250,0.49500,0.01182,0.98797,0.00021
0.80250,0.49500,0.03985,0.95914,0.00101
0.90250,0.49500,0.03688,0.96279,0.00033
1.00250,0.49500,0.05941,0.93971,0.00088
1.10250,0.49500,0.02925,0.97057,0.00019
1.20250,0.49500,0.00981,0.98861,0.00158
1.30250,0.49500,0.00754,0.99205,0.00041
1.40250,0.49500,0.00309,0.99620,0.00071
1.50250,0.49500,0.00314,0.99622,0.00064
1.60250,0.49500,0.00227,0.99486,0.00287
1.70250,0.49500,0.00624,0.99245,0.00131
1.80250,0.49500,0.00743,0.98854,0.00403
1.90250,0.49500,0.00628,0.99236,0.00136
2.00250,0.49500,0.00445,0.99337,0.00218
2.10250,0.49500,0.00785,0.99109,0.00106
2.20250,0.49500,0.00686,0.99154,0.00160
2.30250,0.49500,0.00742,0.99127,0.00130
2.40250,0.49500,0.03279,0.96192,0.00529
2.50250,0.49500,0.02500,0.97102,0.00397
2.60250,0.49500,0.04385,0.95322,0.00293
2.70250,0.49500,0.03681,0.94359,0.01960
2.80250,0.49500,0.00845,0.98945,0.00211
2.90250,0.49500,0.00668,0.98977,0.00355
3.00250,0.49500,0.01629,0.97954,0.00417
3.10250,0.49500,0.04995,0.94305,0.00700
3.20250,0.49500,0.02987,0.96871,0.00142
3.30250,0.49500,0.04610,0.94975,0.00415
3.40250,0.49500,0.00701,0.99245,0.00054
3.50250,0.49500,0.00537,0.99206,0.00256
3.60250,0.49500,0.00539,0.98858,0.00603
3.70250,0.49500,0.00401,0.99324,0.00275
3.80250,0.49500,0.00422,0.98867,0.00711
3.90250,0.49500,0.00207,0.99685,0.00108
4.00250,0.49500,0.00183,0.99636,0.00181
4.10250,0.49500,0.00258,0.99588,0.00154
4.20250,0.49500,0.00719,0.98800,0.00481
4.30250,0.49500,0.00518,0.99425,0.00056
4.40250,0.49500,0.01300,0.98532,0.00168
4.50250,0.49500,0.00634,0.99250,0.00116
4.60250,0.49500,0.00608,0.99286,0.00106
4.70250,0.49500,0.00615,0.99243,0.00142
4.80250,0.49500,0.00371,0.99548,0.00082
4.90250,0.49500,0.00290,0.99585,0.00125
5.00250,0.49500,0.00419,0.99543,0.00038
5.10250,0.49500,0.00285,0.99445,0.00270
5.20250,0.49500,0.00500,0.99294,0.00206
5.30250,0.49500,0.01014,0.98604,0.00382
5.40250,0.49500,0.01701,0.98158,0.00141
5.50250,0.49500,0.01546,0.98195,0.00259
5.60250,0.49500,0.00950,0.98732,0.00318
5.70250,0.49500,0.00431,0.99028,0.00541
5.80250,0.49500,0.00295,0.99534,0.00171
5.90250,0.49500,0.00344,0.99303,0.00352
6.00250,0.49500,0.00671,0.99034,0.00295
6.10250,0.49500,0.00443,0.99396,0.00160
6.20250,0.49500,0.00644,0.99138,0.00219
6.30250,0.49500,0.00839,0.98764,0.00397
6.40250,0.49500,0.00773,0.99094,0.00133
6.50250,0.49500,0.00842,0.99020,0.00137
6.60250,0.49500,0.01936,0.97915,0.00150
6.70250,0.49500,0.01778,0.97835,0.00386
6.80250,0.49500,0.01973,0.97940,0.00087
6.90250,0.49500,0.01959,0.97686,0.00355
7.00250,0.49500,0.00703,0.99216,0.00081
7.10250,0.49500,0.00815,0.99025,0.00159
7.20250,0.49500,0.00920,0.98943,0.00137
7.30250,0.49500,0.00683,0.99157,0.00161
7.40250,0.49500,0.01045,0.98662,0.00293
7.50250,0.49500,0.00813,0.99139,0.00048
7.60250,0.49500,0.00733,0.98906,0.00360
7.70250,0.49500,0.03178,0.96445,0.00376
7.80250,0.49500,0.00816,0.99073,0.00111
7.90250,0.49500,0.01468,0.98305,0.00227
8.00250,0.49500,0.00762,0.98917,0.00321
8.10250,0.49500,0.00844,0.98918,0.00238
8.20250,0.49500,0.00894,0.98695,0.00411
8.30250,0.49500,0.01353,0.98553,0.00094
8.40250,0.49500,0.03507,0.95962,0.00531
8.50250,0.49500,0.01307,0.98611,0.00082
8.60250,0.49500,0.01441,0.98115,0.00444
8.70250,0.49500,0.00378,0.99321,0.00301
8.80250,0.49500,0.00857,0.98948,0.00195
8.90250,0.49500,0.00555,0.98592,0.00853
9.00250,0.49500,0.01971,0.97366,0.00663
9.10250,0.49500,0.01460,0.97646,0.00894
9.20250,0.49500,0.02440,0.97075,0.00485
9.30250,0.49500,0.01902,0.96417,0.01682
9.40250,0.49500,0.01595,0.95958,0.02447
9.50250,0.49500,0.04196,0.94700,0.01104
9.60250,0.49500,0.03033,0.96816,0.00151
9.70250,0.49500,0.06878,0.91578,0.01544
9.80250,0.49500,0.05813,0.94051,0.00136
9.90250,0.49500,0.02840,0.96523,0.00638
10.00250,0.49500,0.06267,0.93351,0.00383
10.10250,0.49500,0.02008,0.97675,0.00317
10.20250,0.49500,0.03842,0.95942,0.00216
10.30250,0.49500,0.05818,0.91026,0.03156
10.40250,0.49500,0.02636,0.96993,0.00371
10.50250,0.49500,0.05678,0.93333,0.00990
10.60250,0.49500,0.01233,0.98542,0.00225
10.70250,0.49500,0.01508,0.98168,0.00324
10.80250,0.49500,0.04610,0.93616,0.01774
10.90250,0.49500,0.21896,0.77849,0.00255
11.00250,0.49500,0.58971,0.38962,0.02068
11.10250,0.49500,0.52015,0.47616,0.00368
11.20250,0.49500,0.08339,0.89065,0.02595
11.30250,0.49500,0.13078,0.86102,0.00820
11.40250,0.49500,0.07265,0.90295,0.02440
11.50250,0.49500,0.02612,0.95586,0.01803
11.60250,0.49500,0.04844,0.91857,0.03298
11.70250,0.49500,0.03149,0.91571,0.05279
11.80250,0.49500,0.01437,0.85310,0.13253
11.90250,0.49500,0.02330,0.85123,0.12547
12.00250,0.49500,0.03393,0.85991,0.10616
12.10250,0.49500,0.00785,0.91951,0.07264
12.20250,0.49500,0.01097,0.96567,0.02336
12.30250,0.49500,0.00714,0.95719,0.03567
12.40250,0.49500,0.01335,0.96584,0.02081
12.50250,0.49500,0.00860,0.98690,0.00449
12.60250,0.49500,0.00672,0.98715,0.00613
12.70250,0.49500,0.00640,0.97607,0.01753
12.80250,0.49500,0.01614,0.96746,0.01641
12.90250,0.49500,0.21586,0.78383,0.00031
13.00250,0.49500,0.41054,0.58916,0.00030
13.10250,0.49500,0.48990,0.51002,0.00007
13.20250,0.49500,0.51333,0.48659,0.00008
13.30250,0.49500,0.25593,0.74400,0.00006
13.40250,0.49500,0.00790,0.99208,0.00002
13.50250,0.49500,0.00420,0.99579,0.00000
13.60250,0.49500,0.00281,0.99719,0.00000
13.70250,0.49500,0.00334,0.99666,0.00000
13.80250,0.49500,0.00856,0.99143,0.00000
13.90250,0.49500,0.01529,0.98471,0.00000
14.00250,0.49500,0.00813,0.99187,0.00000
14.10250,0.49500,0.01064,0.98936,0.00000
14.20250,0.49500,0.00324,0.99676,0.00000
14.30250,0.49500,0.00265,0.99735,0.00000
14.40250,0.49500,0.00476,0.99524,0.00000
14.50250,0.49500,0.00498,0.99502,0.00000
14.60250,0.49500,0.00666,0.99334,0.00000
14.70250,0.49500,0.00847,0.99152,0.00001
14.80250,0.49500,0.01013,0.98985,0.00001
14.90250,0.49500,0.00481,0.99518,0.00000
15.00250,0.49500,0.01038,0.98962,0.00000
15.10250,0.49500,0.00772,0.99228,0.00000
15.20250,0.49500,0.01760,0.98240,0.00001
15.30250,0.49500,0.01351,0.98649,0.00000
15.40250,0.49500,0.01476,0.98524,0.00000
15.50250,0.49500,0.00463,0.99537,0.00000
15.60250,0.49500,0.01003,0.98997,0.00000
15.70250,0.49500,0.00978,0.99021,0.00000
15.80250,0.49500,0.00437,0.99563,0.00000
15.90250,0.49500,0.01044,0.98956,0.00000
16.00250,0.49500,0.00729,0.99271,0.00000
16.10250,0.49500,0.01275,0.98725,0.00000
16.20250,0.49500,0.00893,0.99106,0.00000
16.30250,0.49500,0.00726,0.99274,0.00000
16.40250,0.49500,0.03315,0.96684,0.00001
16.50250,0.49500,0.01068,0.98932,0.00000
16.60250,0.49500,0.01335,0.98665,0.00000
16.70250,0.49500,0.01067,0.98933,0.00000
16.80250,0.49500,0.00993,0.99007,0.00001
16.90250,0.49500,0.02632,0.97367,0.00001
17.00250,0.49500,0.01196,0.98804,0.00000
17.10250,0.49500,0.00895,0.99105,0.00000
17.20250,0.49500,0.01402,0.98598,0.00000
17.30250,0.49500,0.01383,0.98617,0.00000
17.40250,0.49500,0.00982,0.99018,0.00000
17.50250,0.49500,0.00636,0.99362,0.00001
17.60250,0.49500,0.00739,0.99260,0.00001
17.70250,0.49500,0.00347,0.99652,0.00000
17.80250,0.49500,0.00374,0.99626,0.00000
17.90250,0.49500,0.00361,0.99639,0.00000
18.00250,0.49500,0.00891,0.99109,0.00000
18.10250,0.49500,0.02378,0.97622,0.00000
18.20250,0.49500,0.08400,0.91600,0.00000
18.30250,0.49500,0.01484,0.98516,0.00000
18.40250,0.49500,0.01419,0.98581,0.00000
18.50250,0.49500,0.01474,0.98519,0.00007
18.60250,0.49500,0.01126,0.98873,0.00001
18.70250,0.49500,0.01599,0.98400,0.00001
18.80250,0.49500,0.01220,0.98779,0.00001
18.90250,0.49500,0.00521,0.99479,0.00000
19.00250,0.49500,0.00410,0.99590,0.00000
19.10250,0.49500,0.01385,0.98615,0.00000
19.20250,0.49500,0.00939,0.99060,0.00000
19.30250,0.49500,0.04240,0.95758,0.00002
19.40250,0.49500,0.06102,0.93898,0.00000
19.50250,0.49500,0.23741,0.76258,0.00000
19.60250,0.49500,0.15506,0.84494,0.00000
19.70250,0.49500,0.13717,0.86281,0.00001
19.80250,0.49500,0.07090,0.92910,0.00000
19.90250,0.49500,0.13462,0.86538,0.00000
20.00250,0.49500,0.06779,0.93221,0.00000
20.10250,0.49500,0.04956,0.95044,0.00000
20.20250,0.49500,0.06784,0.93216,0.00000
20.30250,0.49500,0.10930,0.89070,0.00000
20.40250,0.49500,0.03512,0.96488,0.00000
20.50250,0.49500,0.01563,0.98437,0.00000
20.60250,0.49500,0.01971,0.98029,0.00000
20.70250,0.49500,0.01772,0.98226,0.00001
20.80250,0.49500,0.01690,0.98309,0.00001
20.90250,0.49500,0.02725,0.97275,0.00000
21.00250,0.49500,0.02316,0.97683,0.00000
21.10250,0.49500,0.02064,0.97936,0.00000
21.20250,0.49500,0.00778,0.99222,0.00000
21.30250,0.49500,0.00544,0.99456,0.00000
21.40250,0.49500,0.00439,0.99561,0.00000
21.50250,0.49500,0.00539,0.99461,0.00000
21.60250,0.49500,0.00651,0.99349,0.00000
21.70250,0.49500,0.00282,0.99718,0.00000
21.80250,0.49500,0.00471,0.99529,0.00000
21.90250,0.49500,0.00713,0.99287,0.00000
22.00250,0.49500,0.00451,0.99549,0.00000
22.10250,0.49500,0.00593,0.99407,0.00000
22.20250,0.49500,0.00767,0.99233,0.00000
22.30250,0.49500,0.00465,0.99535,0.00000
22.40250,0.49500,0.00719,0.99281,0.00000
22.50250,0.49500,0.00563,0.99437,0.00000
22.60250,0.49500,0.00782,0.99218,0.00000
22.70250,0.49500,0.00322,0.99678,0.00000
22.80250,0.49500,0.01960,0.98039,0.00001
22.90250,0.49500,0.00963,0.99036,0.00000
23.00250,0.49500,0.00615,0.99385,0.00000
23.10250,0.49500,0.01054,0.98942,0.00003
23.20250,0.49500,0.01137,0.98862,0.00000
23.30250,0.49500,0.00961,0.99037,0.00002
23.40250,0.49500,0.00879,0.99121,0.00000
23.50250,0.49500,0.00261,0.99739,0.00000
23.60250,0.49500,0.00332,0.99668,0.00000
23.70250,0.49500,0.00423,0.99577,0.00000
23.80250,0.49500,0.00285,0.99715,0.00000
23.90250,0.49500,0.01750,0.98250,0.00000
24.00250,0.49500,0.01756,0.98244,0.00000
24.10250,0.49500,0.01196,0.98804,0.00000
24.20250,0.49500,0.00418,0.99581,0.00000
24.30250,0.49500,0.00411,0.99588,0.00001
24.40250,0.49500,0.01720,0.98279,0.00000
24.50250,0.49500,0.02388,0.97610,0.00002
24.60250,0.49500,0.03509,0.96488,0.00003
24.70250,0.49500,0.03210,0.96790,0.00000
24.80250,0.49500,0.02456,0.97543,0.00001
24.90250,0.49500,0.04866,0.95134,0.00000
25.00250,0.49500,0.06879,0.93120,0.00000
25.10250,0.49500,0.01109,0.98890,0.00000
25.20250,0.49500,0.01081,0.98919,0.00000
25.30250,0.49500,0.02932,0.97066,0.00002
25.40250,0.49500,0.01599,0.98401,0.00000
25.50250,0.49500,0.02043,0.97957,0.00000
25.60250,0.49500,0.01392,0.98608,0.00000
25.70250,0.49500,0.01958,0.98042,0.00000
25.80250,0.49500,0.01528,0.98472,0.00000
25.90250,0.49500,0.05362,0.94636,0.00002
26.00250,0.49500,0.09545,0.90455,0.00000
26.10250,0.49500,0.14978,0.85021,0.00001
26.20250,0.49500,0.13283,0.86716,0.00001
26.30250,0.49500,0.01206,0.98794,0.00000
26.40250,0.49500,0.01171,0.98828,0.00000
26.50250,0.49500,0.02111,0.97887,0.00002
26.60250,0.49500,0.00816,0.99183,0.00000
26.70250,0.49500,0.01338,0.98661,0.00000
26.80250,0.49500,0.00660,0.99339,0.00001
26.90250,0.49500,0.01323,0.98677,0.00000
27.00250,0.49500,0.01527,0.98473,0.00000
27.10250,0.49500,0.02459,0.97540,0.00000
27.20250,0.49500,0.01504,0.98496,0.00000
27.30250,0.49500,0.01599,0.98401,0.00000
27.40250,0.49500,0.02987,0.97013,0.00000
27.50250,0.49500,0.01032,0.98968,0.00000
27.60250,0.49500,0.00862,0.99138,0.00000
27.70250,0.49500,0.00468,0.99531,0.00000
27.80250,0.49500,0.00152,0.99848,0.00000
27.90250,0.49500,0.00419,0.99581,0.00000
28.00250,0.49500,0.00445,0.99555,0.00000
28.10250,0.49500,0.01211,0.98789,0.00000
28.20250,0.49500,0.00550,0.99450,0.00000
28.30250,0.49500,0.01024,0.98975,0.00001
28.40250,0.49500,0.01701,0.98298,0.00001
28.50250,0.49500,0.00773,0.99226,0.00001
28.60250,0.49500,0.01255,0.98745,0.00000
28.70250,0.49500,0.00590,0.99410,0.00000
28.80250,0.49500,0.00381,0.99619,0.00000
28.90250,0.49500,0.00793,0.99207,0.00000
29.00250,0.49500,0.01730,0.98270,0.00000
29.10250,0.49500,0.01635,0.98365,0.00000
29.20250,0.49500,0.02818,0.97182,0.00001
29.30250,0.49500,0.03553,0.96447,0.00000
29.40250,0.49500,0.10660,0.89339,0.00001
29.50250,0.49500,0.06166,0.93834,0.00000
29.60250,0.49500,0.02002,0.97998,0.00000
29.70250,0.49500,0.04781,0.95219,0.00000
29.80250,0.49500,0.01968,0.98032,0.00000
29.90250,0.49500,0.05995,0.94005,0.00000
30.00250,0.49500,0.01776,0.98224,0.00000
30.10250,0.49500,0.03767,0.96233,0.00000
30.20250,0.49500,0.03182,0.96818,0.00000
30.30250,0.49500,0.02592,0.97408,0.00000
30.40250,0.49500,0.04487,0.95513,0.00000
30.50250,0.49500,0.02100,0.97899,0.00001
30.60250,0.49500,0.01118,0.98882,0.00000
30.70250,0.49500,0.02094,0.97905,0.00001
30.80250,0.49500,0.00805,0.99195,0.00000
30.90250,0.49500,0.01236,0.98764,0.00000
31.00250,0.49500,0.02224,0.97776,0.00000
31.10250,0.49500,0.01009,0.98990,0.00001
31.20250,0.49500,0.00823,0.99177,0.00000
31.30250,0.49500,0.00986,0.99014,0.00000
31.40250,0.49500,0.01482,0.98518,0.00000
31.50250,0.49500,0.01411,0.98588,0.00001
31.60250,0.49500,0.00585,0.99414,0.00000
31.70250,0.49500,0.00533,0.99467,0.00000
31.80250,0.49500,0.00630,0.99369,0.00001
31.90250,0.49500,0.00523,0.99475,0.00003
32.00250,0.49500,0.00922,0.99077,0.00001
32.10250,0.49500,0.00604,0.99395,0.00000
32.20250,0.49500,0.01302,0.98697,0.00000
32.30250,0.49500,0.00438,0.99562,0.00000
32.40250,0.49500,0.00768,0.99232,0.00000
32.50250,0.49500,0.02861,0.97139,0.00000
32.60250,0.49500,0.02165,0.97835,0.00000
32.70250,0.49500,0.04587,0.95413,0.00000
32.80250,0.49500,0.02164,0.97834,0.00001
32.90250,0.49500,0.00961,0.99039,0.00000
33.00250,0.49500,0.00299,0.99701,0.00000
33.10250,0.49500,0.00910,0.99090,0.00000
33.20250,0.49500,0.00854,0.99146,0.00000
33.30250,0.49500,0.00773,0.99227,0.00000
33.40250,0.49500,0.00580,0.99420,0.00000
33.50250,0.49500,0.00283,0.99717,0.00000
33.60250,0.49500,0.00422,0.99578,0.00000
33.70250,0.49500,0.00362,0.99638,0.00000
33.80250,0.49500,0.00327,0.99673,0.00000
33.90250,0.49500,0.00515,0.99485,0.00000
34.00250,0.49500,0.00465,0.99535,0.00000
34.10250,0.49500,0.00674,0.99326,0.00000
34.20250,0.49500,0.00315,0.99685,0.00000
34.30250,0.49500,0.01971,0.98029,0.00000
34.40250,0.49500,0.04356,0.95644,0.00000
34.50250,0.49500,0.11934,0.88066,0.00000
34.60250,0.49500,0.04756,0.95244,0.00000
34.70250,0.49500,0.05761,0.94239,0.00000
34.80250,0.49500,0.04371,0.95629,0.00000
34.90250,0.49500,0.01259,0.98741,0.00000
35.00250,0.49500,0.02955,0.97045,0.00000
35.10250,0.49500,0.00769,0.99231,0.00000
35.20250,0.49500,0.02150,0.97850,0.00000
35.30250,0.49500,0.01674,0.98326,0.00000
35.40250,0.49500,0.00609,0.99391,0.00000
35.50250,0.49500,0.00561,0.99439,0.00000
35.60250,0.49500,0.00214,0.99786,0.00000
35.70250,0.49500,0.00990,0.99010,0.00000
35.80250,0.49500,0.01449,0.98551,0.00000
35.90250,0.49500,0.00828,0.99172,0.00000
36.00250,0.49500,0.01345,0.98655,0.00000
36.10250,0.49500,0.00824,0.99176,0.00000
36.20250,0.49500,0.01309,0.98691,0.00000
36.30250,0.49500,0.02148,0.97852,0.00000
36.40250,0.49500,0.01412,0.98588,0.00000
36.50250,0.49500,0.03198,0.96802,0.00000
36.60250,0.49500,0.02453,0.97547,0.00000
36.70250,0.49500,0.02522,0.97478,0.00000
36.80250,0.49500,0.03229,0.96771,0.00000
36.90250,0.49500,0.01616,0.98384,0.00000
37.00250,0.49500,0.02264,0.97736,0.00000
37.10250,0.49500,0.02781,0.97219,0.00000
37.20250,0.49500,0.01509,0.98491,0.00000
37.30250,0.49500,0.00799,0.99201,0.00000
37.40250,0.49500,0.01477,0.98523,0.00000
37.50250,0.49500,0.02779,0.97221,0.00000
37.60250,0.49500,0.02258,0.97742,0.00000
37.70250,0.49500,0.02470,0.97530,0.00000
37.80250,0.49500,0.01471,0.98529,0.00000
37.90250,0.49500,0.00590,0.99410,0.00000
38.00250,0.49500,0.00799,0.99201,0.00000
38.10250,0.49500,0.02379,0.97620,0.00000
38.20250,0.49500,0.01235,0.98765,0.00000
38.30250,0.49500,0.01226,0.98774,0.00000
38.40250,0.49500,0.03245,0.96755,0.00000
38.50250,0.49500,0.08724,0.91276,0.00000
38.60250,0.49500,0.03539,0.96461,0.00000
38.70250,0.49500,0.02194,0.97805,0.00000
38.80250,0.49500,0.02283,0.97717,0.00000
38.90250,0.49500,0.00905,0.99095,0.00000
39.00250,0.49500,0.01520,0.98480,0.00000
39.10250,0.49500,0.00688,0.99312,0.00000
39.20250,0.49500,0.04287,0.95713,0.00000
39.30250,0.49500,0.10216,0.89784,0.00000
39.40250,0.49500,0.09254,0.90746,0.00000
39.50250,0.49500,0.05680,0.94320,0.00000
39.60250,0.49500,0.00935,0.99065,0.00000
39.70250,0.49500,0.01529,0.98471,0.00000
39.80250,0.49500,0.01019,0.98981,0.00000
39.90250,0.49500,0.00481,0.99519,0.00000
40.00250,0.49500,0.00299,0.99701,0.00000
40.10250,0.49500,0.00504,0.99496,0.00000
40.20250,0.49500,0.00946,0.99054,0.00000
40.30250,0.49500,0.01539,0.98461,0.00000
40.40250,0.49500,0.04280,0.95720,0.00000
40.50250,0.49500,0.01295,0.98704,0.00000
40.60250,0.49500,0.01186,0.98814,0.00000
40.70250,0.49500,0.00727,0.99273,0.00000
40.80250,0.49500,0.00262,0.99738,0.00000
40.90250,0.49500,0.00251,0.99749,0.00000
41.00250,0.49500,0.00425,0.99575,0.00000
41.10250,0.49500,0.00356,0.99644,0.00000
41.20250,0.49500,0.00237,0.99763,0.00000
41.30250,0.49500,0.00296,0.99704,0.00000
41.40250,0.49500,0.00222,0.99778,0.00000
41.50250,0.49500,0.00227,0.99773,0.00000
41.60250,0.49500,0.00195,0.99805,0.00000
41.70250,0.49500,0.00186,0.99814,0.00000
41.80250,0.49500,0.00198,0.99802,0.00000
41.90250,0.49500,0.00212,0.99788,0.00000
42.00250,0.49500,0.00358,0.99642,0.00000
42.10250,0.49500,0.00188,0.99812,0.00000
42.20250,0.49500,0.00894,0.99106,0.00000
42.30250,0.49500,0.00895,0.99105,0.00000
42.40250,0.49500,0.01091,0.98909,0.00000
42.50250,0.49500,0.00958,0.99042,0.00000
42.60250,0.49500,0.00474,0.99526,0.00000
42.70250,0.49500,0.00514,0.99486,0.00000
42.80250,0.49500,0.01463,0.98537,0.00000
42.90250,0.49500,0.00959,0.99041,0.00000
43.00250,0.49500,0.00937,0.99063,0.00000
43.10250,0.49500,0.00784,0.99216,0.00000
43.20250,0.49500,0.00559,0.99441,0.00000
43.30250,0.49500,0.00717,0.99283,0.00000
43.40250,0.49500,0.00739,0.99261,0.00000
43.50250,0.49500,0.00350,0.99650,0.00000
43.60250,0.49500,0.00452,0.99548,0.00000
43.70250,0.49500,0.02045,0.97955,0.00000
43.80250,0.49500,0.01087,0.98913,0.00000
43.90250,0.49500,0.01176,0.98824,0.00000
44.00250,0.49500,0.01235,0.98764,0.00000
44.10250,0.49500,0.00652,0.99347,0.00000
44.20250,0.49500,0.00446,0.99554,0.00000
44.30250,0.49500,0.00414,0.99586,0.00000
44.40250,0.49500,0.00430,0.99570,0.00000
44.50250,0.49500,0.00466,0.99533,0.00000
44.60250,0.49500,0.00776,0.99224,0.00000
44.70250,0.49500,0.00777,0.99223,0.00000
44.80250,0.49500,0.00391,0.99609,0.00000
44.90250,0.49500,0.00484,0.99516,0.00000
45.00250,0.49500,0.00270,0.99729,0.00000
45.10250,0.49500,0.00272,0.99727,0.00000
45.20250,0.49500,0.00531,0.99468,0.00000
45.30250,0.49500,0.00883,0.99116,0.00000
45.40250,0.49500,0.02723,0.97277,0.00000
45.50250,0.49500,0.01226,0.98774,0.00000
45.60250,0.49500,0.00855,0.99144,0.00000
45.70250,0.49500,0.01609,0.98391,0.00000
45.80250,0.49500,0.02127,0.97873,0.00000
45.90250,0.49500,0.03533,0.96466,0.00001
46.00250,0.49500,0.00796,0.99204,0.00000
46.10250,0.49500,0.01341,0.98659,0.00000
46.20250,0.49500,0.02315,0.97685,0.00000
46.30250,0.49500,0.01783,0.98217,0.00000
46.40250,0.49500,0.02966,0.97034,0.00000
46.50250,0.49500,0.02068,0.97931,0.00000
46.60250,0.49500,0.00828,0.99172,0.00000
46.70250,0.49500,0.02529,0.97471,0.00000
46.80250,0.49500,0.02461,0.97539,0.00000
46.90250,0.49500,0.04464,0.95536,0.00000
47.00250,0.49500,0.07993,0.92007,0.00000
47.10250,0.49500,0.04415,0.95585,0.00000
47.20250,0.49500,0.04241,0.95759,0.00000
47.30250,0.49500,0.01307,0.98693,0.00000
47.40250,0.49500,0.03944,0.96056,0.00000
47.50250,0.49500,0.03343,0.96657,0.00000
47.60250,0.49500,0.02887,0.97113,0.00000
47.70250,0.49500,0.06866,0.93134,0.00000
47.80250,0.49500,0.06822,0.93178,0.00000
47.90250,0.49500,0.25849,0.74151,0.00000
48.00250,0.49500,0.24621,0.75379,0.00000
48.10250,0.49500,0.31503,0.68497,0.00000
48.20250,0.49500,0.32236,0.67764,0.00000
48.30250,0.49500,0.17366,0.82634,0.00000
48.40250,0.49500,0.04437,0.95563,0.00000
48.50250,0.49500,0.02012,0.97988,0.00000
48.60250,0.49500,0.01537,0.98462,0.00000
48.70250,0.49500,0.01032,0.98968,0.00000
48.80250,0.49500,0.00811,0.99189,0.00000
48.90250,0.49500,0.00714,0.99286,0.00000
49.00250,0.49500,0.00517,0.99483,0.00000
49.10250,0.49500,0.00336,0.99664,0.00000
49.20250,0.49500,0.00366,0.99634,0.00000
49.30250,0.49500,0.01005,0.98995,0.00000
49.40250,0.49500,0.01091,0.98909,0.00000
49.50250,0.49500,0.01948,0.98052,0.00000
49.60250,0.49500,0.01109,0.98891,0.00000
49.70250,0.49500,0.00610,0.99390,0.00000
49.80250,0.49500,0.01183,0.98817,0.00000
49.90250,0.49500,0.00672,0.99327,0.00000
50.00250,0.49500,0.01659,0.98341,0.00000
50.10250,0.49500,0.00304,0.99696,0.00000
50.20250,0.49500,0.00327,0.99673,0.00000
50.30250,0.49500,0.00267,0.99733,0.00000
50.40250,0.49500,0.00165,0.99835,0.00000
50.50250,0.49500,0.00242,0.99758,0.00000
50.60250,0.49500,0.00108,0.99892,0.00000
50.70250,0.49500,0.00220,0.99780,0.00000
50.80250,0.49500,0.00428,0.99572,0.00000
50.90250,0.49500,0.00534,0.99466,0.00000
51.00250,0.49500,0.00723,0.99277,0.00000
51.10250,0.49500,0.00519,0.99481,0.00000
51.20250,0.49500,0.00350,0.99650,0.00000
51.30250,0.49500,0.00371,0.99629,0.00000
51.40250,0.49500,0.00284,0.99716,0.00000
51.50250,0.49500,0.00554,0.99446,0.00000
51.60250,0.49500,0.00184,0.99816,0.00000
51.70250,0.49500,0.00172,0.99828,0.00000
51.80250,0.49500,0.00213,0.99787,0.00000
51.90250,0.49500,0.00246,0.99754,0.00000
52.00250,0.49500,0.00499,0.99501,0.00000
52.10250,0.49500,0.00553,0.99447,0.00000
52.20250,0.49500,0.00593,0.99407,0.00000
52.30250,0.49500,0.00582,0.99418,0.00000
52.40250,0.49500,0.00280,0.99720,0.00000
52.50250,0.49500,0.00201,0.99799,0.00000
52.60250,0.49500,0.00286,0.99714,0.00000
52.70250,0.49500,0.00542,0.99458,0.00000
52.80250,0.49500,0.00369,0.99631,0.00000
52.90250,0.49500,0.00293,0.99707,0.00000
53.00250,0.49500,0.00157,0.99843,0.00000
53.10250,0.49500,0.00232,0.99768,0.00000
53.20250,0.49500,0.00200,0.99800,0.00000
53.30250,0.49500,0.00201,0.99799,0.00000
53.40250,0.49500,0.00240,0.99760,0.00000
53.50250,0.49500,0.00464,0.99536,0.00000
53.60250,0.49500,0.00774,0.99226,0.00000
53.70250,0.49500,0.00899,0.99101,0.00000
53.80250,0.49500,0.01185,0.98815,0.00000
53.90250,0.49500,0.00528,0.99471,0.00001
54.00250,0.49500,0.00343,0.99656,0.00000
54.10250,0.49500,0.00265,0.99734,0.00000
54.20250,0.49500,0.00313,0.99686,0.00000
54.30250,0.49500,0.00430,0.99569,0.00000
54.40250,0.49500,0.00277,0.99723,0.00000
54.50250,0.49500,0.00291,0.99709,0.00000
54.60250,0.49500,0.00171,0.99829,0.00000
54.70250,0.49500,0.00262,0.99738,0.00000
54.80250,0.49500,0.00300,0.99700,0.00000
54.90250,0.49500,0.00225,0.99775,0.00000
55.00250,0.49500,0.00166,0.99834,0.00000
55.10250,0.49500,0.00274,0.99726,0.00000
55.20250,0.49500,0.00522,0.99478,0.00000
55.30250,0.49500,0.00425,0.99575,0.00000
55.40250,0.49500,0.00445,0.99555,0.00000
55.50250,0.49500,0.00230,0.99770,0.00000
55.60250,0.49500,0.00408,0.99592,0.00000
55.70250,0.49500,0.00302,0.99698,0.00000
55.80250,0.49500,0.00970,0.99030,0.00000
55.90250,0.49500,0.00353,0.99646,0.00000
56.00250,0.49500,0.00435,0.99565,0.00000
56.10250,0.49500,0.00491,0.99509,0.00000
56.20250,0.49500,0.00204,0.99796,0.00000
56.30250,0.49500,0.00313,0.99687,0.00000
56.40250,0.49500,0.00200,0.99800,0.00000
56.50250,0.49500,0.00219,0.99781,0.00000
56.60250,0.49500,0.00119,0.99881,0.00000
56.70250,0.49500,0.00201,0.99799,0.00000
56.80250,0.49500,0.00246,0.99754,0.00000
56.90250,0.49500,0.00156,0.99844,0.00000
57.00250,0.49500,0.00234,0.99766,0.00000
57.10250,0.49500,0.00264,0.99736,0.00000
57.20250,0.49500,0.00588,0.99412,0.00000
57.30250,0.49500,0.00901,0.99099,0.00000
57.40250,0.49500,0.01527,0.98473,0.00000
57.50250,0.49500,0.00781,0.99219,0.00000
57.60250,0.49500,0.00649,0.99350,0.00000
57.70250,0.49500,0.00424,0.99576,0.00000
57.80250,0.49500,0.00404,0.99595,0.00000
57.90250,0.49500,0.00626,0.99374,0.00000
58.00250,0.49500,0.00429,0.99571,0.00000
58.10250,0.49500,0.00709,0.99290,0.00000
58.20250,0.49500,0.00403,0.99597,0.00000
58.30250,0.49500,0.00353,0.99647,0.00000
58.40250,0.49500,0.00416,0.99584,0.00000
58.50250,0.49500,0.00525,0.99474,0.00000
58.60250,0.49500,0.00389,0.99611,0.00000
58.70250,0.49500,0.00372,0.99628,0.00000
58.80250,0.49500,0.00357,0.99643,0.00000
58.90250,0.49500,0.00288,0.99712,0.00000
59.00250,0.49500,0.00338,0.99661,0.00000
59.10250,0.49500,0.00396,0.99604,0.00000
59.20250,0.49500,0.00241,0.99759,0.00000
59.30250,0.49500,0.00607,0.99393,0.00000
59.40250,0.49500,0.01187,0.98813,0.00000
59.50250,0.49500,0.00871,0.99129,0.00000
59.60250,0.49500,0.01089,0.98911,0.00000
59.70250,0.49500,0.01535,0.98465,0.00000
59.80250,0.49500,0.01999,0.98001,0.00000
59.90250,0.49500,0.01387,0.98613,0.00000
60.00250,0.49500,0.00786,0.99214,0.00000
60.10250,0.49500,0.01344,0.98656,0.00000
60.20250,0.49500,0.00538,0.99462,0.00000
60.30250,0.49500,0.00917,0.99083,0.00000
60.40250,0.49500,0.00903,0.99097,0.00000
60.50250,0.49500,0.01279,0.98721,0.00000
60.60250,0.49500,0.01086,0.98914,0.00000
60.70250,0.49500,0.03288,0.96712,0.00000
60.80250,0.49500,0.01633,0.98367,0.00000
60.90250,0.49500,0.00858,0.99142,0.00000
61.00250,0.49500,0.00900,0.99100,0.00000
61.10250,0.49500,0.00666,0.99334,0.00000
61.20250,0.49500,0.00355,0.99645,0.00000
61.30250,0.49500,0.00371,0.99629,0.00000
61.40250,0.49500,0.00619,0.99381,0.00000
61.50250,0.49500,0.00377,0.99623,0.00000
61.60250,0.49500,0.00373,0.99627,0.00000
61.70250,0.49500,0.01344,0.98656,0.00000
61.80250,0.49500,0.01363,0.98637,0.00001
61.90250,0.49500,0.00911,0.99088,0.00000
62.00250,0.49500,0.00577,0.99423,0.00001
62.10250,0.49500,0.00429,0.99569,0.00002
62.20250,0.49500,0.00407,0.99592,0.00001
62.30250,0.49500,0.00576,0.99423,0.00000
62.40250,0.49500,0.00520,0.99480,0.00000
62.50250,0.49500,0.00439,0.99561,0.00000
62.60250,0.49500,0.00806,0.99194,0.00000
62.70250,0.49500,0.01352,0.98648,0.00000
62.80250,0.49500,0.00887,0.99113,0.00000
62.90250,0.49500,0.00954,0.99046,0.00000
63.00250,0.49500,0.00915,0.99085,0.00000
63.10250,0.49500,0.00972,0.99028,0.00000
63.20250,0.49500,0.01235,0.98765,0.00000
63.30250,0.49500,0.02429,0.97571,0.00000
63.40250,0.49500,0.01419,0.98581,0.00000
63.50250,0.49500,0.01998,0.98002,0.00000
63.60250,0.49500,0.02346,0.97654,0.00000
63.70250,0.49500,0.00843,0.99156,0.00001
63.80250,0.49500,0.01647,0.98352,0.00001
63.90250,0.49500,0.00903,0.99097,0.00000
64.00250,0.49500,0.01632,0.98367,0.00000
64.10250,0.49500,0.02214,0.97785,0.00001
64.20250,0.49500,0.01715,0.98285,0.00000
64.30250,0.49500,0.02856,0.97144,0.00001
64.40250,0.49500,0.01795,0.98205,0.00000
64.50250,0.49500,0.07078,0.92921,0.00001
64.60250,0.49500,0.06859,0.93141,0.00000
64.70250,0.49500,0.08220,0.91780,0.00000
64.80250,0.49500,0.05942,0.94058,0.00000
64.90250,0.49500,0.03007,0.96992,0.00001
65.00250,0.49500,0.00437,0.99563,0.00000
65.10250,0.49500,0.00908,0.99092,0.00000
65.20250,0.49500,0.00807,0.99193,0.00000
65.30250,0.49500,0.01489,0.98511,0.00000
65.40250,0.49500,0.00943,0.99057,0.00000
65.50250,0.49500,0.00192,0.99808,0.00000
65.60250,0.49500,0.00796,0.99204,0.00000
65.70250,0.49500,0.01241,0.98759,0.00000
65.80250,0.49500,0.01760,0.98239,0.00000
65.90250,0.49500,0.02406,0.97594,0.00000
66.00250,0.49500,0.01711,0.98289,0.00000
66.10250,0.49500,0.01682,0.98318,0.00000
66.20250,0.49500,0.00695,0.99305,0.00000
66.30250,0.49500,0.01442,0.98558,0.00000
66.40250,0.49500,0.00822,0.99178,0.00000
66.50250,0.49500,0.00890,0.99110,0.00000
66.60250,0.49500,0.00946,0.99054,0.00000
66.70250,0.49500,0.00767,0.99233,0.00000
66.80250,0.49500,0.00603,0.99397,0.00000
66.90250,0.49500,0.00633,0.99366,0.00000
67.00250,0.49500,0.00543,0.99457,0.00000
67.10250,0.49500,0.00561,0.99439,0.00000
67.20250,0.49500,0.00463,0.99537,0.00000
67.30250,0.49500,0.00586,0.99414,0.00000
67.40250,0.49500,0.00458,0.99542,0.00000
67.50250,0.49500,0.00381,0.99619,0.00000
67.60250,0.49500,0.00480,0.99520,0.00000
67.70250,0.49500,0.00379,0.99621,0.00000
67.80250,0.49500,0.00351,0.99648,0.00000
67.90250,0.49500,0.00472,0.99528,0.00000
68.00250,0.49500,0.00788,0.99212,0.00000
68.10250,0.49500,0.00536,0.99464,0.00000
68.20250,0.49500,0.00606,0.99394,0.00000
68.30250,0.49500,0.00335,0.99665,0.00000
68.40250,0.49500,0.00247,0.99753,0.00000
68.50250,0.49500,0.00671,0.99329,0.00000
68.60250,0.49500,0.00479,0.99521,0.00000
68.70250,0.49500,0.00521,0.99479,0.00000
68.80250,0.49500,0.01869,0.98131,0.00000
68.90250,0.49500,0.00691,0.99309,0.00000
69.00250,0.49500,0.00889,0.99111,0.00000
69.10250,0.49500,0.00620,0.99380,0.00000
69.20250,0.49500,0.01000,0.99000,0.00000
69.30250,0.49500,0.00751,0.99249,0.00000
69.40250,0.49500,0.01053,0.98947,0.00000
69.50250,0.49500,0.02321,0.97679,0.00000
69.60250,0.49500,0.01181,0.98819,0.00000
69.70250,0.49500,0.01857,0.98143,0.00000
69.80250,0.49500,0.01114,0.98886,0.00000
69.90250,0.49500,0.00331,0.99669,0.00000
70.00250,0.49500,0.00408,0.99592,0.00000
70.10250,0.49500,0.00417,0.99583,0.00000
70.20250,0.49500,0.00652,0.99348,0.00000
70.30250,0.49500,0.00661,0.99339,0.00000
70.40250,0.49500,0.00747,0.99252,0.00000
70.50250,0.49500,0.02458,0.97542,0.00001
70.60250,0.49500,0.00922,0.99078,0.00000
70.70250,0.49500,0.00568,0.99432,0.00000
70.80250,0.49500,0.01430,0.98569,0.00001
70.90250,0.49500,0.00641,0.99359,0.00000
71.00250,0.49500,0.00744,0.99256,0.00000
71.10250,0.49500,0.01178,0.98822,0.00000
71.20250,0.49500,0.00752,0.99248,0.00000
71.30250,0.49500,0.00576,0.99424,0.00000
71.40250,0.49500,0.00958,0.99042,0.00000
71.50250,0.49500,0.00594,0.99406,0.00000
71.60250,0.49500,0.00704,0.99296,0.00000
71.70250,0.49500,0.00532,0.99468,0.00000
71.80250,0.49500,0.00781,0.99218,0.00000
71.90250,0.49500,0.00907,0.99093,0.00000
72.00250,0.49500,0.00542,0.99458,0.00000
72.10250,0.49500,0.00478,0.99522,0.00000
72.20250,0.49500,0.00811,0.99188,0.00000
72.30250,0.49500,0.00415,0.99585,0.00000
72.40250,0.49500,0.00412,0.99588,0.00000
72.50250,0.49500,0.00517,0.99483,0.00000
72.60250,0.49500,0.00269,0.99731,0.00000
72.70250,0.49500,0.00369,0.99631,0.00000
72.80250,0.49500,0.00175,0.99825,0.00000
72.90250,0.49500,0.00221,0.99779,0.00000
73.00250,0.49500,0.00261,0.99739,0.00000
73.10250,0.49500,0.00142,0.99858,0.00000
73.20250,0.49500,0.00427,0.99572,0.00000
73.30250,0.49500,0.00314,0.99686,0.00000
73.40250,0.49500,0.00472,0.99528,0.00000
73.50250,0.49500,0.00684,0.99316,0.00000
73.60250,0.49500,0.00468,0.99532,0.00000
73.70250,0.49500,0.00582,0.99418,0.00000
73.80250,0.49500,0.00509,0.99491,0.00000
73.90250,0.49500,0.00446,0.99554,0.00000
74.00250,0.49500,0.00908,0.99092,0.00000
74.10250,0.49500,0.01245,0.98755,0.00001
74.20250,0.49500,0.00710,0.99290,0.00001
74.30250,0.49500,0.00639,0.99360,0.00000
74.40250,0.49500,0.00482,0.99517,0.00001
74.50250,0.49500,0.00387,0.99612,0.00001
74.60250,0.49500,0.00242,0.99758,0.00000
74.70250,0.49500,0.00189,0.99811,0.00000
74.80250,0.49500,0.00146,0.99854,0.00000
74.90250,0.49500,0.00217,0.99783,0.00000
75.00250,0.49500,0.00225,0.99775,0.00000
75.10250,0.49500,0.00166,0.99834,0.00000
75.20250,0.49500,0.00308,0.99692,0.00000
75.30250,0.49500,0.00377,0.99622,0.00001
75.40250,0.49500,0.00209,0.99791,0.00000
75.50250,0.49500,0.00294,0.99706,0.00000
75.60250,0.49500,0.00442,0.99558,0.00000
75.70250,0.49500,0.00384,0.99616,0.00000
75.80250,0.49500,0.01274,0.98726,0.00000
75.90250,0.49500,0.00702,0.99298,0.00000
76.00250,0.49500,0.00488,0.99512,0.00000
76.10250,0.49500,0.00474,0.99525,0.00000
76.20250,0.49500,0.00499,0.99501,0.00000
76.30250,0.49500,0.00257,0.99743,0.00000
76.40250,0.49500,0.00405,0.99595,0.00000
76.50250,0.49500,0.00293,0.99707,0.00000
76.60250,0.49500,0.00482,0.99518,0.00000
76.70250,0.49500,0.00388,0.99612,0.00000
76.80250,0.49500,0.00239,0.99761,0.00000
76.90250,0.49500,0.00241,0.99758,0.00000
77.00250,0.49500,0.00268,0.99732,0.00000
77.10250,0.49500,0.00188,0.99812,0.00000
77.20250,0.49500,0.00206,0.99794,0.00000
77.30250,0.49500,0.00238,0.99762,0.00000
77.40250,0.49500,0.00199,0.99800,0.00000
77.50250,0.49500,0.00241,0.99759,0.00000
77.60250,0.49500,0.00158,0.99842,0.00000
77.70250,0.49500,0.00221,0.99779,0.00000
77.80250,0.49500,0.00257,0.99743,0.00000
77.90250,0.49500,0.00392,0.99608,0.00000
78.00250,0.49500,0.00332,0.99668,0.00000
78.10250,0.49500,0.00479,0.99521,0.00000
78.20250,0.49500,0.00629,0.99371,0.00000
78.30250,0.49500,0.00660,0.99340,0.00000
78.40250,0.49500,0.00646,0.99354,0.00000
78.50250,0.49500,0.00470,0.99530,0.00000
78.60250,0.49500,0.00653,0.99347,0.00000
78.70250,0.49500,0.00467,0.99533,0.00000
78.80250,0.49500,0.00536,0.99464,0.00000
78.90250,0.49500,0.00378,0.99622,0.00000
79.00250,0.49500,0.00473,0.99527,0.00000
79.10250,0.49500,0.00839,0.99161,0.00000
79.20250,0.49500,0.00648,0.99352,0.00000
79.30250,0.49500,0.00476,0.99524,0.00000
79.40250,0.49500,0.00596,0.99404,0.00000
79.50250,0.49500,0.00211,0.99789,0.00000
79.60250,0.49500,0.00212,0.99788,0.00000
79.70250,0.49500,0.00287,0.99713,0.00000
79.80250,0.49500,0.00514,0.99486,0.00000
79.90250,0.49500,0.00457,0.99543,0.00000
80.00250,0.49500,0.00887,0.99113,0.00000
80.10250,0.49500,0.01046,0.98954,0.00000
80.20250,0.49500,0.00652,0.99348,0.00000
80.30250,0.49500,0.00782,0.99217,0.00000
80.40250,0.49500,0.00648,0.99351,0.00000
80.50250,0.49500,0.00557,0.99443,0.00000
80.60250,0.49500,0.00434,0.99565,0.00000
80.70250,0.49500,0.00350,0.99650,0.00000
80.80250,0.49500,0.01110,0.98890,0.00000
80.90250,0.49500,0.00876,0.99124,0.00000
81.00250,0.49500,0.01091,0.98909,0.00000
81.10250,0.49500,0.00467,0.99533,0.00000
81.20250,0.49500,0.00310,0.99690,0.00000
81.30250,0.49500,0.00557,0.99443,0.00000
81.40250,0.49500,0.00377,0.99623,0.00000
81.50250,0.49500,0.00372,0.99628,0.00000
81.60250,0.49500,0.01088,0.98912,0.00000
81.70250,0.49500,0.02271,0.97729,0.00000
81.80250,0.49500,0.02079,0.97921,0.00000
81.90250,0.49500,0.02539,0.97461,0.00000
82.00250,0.49500,0.03312,0.96687,0.00001
82.10250,0.49500,0.01589,0.98411,0.00000
82.20250,0.49500,0.00580,0.99419,0.00000
82.30250,0.49500,0.00611,0.99389,0.00000
82.40250,0.49500,0.01059,0.98941,0.00001
82.50250,0.49500,0.00969,0.99031,0.00000
82.60250,0.49500,0.00643,0.99357,0.00000
82.70250,0.49500,0.01746,0.98253,0.00000
82.80250,0.49500,0.02824,0.97176,0.00000
82.90250,0.49500,0.01435,0.98565,0.00000
83.00250,0.49500,0.01550,0.98450,0.00000
83.10250,0.49500,0.00810,0.99190,0.00000
83.20250,0.49500,0.00323,0.99677,0.00000
83.30250,0.49500,0.00370,0.99630,0.00000
83.40250,0.49500,0.00401,0.99599,0.00000
83.50250,0.49500,0.00385,0.99615,0.00000
83.60250,0.49500,0.00420,0.99580,0.00000
83.70250,0.49500,0.00653,0.99347,0.00000
83.80250,0.49500,0.00893,0.99107,0.00000
83.90250,0.49500,0.01082,0.98918,0.00000
84.00250,0.49500,0.01821,0.98179,0.00000
84.10250,0.49500,0.00652,0.99348,0.00000
84.20250,0.49500,0.01869,0.98131,0.00000
84.30250,0.49500,0.00564,0.99436,0.00000
84.40250,0.49500,0.00377,0.99623,0.00000
84.50250,0.49500,0.00414,0.99585,0.00000
84.60250,0.49500,0.00495,0.99505,0.00000
84.70250,0.49500,0.00380,0.99620,0.00000
84.80250,0.49500,0.00452,0.99548,0.00000
84.90250,0.49500,0.00636,0.99364,0.00000
85.00250,0.49500,0.02880,0.97120,0.00000
85.10250,0.49500,0.01308,0.98692,0.00000
85.20250,0.49500,0.04316,0.95684,0.00000
85.30250,0.49500,0.01944,0.98056,0.00000
85.40250,0.49500,0.01566,0.98434,0.00000
85.50250,0.49500,0.01837,0.98163,0.00000
85.60250,0.49500,0.01065,0.98935,0.00000
85.70250,0.49500,0.00862,0.99138,0.00000
85.80250,0.49500,0.00835,0.99165,0.00000
85.90250,0.49500,0.00626,0.99373,0.00000
86.00250,0.49500,0.00548,0.99452,0.00000
86.10250,0.49500,0.00928,0.99072,0.00000
86.20250,0.49500,0.01216,0.98784,0.00000
86.30250,0.49500,0.00895,0.99105,0.00000
86.40250,0.49500,0.00623,0.99377,0.00000
86.50250,0.49500,0.00404,0.99596,0.00000
86.60250,0.49500,0.00670,0.99330,0.00000
86.70250,0.49500,0.00636,0.99364,0.00000
86.80250,0.49500,0.00768,0.99232,0.00000
86.90250,0.49500,0.01118,0.98882,0.00000
87.00250,0.49500,0.01405,0.98595,0.00000
87.10250,0.49500,0.00427,0.99573,0.00000
87.20250,0.49500,0.00540,0.99459,0.00000
87.30250,0.49500,0.00318,0.99682,0.00000
87.40250,0.49500,0.00258,0.99742,0.00000
87.50250,0.49500,0.00238,0.99762,0.00000
87.60250,0.49500,0.00285,0.99715,0.00000
87.70250,0.49500,0.00806,0.99193,0.00000
87.80250,0.49500,0.00620,0.99380,0.00000
87.90250,0.49500,0.00423,0.99577,0.00000
88.00250,0.49500,0.00946,0.99053,0.00000
88.10250,0.49500,0.00256,0.99744,0.00000
88.20250,0.49500,0.00996,0.99004,0.00000
88.30250,0.49500,0.00796,0.99204,0.00001
88.40250,0.49500,0.00919,0.99081,0.00000
88.50250,0.49500,0.00440,0.99560,0.00000
88.60250,0.49500,0.01128,0.98872,0.00000
88.70250,0.49500,0.00848,0.99152,0.00000
88.80250,0.49500,0.00598,0.99402,0.00000
88.90250,0.49500,0.00720,0.99280,0.00000
89.00250,0.49500,0.00698,0.99302,0.00000
89.10250,0.49500,0.00542,0.99458,0.00000
89.20250,0.49500,0.00390,0.99610,0.00000
89.30250,0.49500,0.00286,0.99714,0.00000
89.40250,0.49500,0.00356,0.99644,0.00000
89.50250,0.49500,0.00319,0.99681,0.00000
89.60250,0.49500,0.00322,0.99678,0.00000
89.70250,0.49500,0.00450,0.99550,0.00000
89.80250,0.49500,0.00555,0.99445,0.00000
89.90250,0.49500,0.00916,0.99084,0.00000
90.00250,0.49500,0.00731,0.99269,0.00000
90.10250,0.49500,0.00524,0.99476,0.00000
90.20250,0.49500,0.00403,0.99597,0.00000
90.30250,0.49500,0.00491,0.99509,0.00000
90.40250,0.49500,0.00363,0.99637,0.00000
90.50250,0.49500,0.00332,0.99668,0.00000
90.60250,0.49500,0.00378,0.99622,0.00000
90.70250,0.49500,0.00343,0.99657,0.00000
90.80250,0.49500,0.00331,0.99669,0.00000
90.90250,0.49500,0.00247,0.99753,0.00000
91.00250,0.49500,0.00188,0.99812,0.00000
91.10250,0.49500,0.00392,0.99608,0.00000
91.20250,0.49500,0.00387,0.99612,0.00000
91.30250,0.49500,0.00317,0.99683,0.00000
91.40250,0.49500,0.01130,0.98870,0.00000
91.50250,0.49500,0.01214,0.98785,0.00001
91.60250,0.49500,0.02921,0.97078,0.00001
91.70250,0.49500,0.02911,0.97089,0.00000
91.80250,0.49500,0.00497,0.99503,0.00000
91.90250,0.49500,0.00821,0.99179,0.00000
92.00250,0.49500,0.00587,0.99413,0.00000
92.10250,0.49500,0.00740,0.99260,0.00000
92.20250,0.49500,0.00514,0.99486,0.00000
92.30250,0.49500,0.00241,0.99759,0.00000
92.40250,0.49500,0.00325,0.99675,0.00000
92.50250,0.49500,0.00749,0.99251,0.00000
92.60250,0.49500,0.00450,0.99550,0.00000
92.70250,0.49500,0.00671,0.99328,0.00000
92.80250,0.49500,0.00752,0.99248,0.00000
92.90250,0.49500,0.00935,0.99065,0.00000
93.00250,0.49500,0.00947,0.99053,0.00000
93.10250,0.49500,0.00345,0.99655,0.00000
93.20250,0.49500,0.00438,0.99562,0.00000
93.30250,0.49500,0.00351,0.99649,0.00000
93.40250,0.49500,0.00322,0.99677,0.00000
93.50250,0.49500,0.01009,0.98991,0.00000
93.60250,0.49500,0.00633,0.99367,0.00000
93.70250,0.49500,0.01122,0.98878,0.00000
93.80250,0.49500,0.00327,0.99672,0.00000
93.90250,0.49500,0.00606,0.99393,0.00000
94.00250,0.49500,0.00411,0.99589,0.00000
