Time (seconds), Duration (seconds),pred_(unlabeled),pred_empty_box,pred_table
0.00250,0.49500,0.00595,0.99312,0.00092
0.10250,0.49500,0.00514,0.99256,0.00230
0.20250,0.49500,0.00372,0.99554,0.00074
0.30250,0.49500,0.00459,0.99423,0.00118
0.40250,0.49500,0.00762,0.99177,0.00062
0.50250,0.49500,0.00430,0.99496,0.00074
0.60250,0.49500,0.01101,0.98751,0.00148
0.70250,0.49500,0.00606,0.99311,0.00083
0.80250,0.49500,0.00371,0.99503,0.00126
0.90250,0.49500,0.00448,0.99328,0.00224
1.00250,0.49500,0.00373,0.99314,0.00313
1.10250,0.49500,0.00339,0.99460,0.00200
1.20250,0.49500,0.00348,0.99557,0.00095
1.30250,0.49500,0.00201,0.99735,0.00065
1.40250,0.49500,0.00364,0.99561,0.00075
1.50250,0.49500,0.00354,0.99483,0.00163
1.60250,0.49500,0.00471,0.99327,0.00202
1.70250,0.49500,0.00463,0.99346,0.00191
1.80250,0.49500,0.00414,0.99455,0.00131
1.90250,0.49500,0.00412,0.99455,0.00133
2.00250,0.49500,0.00395,0.99218,0.00387
2.10250,0.49500,0.00408,0.99297,0.00295
2.20250,0.49500,0.00765,0.99039,0.00196
2.30250,0.49500,0.01156,0.98637,0.00207
2.40250,0.49500,0.02298,0.97546,0.00156
2.50250,0.49500,0.02955,0.96933,0.00112
2.60250,0.49500,0.01081,0.98647,0.00272
2.70250,0.49500,0.01063,0.98819,0.00118
2.80250,0.49500,0.00557,0.99143,0.00299
2.90250,0.49500,0.00505,0.99450,0.00045
3.00250,0.49500,0.00498,0.99441,0.00061
3.10250,0.49500,0.00905,0.99061,0.00034
3.20250,0.49500,0.00542,0.99392,0.00065
3.30250,0.49500,0.00581,0.99353,0.00066
3.40250,0.49500,0.00495,0.99406,0.00100
3.50250,0.49500,0.00394,0.99547,0.00059
3.60250,0.49500,0.00280,0.99550,0.00170
3.70250,0.49500,0.00378,0.99372,0.00250
3.80250,0.49500,0.00238,0.99555,0.00207
3.90250,0.49500,0.00386,0.99321,0.00293
4.00250,0.49500,0.00556,0.99068,0.00375
4.10250,0.49500,0.01086,0.98462,0.00453
4.20250,0.49500,0.00716,0.98954,0.00330
4.30250,0.49500,0.00598,0.99049,0.00353
4.40250,0.49500,0.00361,0.99498,0.00141
4.50250,0.49500,0.00533,0.99222,0.00245
4.60250,0.49500,0.00302,0.99565,0.00133
4.70250,0.49500,0.00258,0.99486,0.00256
4.80250,0.49500,0.00295,0.99381,0.00325
4.90250,0.49500,0.01007,0.98673,0.00320
5.00250,0.49500,0.00561,0.99270,0.00169
5.10250,0.49500,0.00482,0.99443,0.00075
5.20250,0.49500,0.00800,0.99025,0.00175
5.30250,0.49500,0.00346,0.99582,0.00072
5.40250,0.49500,0.00481,0.99470,0.00049
5.50250,0.49500,0.00869,0.99013,0.00118
5.60250,0.49500,0.00362,0.99581,0.00057
5.70250,0.49500,0.01291,0.98674,0.00035
5.80250,0.49500,0.02147,0.97653,0.00200
5.90250,0.49500,0.03103,0.96824,0.00073
6.00250,0.49500,0.03465,0.96295,0.00240
6.10250,0.49500,0.05400,0.94140,0.00460
6.20250,0.49500,0.07872,0.91996,0.00132
6.30250,0.49500,0.04875,0.94653,0.00472
6.40250,0.49500,0.03220,0.96751,0.00029
6.50250,0.49500,0.01987,0.97788,0.00226
6.60250,0.49500,0.02003,0.97909,0.00089
6.70250,0.49500,0.04210,0.95575,0.00216
6.80250,0.49500,0.03852,0.96061,0.00087
6.90250,0.49500,0.02467,0.97363,0.00170
7.00250,0.49500,0.02218,0.97701,0.00081
7.10250,0.49500,0.02579,0.97148,0.00273
7.20250,0.49500,0.02827,0.97125,0.00048
7.30250,0.49500,0.02517,0.97327,0.00156
7.40250,0.49500,0.08978,0.90974,0.00049
7.50250,0.49500,0.09518,0.90374,0.00108
7.60250,0.49500,0.08303,0.91407,0.00290
7.70250,0.49500,0.18967,0.80170,0.00864
7.80250,0.49500,0.06677,0.93143,0.00180
7.90250,0.49500,0.04785,0.95082,0.00133
8.00250,0.49500,0.02620,0.97139,0.00241
8.10250,0.49500,0.03006,0.96938,0.00056
8.20250,0.49500,0.00570,0.99207,0.00222
8.30250,0.49500,0.00945,0.98857,0.00198
8.40250,0.49500,0.02064,0.97689,0.00246
8.50250,0.49500,0.01637,0.98156,0.00207
8.60250,0.49500,0.03730,0.96188,0.00082
8.70250,0.49500,0.05240,0.94558,0.00202
8.80250,0.49500,0.01738,0.98120,0.00142
8.90250,0.49500,0.01470,0.98369,0.00162
9.00250,0.49500,0.01928,0.97876,0.00196
9.10250,0.49500,0.01125,0.98783,0.00091
9.20250,0.49500,0.00957,0.98959,0.00085
9.30250,0.49500,0.00799,0.99146,0.00056
9.40250,0.49500,0.00506,0.99382,0.00112
9.50250,0.49500,0.00671,0.99259,0.00071
9.60250,0.49500,0.00339,0.99607,0.00054
9.70250,0.49500,0.00441,0.99497,0.00062
9.80250,0.49500,0.00211,0.99720,0.00069
9.90250,0.49500,0.00419,0.99505,0.00076
10.00250,0.49500,0.00515,0.99377,0.00107
10.10250,0.49500,0.01401,0.98545,0.00054
10.20250,0.49500,0.02551,0.97273,0.00176
10.30250,0.49500,0.02068,0.97870,0.00063
10.40250,0.49500,0.01249,0.98634,0.00117
10.50250,0.49500,0.00869,0.99013,0.00117
10.60250,0.49500,0.00440,0.99508,0.00052
10.70250,0.49500,0.03249,0.96711,0.00040
10.80250,0.49500,0.08529,0.91364,0.00108
10.90250,0.49500,0.15052,0.84842,0.00105
11.00250,0.49500,0.11076,0.88432,0.00493
11.10250,0.49500,0.06205,0.93767,0.00028
11.20250,0.49500,0.04364,0.95583,0.00053
11.30250,0.49500,0.09378,0.90587,0.00035
11.40250,0.49500,0.32705,0.67280,0.00015
11.50250,0.49500,0.42760,0.57206,0.00034
11.60250,0.49500,0.49717,0.50276,0.00007
11.70250,0.49500,0.24398,0.75582,0.00020
11.80250,0.49500,0.58674,0.41322,0.00005
11.90250,0.49500,0.66155,0.33845,0.00000
12.00250,0.49500,0.95179,0.04821,0.00000
12.10250,0.49500,0.99491,0.00509,0.00000
12.20250,0.49500,0.99949,0.00051,0.00000
12.30250,0.49500,1.00000,0.00000,0.00000
12.40250,0.49500,0.99852,0.00148,0.00000
12.50250,0.49500,0.99999,0.00001,0.00000
12.60250,0.49500,1.00000,0.00000,0.00000
12.70250,0.49500,1.00000,0.00000,0.00000
12.80250,0.49500,1.00000,0.00000,0.00000
12.90250,0.49500,1.00000,0.00000,0.00000
13.00250,0.49500,1.00000,0.00000,0.00000
13.10250,0.49500,1.00000,0.00000,0.00000
13.20250,0.49500,1.00000,0.00000,0.00000
13.30250,0.49500,0.99951,0.00049,0.00000
13.40250,0.49500,0.98822,0.01167,0.00011
13.50250,0.49500,0.88009,0.11991,0.00000
13.60250,0.49500,0.80940,0.19060,0.00000
13.70250,0.49500,0.68949,0.31051,0.00000
13.80250,0.49500,0.37510,0.62490,0.00000
13.90250,0.49500,0.21001,0.78999,0.00000
14.00250,0.49500,0.04112,0.95888,0.00000
14.10250,0.49500,0.07853,0.92147,0.00000
14.20250,0.49500,0.03549,0.96451,0.00000
14.30250,0.49500,0.01909,0.98091,0.00000
14.40250,0.49500,0.03483,0.96517,0.00000
14.50250,0.49500,0.01451,0.98549,0.00000
14.60250,0.49500,0.01426,0.98574,0.00000
14.70250,0.49500,0.00582,0.99418,0.00000
14.80250,0.49500,0.00524,0.99476,0.00000
14.90250,0.49500,0.01513,0.98487,0.00000
15.00250,0.49500,0.03258,0.96742,0.00000
15.10250,0.49500,0.03595,0.96405,0.00000
15.20250,0.49500,0.02549,0.97451,0.00000
15.30250,0.49500,0.02004,0.97996,0.00000
15.40250,0.49500,0.01979,0.98021,0.00000
15.50250,0.49500,0.01249,0.98751,0.00000
15.60250,0.49500,0.02111,0.97889,0.00000
15.70250,0.49500,0.02113,0.97887,0.00000
15.80250,0.49500,0.00905,0.99095,0.00000
15.90250,0.49500,0.00682,0.99318,0.00000
16.00250,0.49500,0.02088,0.97912,0.00000
16.10250,0.49500,0.01273,0.98727,0.00000
16.20250,0.49500,0.00566,0.99434,0.00000
16.30250,0.49500,0.00556,0.99444,0.00000
16.40250,0.49500,0.00422,0.99578,0.00000
16.50250,0.49500,0.00337,0.99663,0.00000
16.60250,0.49500,0.00540,0.99460,0.00000
16.70250,0.49500,0.00406,0.99594,0.00000
16.80250,0.49500,0.01510,0.98490,0.00000
16.90250,0.49500,0.02370,0.97630,0.00000
17.00250,0.49500,0.02139,0.97861,0.00000
17.10250,0.49500,0.04144,0.95856,0.00000
17.20250,0.49500,0.00715,0.99285,0.00000
17.30250,0.49500,0.00433,0.99567,0.00000
17.40250,0.49500,0.00301,0.99699,0.00000
17.50250,0.49500,0.00128,0.99872,0.00000
17.60250,0.49500,0.00602,0.99398,0.00000
17.70250,0.49500,0.00543,0.99457,0.00000
17.80250,0.49500,0.01333,0.98667,0.00000
17.90250,0.49500,0.01382,0.98618,0.00000
18.00250,0.49500,0.01103,0.98897,0.00000
18.10250,0.49500,0.02240,0.97760,0.00000
18.20250,0.49500,0.01011,0.98989,0.00000
18.30250,0.49500,0.00959,0.99041,0.00000
18.40250,0.49500,0.02751,0.97249,0.00000
18.50250,0.49500,0.01443,0.98557,0.00000
18.60250,0.49500,0.00385,0.99615,0.00000
18.70250,0.49500,0.00559,0.99441,0.00000
18.80250,0.49500,0.00855,0.99145,0.00000
18.90250,0.49500,0.00582,0.99418,0.00000
19.00250,0.49500,0.00411,0.99589,0.00000
19.10250,0.49500,0.00879,0.99121,0.00000
19.20250,0.49500,0.00571,0.99429,0.00000
19.30250,0.49500,0.00613,0.99387,0.00000
19.40250,0.49500,0.00943,0.99057,0.00000
19.50250,0.49500,0.00478,0.99522,0.00000
19.60250,0.49500,0.00623,0.99377,0.00000
19.70250,0.49500,0.00440,0.99560,0.00000
19.80250,0.49500,0.01026,0.98974,0.00000
19.90250,0.49500,0.00847,0.99153,0.00000
20.00250,0.49500,0.00726,0.99274,0.00000
20.10250,0.49500,0.00880,0.99120,0.00000
20.20250,0.49500,0.00727,0.99273,0.00000
20.30250,0.49500,0.00781,0.99219,0.00000
20.40250,0.49500,0.00471,0.99529,0.00000
20.50250,0.49500,0.00668,0.99332,0.00000
20.60250,0.49500,0.00552,0.99448,0.00000
20.70250,0.49500,0.00464,0.99536,0.00000
20.80250,0.49500,0.00364,0.99636,0.00000
20.90250,0.49500,0.01315,0.98685,0.00000
21.00250,0.49500,0.02028,0.97972,0.00000
21.10250,0.49500,0.01594,0.98406,0.00000
21.20250,0.49500,0.00537,0.99463,0.00000
21.30250,0.49500,0.00362,0.99638,0.00000
21.40250,0.49500,0.00338,0.99662,0.00000
21.50250,0.49500,0.00304,0.99696,0.00000
21.60250,0.49500,0.00500,0.99500,0.00000
21.70250,0.49500,0.00390,0.99610,0.00000
21.80250,0.49500,0.00643,0.99357,0.00000
21.90250,0.49500,0.00322,0.99678,0.00000
22.00250,0.49500,0.00434,0.99566,0.00000
22.10250,0.49500,0.00231,0.99769,0.00000
22.20250,0.49500,0.00265,0.99735,0.00000
22.30250,0.49500,0.00845,0.99155,0.00000
22.40250,0.49500,0.00665,0.99335,0.00000
22.50250,0.49500,0.00438,0.99562,0.00000
22.60250,0.49500,0.00499,0.99501,0.00000
22.70250,0.49500,0.00591,0.99409,0.00000
22.80250,0.49500,0.00901,0.99099,0.00000
22.90250,0.49500,0.02826,0.97174,0.00000
23.00250,0.49500,0.04710,0.95290,0.00000
23.10250,0.49500,0.01992,0.98008,0.00000
23.20250,0.49500,0.00849,0.99151,0.00000
23.30250,0.49500,0.00713,0.99287,0.00000
23.40250,0.49500,0.01146,0.98854,0.00000
23.50250,0.49500,0.01105,0.98895,0.00000
23.60250,0.49500,0.01363,0.98637,0.00000
23.70250,0.49500,0.00975,0.99025,0.00000
23.80250,0.49500,0.00954,0.99046,0.00000
23.90250,0.49500,0.19418,0.80582,0.00000
24.00250,0.49500,0.22127,0.77873,0.00000
24.10250,0.49500,0.62964,0.37036,0.00000
24.20250,0.49500,0.41105,0.58895,0.00000
24.30250,0.49500,0.98451,0.01549,0.00000
24.40250,0.49500,0.98874,0.01126,0.00000
24.50250,0.49500,1.00000,0.00000,0.00000
24.60250,0.49500,1.00000,0.00000,0.00000
24.70250,0.49500,1.00000,0.00000,0.00000
24.80250,0.49500,1.00000,0.00000,0.00000
24.90250,0.49500,1.00000,0.00000,0.00000
25.00250,0.49500,1.00000,0.00000,0.00000
25.10250,0.49500,1.00000,0.00000,0.00000
25.20250,0.49500,1.00000,0.00000,0.00000
25.30250,0.49500,1.00000,0.00000,0.00000
25.40250,0.49500,1.00000,0.00000,0.00000
25.50250,0.49500,1.00000,0.00000,0.00000
25.60250,0.49500,0.99999,0.00001,0.00000
25.70250,0.49500,0.99996,0.00004,0.00000
25.80250,0.49500,0.99964,0.00036,0.00000
25.90250,0.49500,0.99677,0.00323,0.00000
26.00250,0.49500,0.87281,0.12719,0.00000
26.10250,0.49500,0.84212,0.15788,0.00000
26.20250,0.49500,0.34895,0.65105,0.00000
26.30250,0.49500,0.21236,0.78764,0.00000
26.40250,0.49500,0.20386,0.79614,0.00000
26.50250,0.49500,0.36321,0.63679,0.00000
26.60250,0.49500,0.52582,0.47418,0.00000
26.70250,0.49500,0.89611,0.10389,0.00000
26.80250,0.49500,0.62906,0.37094,0.00000
26.90250,0.49500,0.82631,0.17369,0.00000
27.00250,0.49500,0.51630,0.48370,0.00000
27.10250,0.49500,0.29308,0.70692,0.00000
27.20250,0.49500,0.24894,0.75106,0.00000
27.30250,0.49500,0.08347,0.91653,0.00000
27.40250,0.49500,0.21977,0.78023,0.00000
27.50250,0.49500,0.24018,0.75982,0.00000
27.60250,0.49500,0.30389,0.69611,0.00000
27.70250,0.49500,0.16057,0.83943,0.00000
27.80250,0.49500,0.05210,0.94790,0.00000
27.90250,0.49500,0.42913,0.57087,0.00000
28.00250,0.49500,0.26566,0.73434,0.00000
28.10250,0.49500,0.54450,0.45550,0.00000
28.20250,0.49500,0.18311,0.81689,0.00000
28.30250,0.49500,0.10382,0.89618,0.00000
28.40250,0.49500,0.11730,0.88270,0.00000
28.50250,0.49500,0.13648,0.86352,0.00000
28.60250,0.49500,0.21256,0.78744,0.00000
28.70250,0.49500,0.24320,0.75680,0.00000
28.80250,0.49500,0.13277,0.86723,0.00000
28.90250,0.49500,0.17543,0.82457,0.00000
29.00250,0.49500,0.14184,0.85816,0.00000
29.10250,0.49500,0.18468,0.81532,0.00000
29.20250,0.49500,0.13656,0.86344,0.00000
29.30250,0.49500,0.12665,0.87335,0.00000
29.40250,0.49500,0.17070,0.82930,0.00000
29.50250,0.49500,0.13620,0.86380,0.00000
29.60250,0.49500,0.24019,0.75981,0.00000
29.70250,0.49500,0.18188,0.81812,0.00000
29.80250,0.49500,0.11507,0.88493,0.00000
29.90250,0.49500,0.07196,0.92804,0.00000
30.00250,0.49500,0.10809,0.89191,0.00000
30.10250,0.49500,0.10202,0.89798,0.00000
30.20250,0.49500,0.10937,0.89063,0.00000
30.30250,0.49500,0.19950,0.80050,0.00000
30.40250,0.49500,0.15247,0.84753,0.00000
30.50250,0.49500,0.15345,0.84655,0.00000
30.60250,0.49500,0.11576,0.88424,0.00000
30.70250,0.49500,0.11363,0.88637,0.00000
30.80250,0.49500,0.11291,0.88709,0.00000
30.90250,0.49500,0.06796,0.93204,0.00000
31.00250,0.49500,0.11577,0.88423,0.00000
31.10250,0.49500,0.23233,0.76767,0.00000
31.20250,0.49500,0.08463,0.91537,0.00000
31.30250,0.49500,0.13061,0.86939,0.00000
31.40250,0.49500,0.27006,0.72994,0.00000
31.50250,0.49500,0.26686,0.73314,0.00000
31.60250,0.49500,0.13384,0.86616,0.00000
31.70250,0.49500,0.22649,0.77351,0.00000
31.80250,0.49500,0.28539,0.71461,0.00000
31.90250,0.49500,0.21302,0.78698,0.00000
32.00250,0.49500,0.18762,0.81238,0.00000
32.10250,0.49500,0.15395,0.84605,0.00000
32.20250,0.49500,0.12038,0.87962,0.00000
32.30250,0.49500,0.13467,0.86533,0.00000
32.40250,0.49500,0.21062,0.78938,0.00000
32.50250,0.49500,0.08792,0.91208,0.00000
32.60250,0.49500,0.13957,0.86043,0.00000
32.70250,0.49500,0.11137,0.88863,0.00000
32.80250,0.49500,0.25976,0.74024,0.00000
32.90250,0.49500,0.21552,0.78448,0.00000
33.00250,0.49500,0.12659,0.87341,0.00000
33.10250,0.49500,0.22853,0.77147,0.00000
33.20250,0.49500,0.11383,0.88617,0.00000
33.30250,0.49500,0.20465,0.79535,0.00000
33.40250,0.49500,0.07735,0.92265,0.00000
33.50250,0.49500,0.26562,0.73438,0.00000
33.60250,0.49500,0.13429,0.86571,0.00000
33.70250,0.49500,0.18122,0.81878,0.00000
33.80250,0.49500,0.14250,0.85750,0.00000
33.90250,0.49500,0.10667,0.89333,0.00000
34.00250,0.49500,0.20188,0.79812,0.00000
34.10250,0.49500,0.10513,0.89487,0.00000
34.20250,0.49500,0.11830,0.88170,0.00000
34.30250,0.49500,0.10488,0.89512,0.00000
34.40250,0.49500,0.08760,0.91240,0.00000
34.50250,0.49500,0.09749,0.90251,0.00000
34.60250,0.49500,0.25147,0.74853,0.00000
34.70250,0.49500,0.13348,0.86652,0.00000
34.80250,0.49500,0.18387,0.81613,0.00000
34.90250,0.49500,0.07708,0.92292,0.00000
35.00250,0.49500,0.20679,0.79321,0.00000
35.10250,0.49500,0.08371,0.91629,0.00000
35.20250,0.49500,0.23516,0.76484,0.00000
35.30250,0.49500,0.09960,0.90040,0.00000
35.40250,0.49500,0.16477,0.83523,0.00000
35.50250,0.49500,0.09070,0.90930,0.00000
35.60250,0.49500,0.10889,0.89111,0.00000
35.70250,0.49500,0.11959,0.88041,0.00000
35.80250,0.49500,0.08063,0.91937,0.00000
35.90250,0.49500,0.18301,0.81699,0.00000
36.00250,0.49500,0.18580,0.81420,0.00000
36.10250,0.49500,0.21867,0.78133,0.00000
36.20250,0.49500,0.53622,0.46378,0.00000
36.30250,0.49500,0.51186,0.48814,0.00000
36.40250,0.49500,0.61884,0.38116,0.00000
36.50250,0.49500,0.62525,0.37475,0.00000
36.60250,0.49500,0.91964,0.08036,0.00000
36.70250,0.49500,0.99218,0.00782,0.00000
36.80250,0.49500,0.99393,0.00607,0.00000
36.90250,0.49500,0.99625,0.00375,0.00000
37.00250,0.49500,1.00000,0.00000,0.00000
37.10250,0.49500,1.00000,0.00000,0.00000
37.20250,0.49500,1.00000,0.00000,0.00000
37.30250,0.49500,0.99994,0.00006,0.00000
37.40250,0.49500,0.98669,0.01331,0.00000
37.50250,0.49500,0.99914,0.00086,0.00000
37.60250,0.49500,1.00000,0.00000,0.00000
37.70250,0.49500,1.00000,0.00000,0.00000
37.80250,0.49500,1.00000,0.00000,0.00000
37.90250,0.49500,1.00000,0.00000,0.00000
38.00250,0.49500,1.00000,0.00000,0.00000
38.10250,0.49500,1.00000,0.00000,0.00000
38.20250,0.49500,1.00000,0.00000,0.00000
38.30250,0.49500,1.00000,0.00000,0.00000
38.40250,0.49500,0.99984,0.00000,0.00016
38.50250,0.49500,1.00000,0.00000,0.00000
38.60250,0.49500,0.99745,0.00000,0.00255
38.70250,0.49500,0.98981,0.00000,0.01019
38.80250,0.49500,0.91815,0.00012,0.08173
38.90250,0.49500,0.65404,0.00060,0.34536
39.00250,0.49500,0.32223,0.00027,0.67750
39.10250,0.49500,0.51319,0.00355,0.48326
39.20250,0.49500,0.03876,0.00210,0.95914
39.30250,0.49500,0.03620,0.00175,0.96205
39.40250,0.49500,0.05308,0.00307,0.94385
39.50250,0.49500,0.01164,0.00026,0.98810
39.60250,0.49500,0.04443,0.00153,0.95405
39.70250,0.49500,0.01438,0.00095,0.98467
39.80250,0.49500,0.01498,0.00147,0.98355
39.90250,0.49500,0.01167,0.00021,0.98811
40.00250,0.49500,0.02529,0.00422,0.97049
40.10250,0.49500,0.01378,0.00192,0.98431
40.20250,0.49500,0.00530,0.00055,0.99415
40.30250,0.49500,0.00219,0.00052,0.99729
40.40250,0.49500,0.00116,0.00294,0.99590
40.50250,0.49500,0.00395,0.00067,0.99538
40.60250,0.49500,0.01016,0.00117,0.98867
40.70250,0.49500,0.03583,0.00228,0.96189
40.80250,0.49500,0.02571,0.00132,0.97298
40.90250,0.49500,0.01653,0.00094,0.98253
41.00250,0.49500,0.00274,0.00049,0.99677
41.10250,0.49500,0.00436,0.00419,0.99145
41.20250,0.49500,0.00311,0.00759,0.98930
41.30250,0.49500,0.00407,0.00418,0.99176
41.40250,0.49500,0.00147,0.00195,0.99658
41.50250,0.49500,0.00447,0.00399,0.99154
41.60250,0.49500,0.00565,0.00389,0.99046
41.70250,0.49500,0.01159,0.00483,0.98358
41.80250,0.49500,0.00672,0.00156,0.99172
41.90250,0.49500,0.00821,0.00373,0.98806
42.00250,0.49500,0.00409,0.00797,0.98794
42.10250,0.49500,0.00157,0.00415,0.99428
42.20250,0.49500,0.00304,0.00865,0.98831
42.30250,0.49500,0.00446,0.00580,0.98974
42.40250,0.49500,0.00487,0.00360,0.99152
42.50250,0.49500,0.00894,0.00235,0.98870
42.60250,0.49500,0.00514,0.00119,0.99367
42.70250,0.49500,0.00373,0.00156,0.99472
42.80250,0.49500,0.00661,0.00233,0.99106
42.90250,0.49500,0.00284,0.00084,0.99632
43.00250,0.49500,0.00444,0.00115,0.99441
43.10250,0.49500,0.00283,0.00128,0.99589
43.20250,0.49500,0.00288,0.00201,0.99512
43.30250,0.49500,0.00296,0.00245,0.99458
43.40250,0.49500,0.00502,0.00084,0.99414
43.50250,0.49500,0.00776,0.00200,0.99023
43.60250,0.49500,0.00698,0.00101,0.99201
43.70250,0.49500,0.00579,0.00381,0.99041
43.80250,0.49500,0.00205,0.00155,0.99640
43.90250,0.49500,0.00421,0.00133,0.99447
44.00250,0.49500,0.00250,0.00183,0.99567
44.10250,0.49500,0.01069,0.00389,0.98542
44.20250,0.49500,0.00524,0.00211,0.99265
44.30250,0.49500,0.00695,0.00515,0.98789
44.40250,0.49500,0.00366,0.00216,0.99418
44.50250,0.49500,0.00802,0.00418,0.98780
44.60250,0.49500,0.00728,0.00097,0.99174
44.70250,0.49500,0.00801,0.00277,0.98922
44.80250,0.49500,0.00443,0.00049,0.99508
44.90250,0.49500,0.00274,0.00084,0.99643
45.00250,0.49500,0.00326,0.00062,0.99612
45.10250,0.49500,0.00308,0.00119,0.99573
45.20250,0.49500,0.00497,0.00089,0.99414
45.30250,0.49500,0.00395,0.00329,0.99276
45.40250,0.49500,0.00622,0.00205,0.99174
45.50250,0.49500,0.00374,0.00509,0.99117
45.60250,0.49500,0.00425,0.00153,0.99422
45.70250,0.49500,0.00323,0.00129,0.99548
45.80250,0.49500,0.00470,0.00146,0.99384
45.90250,0.49500,0.00711,0.00062,0.99226
46.00250,0.49500,0.00459,0.00058,0.99483
46.10250,0.49500,0.00644,0.00017,0.99339
46.20250,0.49500,0.00233,0.00059,0.99708
46.30250,0.49500,0.00222,0.00088,0.99690
46.40250,0.49500,0.00253,0.00037,0.99710
46.50250,0.49500,0.00303,0.00048,0.99649
46.60250,0.49500,0.00451,0.00097,0.99452
46.70250,0.49500,0.00477,0.00114,0.99410
46.80250,0.49500,0.01078,0.00663,0.98259
46.90250,0.49500,0.00411,0.00099,0.99490
47.00250,0.49500,0.00375,0.00177,0.99448
47.10250,0.49500,0.00253,0.00161,0.99586
47.20250,0.49500,0.00473,0.00333,0.99194
47.30250,0.49500,0.00312,0.00254,0.99434
47.40250,0.49500,0.00479,0.00165,0.99356
47.50250,0.49500,0.00376,0.00119,0.99504
47.60250,0.49500,0.00523,0.01109,0.98368
47.70250,0.49500,0.02910,0.00409,0.96681
47.80250,0.49500,0.02422,0.00390,0.97188
47.90250,0.49500,0.16600,0.00097,0.83303
48.00250,0.49500,0.36347,0.00352,0.63301
48.10250,0.49500,0.68190,0.00859,0.30951
48.20250,0.49500,0.89462,0.00196,0.10342
48.30250,0.49500,0.99801,0.00014,0.00185
48.40250,0.49500,0.99705,0.00000,0.00294
48.50250,0.49500,0.99969,0.00019,0.00012
48.60250,0.49500,1.00000,0.00000,0.00000
48.70250,0.49500,1.00000,0.00000,0.00000
48.80250,0.49500,1.00000,0.00000,0.00000
48.90250,0.49500,1.00000,0.00000,0.00000
49.00250,0.49500,0.99865,0.00135,0.00000
49.10250,0.49500,0.99479,0.00420,0.00101
49.20250,0.49500,0.99976,0.00024,0.00000
49.30250,0.49500,0.99943,0.00057,0.00000
49.40250,0.49500,0.99994,0.00004,0.00003
49.50250,0.49500,0.99995,0.00005,0.00000
49.60250,0.49500,0.99971,0.00029,0.00000
49.70250,0.49500,0.99030,0.00970,0.00000
49.80250,0.49500,0.99958,0.00042,0.00000
49.90250,0.49500,0.92166,0.07832,0.00002
50.00250,0.49500,0.62663,0.37189,0.00148
50.10250,0.49500,0.10675,0.88898,0.00427
50.20250,0.49500,0.04172,0.95471,0.00357
50.30250,0.49500,0.05696,0.94127,0.00177
50.40250,0.49500,0.02330,0.97200,0.00469
50.50250,0.49500,0.01628,0.98263,0.00109
50.60250,0.49500,0.02269,0.95906,0.01825
50.70250,0.49500,0.05858,0.93839,0.00303
50.80250,0.49500,0.10754,0.88325,0.00920
50.90250,0.49500,0.02422,0.97488,0.00090
51.00250,0.49500,0.07211,0.92077,0.00712
51.10250,0.49500,0.01578,0.97096,0.01326
51.20250,0.49500,0.03563,0.95940,0.00497
51.30250,0.49500,0.02251,0.97561,0.00188
51.40250,0.49500,0.01391,0.97595,0.01015
51.50250,0.49500,0.01457,0.97994,0.00548
51.60250,0.49500,0.00452,0.99193,0.00355
51.70250,0.49500,0.00967,0.97929,0.01104
51.80250,0.49500,0.01279,0.97913,0.00808
51.90250,0.49500,0.00602,0.98711,0.00687
52.00250,0.49500,0.02014,0.97575,0.00411
52.10250,0.49500,0.00957,0.98547,0.00496
52.20250,0.49500,0.00836,0.98890,0.00274
52.30250,0.49500,0.01198,0.98199,0.00603
52.40250,0.49500,0.00584,0.98840,0.00576
52.50250,0.49500,0.00663,0.98631,0.00705
52.60250,0.49500,0.00674,0.99107,0.00218
52.70250,0.49500,0.00592,0.98928,0.00480
52.80250,0.49500,0.00979,0.98616,0.00405
52.90250,0.49500,0.00688,0.99085,0.00227
53.00250,0.49500,0.00730,0.98334,0.00936
53.10250,0.49500,0.01102,0.98221,0.00678
53.20250,0.49500,0.02926,0.96166,0.00908
53.30250,0.49500,0.05700,0.94077,0.00223
53.40250,0.49500,0.06744,0.93012,0.00244
53.50250,0.49500,0.02136,0.97638,0.00226
53.60250,0.49500,0.00887,0.98696,0.00417
53.70250,0.49500,0.01460,0.98167,0.00373
53.80250,0.49500,0.00931,0.98563,0.00506
53.90250,0.49500,0.01921,0.97835,0.00243
54.00250,0.49500,0.04845,0.94772,0.00383
54.10250,0.49500,0.05615,0.93963,0.00421
54.20250,0.49500,0.02552,0.96786,0.00661
54.30250,0.49500,0.01305,0.98465,0.00230
54.40250,0.49500,0.00519,0.99161,0.00320
54.50250,0.49500,0.01782,0.97313,0.00905
54.60250,0.49500,0.00704,0.99140,0.00156
54.70250,0.49500,0.00779,0.98882,0.00340
54.80250,0.49500,0.01754,0.97861,0.00385
54.90250,0.49500,0.02178,0.97367,0.00454
55.00250,0.49500,0.00892,0.98874,0.00234
55.10250,0.49500,0.00366,0.99109,0.00525
55.20250,0.49500,0.00396,0.99196,0.00408
55.30250,0.49500,0.00807,0.98903,0.00290
55.40250,0.49500,0.02970,0.95908,0.01122
55.50250,0.49500,0.03973,0.93790,0.02238
55.60250,0.49500,0.00820,0.98835,0.00345
55.70250,0.49500,0.01112,0.98498,0.00390
55.80250,0.49500,0.00650,0.98692,0.00658
55.90250,0.49500,0.00617,0.98561,0.00822
56.00250,0.49500,0.00475,0.98856,0.00669
56.10250,0.49500,0.00282,0.99236,0.00482
56.20250,0.49500,0.00593,0.99091,0.00316
56.30250,0.49500,0.00754,0.98604,0.00642
56.40250,0.49500,0.00706,0.98884,0.00410
56.50250,0.49500,0.00847,0.98318,0.00835
56.60250,0.49500,0.00708,0.98883,0.00409
56.70250,0.49500,0.01125,0.98092,0.00783
56.80250,0.49500,0.00895,0.98724,0.00381
56.90250,0.49500,0.01414,0.97914,0.00671
57.00250,0.49500,0.01851,0.96895,0.01254
57.10250,0.49500,0.04255,0.94376,0.01368
57.20250,0.49500,0.00998,0.98452,0.00551
57.30250,0.49500,0.00552,0.98555,0.00893
57.40250,0.49500,0.00694,0.97903,0.01403
57.50250,0.49500,0.00692,0.99000,0.00308
57.60250,0.49500,0.00984,0.98275,0.00741
57.70250,0.49500,0.01908,0.97494,0.00597
57.80250,0.49500,0.03968,0.95513,0.00519
57.90250,0.49500,0.03459,0.95874,0.00667
58.00250,0.49500,0.10275,0.89530,0.00194
58.10250,0.49500,0.13158,0.86638,0.00204
58.20250,0.49500,0.12736,0.86006,0.01258
58.30250,0.49500,0.37571,0.62383,0.00046
58.40250,0.49500,0.41168,0.58783,0.00049
58.50250,0.49500,0.48036,0.51962,0.00003
58.60250,0.49500,0.68819,0.31181,0.00001
58.70250,0.49500,0.89234,0.10764,0.00003
58.80250,0.49500,0.89657,0.10343,0.00000
58.90250,0.49500,0.95864,0.04124,0.00011
59.00250,0.49500,0.79783,0.20216,0.00001
59.10250,0.49500,0.87322,0.12677,0.00001
59.20250,0.49500,0.91406,0.08525,0.00069
59.30250,0.49500,0.75058,0.24940,0.00003
59.40250,0.49500,0.97841,0.01707,0.00452
59.50250,0.49500,0.99076,0.00922,0.00002
59.60250,0.49500,0.97383,0.01725,0.00892
59.70250,0.49500,0.99852,0.00145,0.00003
59.80250,0.49500,0.99767,0.00233,0.00000
59.90250,0.49500,0.99873,0.00127,0.00000
60.00250,0.49500,0.99222,0.00768,0.00010
60.10250,0.49500,0.94113,0.05484,0.00403
60.20250,0.49500,0.94470,0.01800,0.03730
60.30250,0.49500,0.78169,0.19837,0.01995
60.40250,0.49500,0.84903,0.11157,0.03940
60.50250,0.49500,0.76949,0.21736,0.01315
60.60250,0.49500,0.45206,0.47597,0.07197
60.70250,0.49500,0.18965,0.76143,0.04892
60.80250,0.49500,0.05527,0.82750,0.11723
60.90250,0.49500,0.02317,0.85440,0.12243
61.00250,0.49500,0.01536,0.92599,0.05865
61.10250,0.49500,0.08506,0.66301,0.25193
61.20250,0.49500,0.06408,0.65751,0.27841
61.30250,0.49500,0.02461,0.87850,0.09690
61.40250,0.49500,0.01857,0.86064,0.12079
61.50250,0.49500,0.00523,0.91279,0.08198
61.60250,0.49500,0.00732,0.92924,0.06343
61.70250,0.49500,0.00594,0.90300,0.09106
61.80250,0.49500,0.02407,0.90815,0.06778
61.90250,0.49500,0.01318,0.88217,0.10465
62.00250,0.49500,0.01380,0.96529,0.02091
62.10250,0.49500,0.02249,0.87352,0.10398
62.20250,0.49500,0.01516,0.92948,0.05536
62.30250,0.49500,0.01004,0.93441,0.05555
62.40250,0.49500,0.02658,0.87101,0.10241
62.50250,0.49500,0.01713,0.92178,0.06109
62.60250,0.49500,0.01775,0.85217,0.13008
62.70250,0.49500,0.01387,0.86316,0.12297
62.80250,0.49500,0.01353,0.91118,0.07529
62.90250,0.49500,0.01377,0.94492,0.04131
63.00250,0.49500,0.00733,0.92035,0.07232
63.10250,0.49500,0.01207,0.93020,0.05773
63.20250,0.49500,0.01477,0.83544,0.14979
63.30250,0.49500,0.00787,0.93879,0.05334
63.40250,0.49500,0.01599,0.89705,0.08695
63.50250,0.49500,0.00768,0.93215,0.06017
63.60250,0.49500,0.00771,0.92282,0.06947
63.70250,0.49500,0.00747,0.92735,0.06518
63.80250,0.49500,0.00914,0.93714,0.05372
63.90250,0.49500,0.00844,0.94760,0.04395
64.00250,0.49500,0.00584,0.91873,0.07543
64.10250,0.49500,0.00581,0.92680,0.06739
64.20250,0.49500,0.02130,0.86025,0.11845
64.30250,0.49500,0.01554,0.92435,0.06011
64.40250,0.49500,0.01147,0.89507,0.09346
64.50250,0.49500,0.01371,0.87006,0.11623
64.60250,0.49500,0.00560,0.96169,0.03272
64.70250,0.49500,0.01104,0.89833,0.09064
64.80250,0.49500,0.01495,0.93032,0.05472
64.90250,0.49500,0.01238,0.91976,0.06785
65.00250,0.49500,0.01209,0.94235,0.04556
65.10250,0.49500,0.00462,0.96212,0.03325
65.20250,0.49500,0.00743,0.92026,0.07231
65.30250,0.49500,0.01203,0.93074,0.05724
65.40250,0.49500,0.01526,0.87413,0.11061
65.50250,0.49500,0.01389,0.89658,0.08953
65.60250,0.49500,0.01318,0.94472,0.04210
65.70250,0.49500,0.00891,0.96622,0.02487
65.80250,0.49500,0.01907,0.88690,0.09403
65.90250,0.49500,0.01588,0.94508,0.03904
66.00250,0.49500,0.01509,0.90902,0.07589
66.10250,0.49500,0.01126,0.92145,0.06728
66.20250,0.49500,0.01028,0.95645,0.03327
66.30250,0.49500,0.00980,0.93612,0.05408
66.40250,0.49500,0.01273,0.95497,0.03230
66.50250,0.49500,0.01666,0.87246,0.11089
66.60250,0.49500,0.01555,0.90388,0.08056
66.70250,0.49500,0.01434,0.89439,0.09127
66.80250,0.49500,0.01423,0.92731,0.05846
66.90250,0.49500,0.01231,0.92729,0.06040
67.00250,0.49500,0.02103,0.89189,0.08708
67.10250,0.49500,0.04023,0.83801,0.12176
67.20250,0.49500,0.01417,0.83250,0.15334
67.30250,0.49500,0.05967,0.88827,0.05206
67.40250,0.49500,0.03956,0.84065,0.11979
67.50250,0.49500,0.03264,0.87447,0.09289
67.60250,0.49500,0.03864,0.87931,0.08205
67.70250,0.49500,0.01904,0.85734,0.12361
67.80250,0.49500,0.01775,0.88134,0.10091
67.90250,0.49500,0.03031,0.88561,0.08407
68.00250,0.49500,0.08036,0.86248,0.05716
68.10250,0.49500,0.03995,0.82126,0.13880
68.20250,0.49500,0.01791,0.95296,0.02914
68.30250,0.49500,0.00691,0.92817,0.06492
68.40250,0.49500,0.01175,0.92504,0.06321
68.50250,0.49500,0.00969,0.92390,0.06641
68.60250,0.49500,0.02527,0.92179,0.05294
68.70250,0.49500,0.02046,0.89487,0.08467
68.80250,0.49500,0.01331,0.89984,0.08685
68.90250,0.49500,0.01614,0.91908,0.06478
69.00250,0.49500,0.01816,0.87080,0.11104
69.10250,0.49500,0.00654,0.95200,0.04146
69.20250,0.49500,0.00545,0.79402,0.20052
69.30250,0.49500,0.00350,0.94120,0.05530
69.40250,0.49500,0.00398,0.89242,0.10360
69.50250,0.49500,0.00298,0.94532,0.05169
69.60250,0.49500,0.00912,0.88855,0.10233
69.70250,0.49500,0.00807,0.86773,0.12419
69.80250,0.49500,0.00752,0.94568,0.04680
69.90250,0.49500,0.00596,0.83779,0.15626
70.00250,0.49500,0.00628,0.96509,0.02864
70.10250,0.49500,0.01166,0.95365,0.03469
70.20250,0.49500,0.02925,0.90704,0.06370
70.30250,0.49500,0.15441,0.74877,0.09682
70.40250,0.49500,0.09309,0.78747,0.11944
70.50250,0.49500,0.06794,0.73477,0.19728
70.60250,0.49500,0.06884,0.82040,0.11076
70.70250,0.49500,0.01225,0.92823,0.05952
70.80250,0.49500,0.00987,0.93151,0.05863
70.90250,0.49500,0.00993,0.94085,0.04922
71.00250,0.49500,0.02480,0.91900,0.05620
71.10250,0.49500,0.02558,0.90600,0.06842
71.20250,0.49500,0.00895,0.91901,0.07204
71.30250,0.49500,0.00846,0.82732,0.16423
71.40250,0.49500,0.00494,0.89630,0.09876
71.50250,0.49500,0.00370,0.95709,0.03920
71.60250,0.49500,0.00726,0.88893,0.10380
71.70250,0.49500,0.01142,0.94332,0.04527
71.80250,0.49500,0.00830,0.86273,0.12897
71.90250,0.49500,0.00458,0.92122,0.07421
72.00250,0.49500,0.00874,0.87613,0.11513
72.10250,0.49500,0.00514,0.85208,0.14277
72.20250,0.49500,0.00637,0.92933,0.06430
72.30250,0.49500,0.01713,0.85448,0.12840
72.40250,0.49500,0.07173,0.85286,0.07541
72.50250,0.49500,0.31598,0.61956,0.06445
72.60250,0.49500,0.43427,0.53814,0.02758
72.70250,0.49500,0.62755,0.34483,0.02763
72.80250,0.49500,0.47285,0.50581,0.02134
72.90250,0.49500,0.55177,0.44514,0.00309
73.00250,0.49500,0.99837,0.00160,0.00002
73.10250,0.49500,0.98956,0.01043,0.00001
73.20250,0.49500,0.99995,0.00005,0.00000
73.30250,0.49500,0.99992,0.00008,0.00000
73.40250,0.49500,1.00000,0.00000,0.00000
73.50250,0.49500,0.99997,0.00003,0.00000
73.60250,0.49500,0.99999,0.00001,0.00000
73.70250,0.49500,0.98702,0.01298,0.00000
73.80250,0.49500,0.48428,0.51572,0.00000
73.90250,0.49500,0.70713,0.29287,0.00000
74.00250,0.49500,0.46448,0.53552,0.00000
74.10250,0.49500,0.78859,0.21141,0.00000
74.20250,0.49500,0.76318,0.23682,0.00000
74.30250,0.49500,0.58336,0.41664,0.00000
74.40250,0.49500,0.31057,0.68943,0.00000
74.50250,0.49500,0.18214,0.81786,0.00000
74.60250,0.49500,0.02397,0.97603,0.00000
74.70250,0.49500,0.07821,0.92177,0.00001
74.80250,0.49500,0.06250,0.93749,0.00001
74.90250,0.49500,0.11470,0.88530,0.00000
75.00250,0.49500,0.04771,0.95229,0.00000
75.10250,0.49500,0.08298,0.91702,0.00000
75.20250,0.49500,0.03764,0.96235,0.00000
75.30250,0.49500,0.02527,0.97473,0.00000
75.40250,0.49500,0.02560,0.97440,0.00001
75.50250,0.49500,0.04240,0.95760,0.00000
75.60250,0.49500,0.02177,0.97822,0.00000
75.70250,0.49500,0.02529,0.97471,0.00000
75.80250,0.49500,0.00895,0.99104,0.00000
75.90250,0.49500,0.00644,0.99355,0.00000
76.00250,0.49500,0.01319,0.98680,0.00000
76.10250,0.49500,0.00670,0.99330,0.00000
76.20250,0.49500,0.00364,0.99636,0.00001
76.30250,0.49500,0.00575,0.99424,0.00001
76.40250,0.49500,0.01033,0.98967,0.00000
76.50250,0.49500,0.01172,0.98827,0.00000
76.60250,0.49500,0.02530,0.97470,0.00000
76.70250,0.49500,0.02133,0.97867,0.00000
76.80250,0.49500,0.01372,0.98628,0.00000
76.90250,0.49500,0.01232,0.98767,0.00001
77.00250,0.49500,0.00662,0.99338,0.00000
77.10250,0.49500,0.00648,0.99351,0.00001
77.20250,0.49500,0.00428,0.99572,0.00000
77.30250,0.49500,0.00277,0.99723,0.00001
77.40250,0.49500,0.00333,0.99667,0.00001
77.50250,0.49500,0.00327,0.99673,0.00001
77.60250,0.49500,0.00635,0.99364,0.00000
77.70250,0.49500,0.00938,0.99062,0.00000
77.80250,0.49500,0.00556,0.99444,0.00000
77.90250,0.49500,0.00568,0.99432,0.00001
78.00250,0.49500,0.00549,0.99451,0.00000
78.10250,0.49500,0.00337,0.99663,0.00000
78.20250,0.49500,0.00511,0.99488,0.00001
78.30250,0.49500,0.00517,0.99483,0.00000
78.40250,0.49500,0.00481,0.99519,0.00000
78.50250,0.49500,0.00856,0.99144,0.00000
78.60250,0.49500,0.00697,0.99303,0.00000
78.70250,0.49500,0.00622,0.99377,0.00001
78.80250,0.49500,0.01139,0.98860,0.00001
78.90250,0.49500,0.00707,0.99292,0.00000
79.00250,0.49500,0.00876,0.99124,0.00000
79.10250,0.49500,0.00829,0.99171,0.00000
79.20250,0.49500,0.00378,0.99622,0.00000
79.30250,0.49500,0.00385,0.99615,0.00000
79.40250,0.49500,0.00271,0.99729,0.00000
79.50250,0.49500,0.00445,0.99555,0.00000
79.60250,0.49500,0.00217,0.99783,0.00001
79.70250,0.49500,0.00349,0.99651,0.00000
79.80250,0.49500,0.00256,0.99743,0.00001
79.90250,0.49500,0.00639,0.99361,0.00001
80.00250,0.49500,0.00503,0.99496,0.00001
80.10250,0.49500,0.00598,0.99401,0.00000
80.20250,0.49500,0.00629,0.99370,0.00001
80.30250,0.49500,0.00389,0.99610,0.00000
80.40250,0.49500,0.01057,0.98941,0.00001
80.50250,0.49500,0.02393,0.97607,0.00000
80.60250,0.49500,0.00974,0.99025,0.00000
80.70250,0.49500,0.00968,0.99032,0.00000
80.80250,0.49500,0.01323,0.98676,0.00001
80.90250,0.49500,0.01507,0.98493,0.00001
81.00250,0.49500,0.01725,0.98274,0.00001
81.10250,0.49500,0.01389,0.98611,0.00000
81.20250,0.49500,0.00776,0.99224,0.00000
81.30250,0.49500,0.01840,0.98159,0.00001
81.40250,0.49500,0.04041,0.95958,0.00000
81.50250,0.49500,0.02397,0.97601,0.00002
81.60250,0.49500,0.03598,0.96402,0.00001
81.70250,0.49500,0.01038,0.98960,0.00002
81.80250,0.49500,0.01376,0.98624,0.00000
81.90250,0.49500,0.00443,0.99556,0.00001
82.00250,0.49500,0.00559,0.99441,0.00000
82.10250,0.49500,0.00402,0.99597,0.00001
82.20250,0.49500,0.01386,0.98613,0.00000
82.30250,0.49500,0.01322,0.98678,0.00000
82.40250,0.49500,0.01415,0.98584,0.00001
82.50250,0.49500,0.00802,0.99197,0.00000
82.60250,0.49500,0.00762,0.99237,0.00001
82.70250,0.49500,0.01366,0.98633,0.00000
82.80250,0.49500,0.01366,0.98634,0.00000
82.90250,0.49500,0.00936,0.99064,0.00000
83.00250,0.49500,0.23370,0.76630,0.00000
83.10250,0.49500,0.71960,0.28040,0.00000
83.20250,0.49500,0.71083,0.28917,0.00000
83.30250,0.49500,0.71976,0.28024,0.00000
83.40250,0.49500,0.75242,0.24758,0.00000
83.50250,0.49500,0.37572,0.62426,0.00001
83.60250,0.49500,0.45434,0.54565,0.00000
83.70250,0.49500,0.60793,0.39207,0.00000
83.80250,0.49500,0.99210,0.00790,0.00000
83.90250,0.49500,0.98711,0.01289,0.00000
84.00250,0.49500,0.99997,0.00003,0.00000
84.10250,0.49500,1.00000,0.00000,0.00000
84.20250,0.49500,1.00000,0.00000,0.00000
84.30250,0.49500,1.00000,0.00000,0.00000
84.40250,0.49500,1.00000,0.00000,0.00000
84.50250,0.49500,1.00000,0.00000,0.00000
84.60250,0.49500,1.00000,0.00000,0.00000
84.70250,0.49500,0.99998,0.00002,0.00000
84.80250,0.49500,0.98454,0.01546,0.00000
84.90250,0.49500,0.99070,0.00930,0.00000
85.00250,0.49500,0.91375,0.08625,0.00000
85.10250,0.49500,0.81904,0.18096,0.00000
85.20250,0.49500,0.57816,0.42184,0.00000
85.30250,0.49500,0.29722,0.70278,0.00000
85.40250,0.49500,0.24253,0.75747,0.00000
85.50250,0.49500,0.07282,0.92718,0.00000
85.60250,0.49500,0.07803,0.92197,0.00000
85.70250,0.49500,0.06467,0.93533,0.00000
85.80250,0.49500,0.07237,0.92763,0.00000
85.90250,0.49500,0.01353,0.98647,0.00000
86.00250,0.49500,0.02751,0.97249,0.00000
86.10250,0.49500,0.00855,0.99145,0.00000
86.20250,0.49500,0.05210,0.94790,0.00000
86.30250,0.49500,0.04010,0.95990,0.00000
86.40250,0.49500,0.01286,0.98714,0.00000
86.50250,0.49500,0.01412,0.98588,0.00000
86.60250,0.49500,0.00528,0.99472,0.00000
86.70250,0.49500,0.00715,0.99285,0.00000
86.80250,0.49500,0.01885,0.98115,0.00000
86.90250,0.49500,0.01398,0.98602,0.00000
87.00250,0.49500,0.01068,0.98932,0.00000
87.10250,0.49500,0.00941,0.99059,0.00000
87.20250,0.49500,0.00657,0.99343,0.00000
87.30250,0.49500,0.01112,0.98888,0.00000
87.40250,0.49500,0.01287,0.98713,0.00000
87.50250,0.49500,0.01065,0.98935,0.00000
87.60250,0.49500,0.00685,0.99315,0.00000
87.70250,0.49500,0.00468,0.99532,0.00000
87.80250,0.49500,0.00489,0.99511,0.00000
87.90250,0.49500,0.00634,0.99366,0.00000
88.00250,0.49500,0.00638,0.99362,0.00000
88.10250,0.49500,0.00680,0.99320,0.00000
88.20250,0.49500,0.00434,0.99566,0.00000
88.30250,0.49500,0.00424,0.99576,0.00000
88.40250,0.49500,0.00918,0.99082,0.00000
88.50250,0.49500,0.00460,0.99540,0.00000
88.60250,0.49500,0.01153,0.98847,0.00000
88.70250,0.49500,0.00482,0.99518,0.00000
88.80250,0.49500,0.00377,0.99623,0.00000
88.90250,0.49500,0.00608,0.99392,0.00000
89.00250,0.49500,0.00642,0.99358,0.00000
89.10250,0.49500,0.00438,0.99562,0.00000
89.20250,0.49500,0.00842,0.99158,0.00000
89.30250,0.49500,0.00455,0.99545,0.00000
89.40250,0.49500,0.00512,0.99488,0.00000
89.50250,0.49500,0.01180,0.98820,0.00000
89.60250,0.49500,0.00720,0.99280,0.00000
89.70250,0.49500,0.00570,0.99430,0.00000
89.80250,0.49500,0.00756,0.99244,0.00000
89.90250,0.49500,0.00538,0.99462,0.00000
90.00250,0.49500,0.00831,0.99169,0.00000
90.10250,0.49500,0.00441,0.99559,0.00000
90.20250,0.49500,0.00555,0.99445,0.00000
90.30250,0.49500,0.00827,0.99173,0.00000
90.40250,0.49500,0.00602,0.99398,0.00000
90.50250,0.49500,0.00738,0.99262,0.00000
90.60250,0.49500,0.00500,0.99500,0.00000
90.70250,0.49500,0.00513,0.99487,0.00000
90.80250,0.49500,0.00498,0.99502,0.00000
90.90250,0.49500,0.00913,0.99087,0.00000
91.00250,0.49500,0.00758,0.99242,0.00000
91.10250,0.49500,0.00735,0.99265,0.00000
91.20250,0.49500,0.00355,0.99645,0.00000
91.30250,0.49500,0.00572,0.99428,0.00000
91.40250,0.49500,0.00510,0.99490,0.00000
91.50250,0.49500,0.00875,0.99125,0.00000
91.60250,0.49500,0.00688,0.99312,0.00000
91.70250,0.49500,0.00647,0.99353,0.00000
91.80250,0.49500,0.00850,0.99150,0.00000
91.90250,0.49500,0.00613,0.99387,0.00000
92.00250,0.49500,0.00409,0.99591,0.00000
92.10250,0.49500,0.01122,0.98878,0.00000
92.20250,0.49500,0.00550,0.99450,0.00000
92.30250,0.49500,0.00433,0.99567,0.00000
92.40250,0.49500,0.00317,0.99683,0.00000
92.50250,0.49500,0.00311,0.99689,0.00000
92.60250,0.49500,0.00601,0.99399,0.00000
92.70250,0.49500,0.00382,0.99618,0.00000
92.80250,0.49500,0.00822,0.99178,0.00000
92.90250,0.49500,0.00421,0.99579,0.00000
93.00250,0.49500,0.00545,0.99455,0.00000
93.10250,0.49500,0.00407,0.99593,0.00000
93.20250,0.49500,0.00586,0.99414,0.00000
93.30250,0.49500,0.00755,0.99245,0.00000
93.40250,0.49500,0.00704,0.99296,0.00000
93.50250,0.49500,0.00745,0.99255,0.00000
93.60250,0.49500,0.01291,0.98709,0.00000
93.70250,0.49500,0.01210,0.98790,0.00000
93.80250,0.49500,0.00857,0.99143,0.00000
93.90250,0.49500,0.00451,0.99549,0.00000
94.00250,0.49500,0.00469,0.99531,0.00000
94.10250,0.49500,0.00447,0.99553,0.00000
94.20250,0.49500,0.00645,0.99355,0.00000
94.30250,0.49500,0.01061,0.98939,0.00000
94.40250,0.49500,0.00994,0.99006,0.00000
94.50250,0.49500,0.06083,0.93917,0.00000
94.60250,0.49500,0.05069,0.94931,0.00000
94.70250,0.49500,0.19162,0.80838,0.00000
94.80250,0.49500,0.48365,0.51635,0.00000
94.90250,0.49500,0.55424,0.44576,0.00000
95.00250,0.49500,0.72552,0.27448,0.00000
95.10250,0.49500,0.87369,0.12631,0.00000
95.20250,0.49500,0.99228,0.00772,0.00000
95.30250,0.49500,0.99998,0.00002,0.00000
95.40250,0.49500,1.00000,0.00000,0.00000
95.50250,0.49500,1.00000,0.00000,0.00000
95.60250,0.49500,1.00000,0.00000,0.00000
95.70250,0.49500,1.00000,0.00000,0.00000
95.80250,0.49500,0.99996,0.00004,0.00000
95.90250,0.49500,0.99999,0.00001,0.00000
96.00250,0.49500,1.00000,0.00000,0.00000
96.10250,0.49500,0.99974,0.00025,0.00000
96.20250,0.49500,0.98293,0.01707,0.00000
96.30250,0.49500,0.84144,0.15856,0.00000
96.40250,0.49500,0.94815,0.05185,0.00000
96.50250,0.49500,0.91278,0.08722,0.00000
96.60250,0.49500,0.67109,0.32891,0.00000
96.70250,0.49500,0.15988,0.84012,0.00000
96.80250,0.49500,0.24799,0.75201,0.00000
96.90250,0.49500,0.05737,0.94263,0.00000
97.00250,0.49500,0.40637,0.59363,0.00000
97.10250,0.49500,0.54260,0.45740,0.00000
97.20250,0.49500,0.49814,0.50186,0.00000
97.30250,0.49500,0.46062,0.53938,0.00000
97.40250,0.49500,0.24530,0.75470,0.00000
97.50250,0.49500,0.16162,0.83838,0.00000
97.60250,0.49500,0.09556,0.90444,0.00000
97.70250,0.49500,0.27472,0.72528,0.00000
97.80250,0.49500,0.10968,0.89032,0.00000
97.90250,0.49500,0.27876,0.72124,0.00000
98.00250,0.49500,0.07498,0.92503,0.00000
98.10250,0.49500,0.02961,0.97039,0.00000
98.20250,0.49500,0.05688,0.94312,0.00000
98.30250,0.49500,0.04027,0.95973,0.00000
98.40250,0.49500,0.07770,0.92230,0.00000
98.50250,0.49500,0.17005,0.82995,0.00000
98.60250,0.49500,0.06899,0.93101,0.00000
98.70250,0.49500,0.07203,0.92797,0.00000
98.80250,0.49500,0.13963,0.86037,0.00000
98.90250,0.49500,0.09210,0.90790,0.00000
99.00250,0.49500,0.06930,0.93070,0.00000
99.10250,0.49500,0.04236,0.95764,0.00000
99.20250,0.49500,0.01492,0.98508,0.00000
99.30250,0.49500,0.03134,0.96866,0.00000
99.40250,0.49500,0.03971,0.96029,0.00000
99.50250,0.49500,0.03226,0.96774,0.00000
99.60250,0.49500,0.02290,0.97710,0.00000
99.70250,0.49500,0.01103,0.98897,0.00000
99.80250,0.49500,0.00843,0.99157,0.00000
99.90250,0.49500,0.03124,0.96876,0.00000
100.00250,0.49500,0.10812,0.89188,0.00000
100.10250,0.49500,0.19093,0.80907,0.00000
100.20250,0.49500,0.43925,0.56075,0.00000
100.30250,0.49500,0.22965,0.77035,0.00000
100.40250,0.49500,0.13199,0.86801,0.00000
100.50250,0.49500,0.21818,0.78182,0.00000
100.60250,0.49500,0.11285,0.88715,0.00000
100.70250,0.49500,0.04312,0.95688,0.00000
100.80250,0.49500,0.01880,0.98120,0.00000
100.90250,0.49500,0.00762,0.99238,0.00000
101.00250,0.49500,0.00506,0.99494,0.00000
101.10250,0.49500,0.00808,0.99192,0.00000
101.20250,0.49500,0.01270,0.98730,0.00000
101.30250,0.49500,0.03436,0.96564,0.00000
101.40250,0.49500,0.03019,0.96981,0.00000
101.50250,0.49500,0.03186,0.96814,0.00000
101.60250,0.49500,0.00942,0.99058,0.00000
101.70250,0.49500,0.01848,0.98152,0.00000
101.80250,0.49500,0.01708,0.98292,0.00000
101.90250,0.49500,0.01099,0.98901,0.00000
102.00250,0.49500,0.00857,0.99143,0.00000
102.10250,0.49500,0.00365,0.99635,0.00000
102.20250,0.49500,0.02326,0.97674,0.00000
102.30250,0.49500,0.02212,0.97788,0.00000
102.40250,0.49500,0.05005,0.94995,0.00000
102.50250,0.49500,0.04330,0.95670,0.00000
102.60250,0.49500,0.01645,0.98355,0.00000
102.70250,0.49500,0.01905,0.98095,0.00000
102.80250,0.49500,0.01172,0.98828,0.00000
102.90250,0.49500,0.01432,0.98568,0.00000
103.00250,0.49500,0.00706,0.99294,0.00000
103.10250,0.49500,0.00618,0.99382,0.00000
103.20250,0.49500,0.00571,0.99429,0.00000
103.30250,0.49500,0.00475,0.99525,0.00000
103.40250,0.49500,0.01082,0.98918,0.00000
103.50250,0.49500,0.00629,0.99371,0.00000
103.60250,0.49500,0.00767,0.99233,0.00000
103.70250,0.49500,0.00458,0.99542,0.00000
103.80250,0.49500,0.00730,0.99270,0.00000
103.90250,0.49500,0.00796,0.99204,0.00000
104.00250,0.49500,0.01386,0.98614,0.00000
104.10250,0.49500,0.01335,0.98665,0.00000
104.20250,0.49500,0.01288,0.98712,0.00000
104.30250,0.49500,0.01043,0.98957,0.00000
104.40250,0.49500,0.01174,0.98826,0.00000
104.50250,0.49500,0.01160,0.98840,0.00000
104.60250,0.49500,0.01032,0.98968,0.00000
104.70250,0.49500,0.01353,0.98647,0.00000
104.80250,0.49500,0.00970,0.99030,0.00000
104.90250,0.49500,0.08855,0.91145,0.00000
105.00250,0.49500,0.86868,0.13132,0.00000
105.10250,0.49500,0.88382,0.11618,0.00000
105.20250,0.49500,0.87488,0.12512,0.00000
105.30250,0.49500,0.75980,0.24020,0.00000
105.40250,0.49500,0.76704,0.23296,0.00000
105.50250,0.49500,0.96025,0.03975,0.00000
105.60250,0.49500,1.00000,0.00000,0.00000
105.70250,0.49500,1.00000,0.00000,0.00000
105.80250,0.49500,1.00000,0.00000,0.00000
105.90250,0.49500,1.00000,0.00000,0.00000
106.00250,0.49500,1.00000,0.00000,0.00000
106.10250,0.49500,0.99997,0.00003,0.00000
106.20250,0.49500,0.99986,0.00013,0.00000
106.30250,0.49500,0.99883,0.00070,0.00047
106.40250,0.49500,0.65122,0.06835,0.28043
106.50250,0.49500,0.53879,0.01621,0.44500
106.60250,0.49500,0.77806,0.02216,0.19977
106.70250,0.49500,0.82107,0.04415,0.13478
106.80250,0.49500,0.45523,0.13680,0.40797
106.90250,0.49500,0.41344,0.15352,0.43304
107.00250,0.49500,0.16072,0.18291,0.65637
107.10250,0.49500,0.15673,0.30724,0.53603
107.20250,0.49500,0.17087,0.22236,0.60677
107.30250,0.49500,0.09499,0.29304,0.61197
107.40250,0.49500,0.16749,0.24921,0.58330
107.50250,0.49500,0.15499,0.32948,0.51553
107.60250,0.49500,0.10050,0.25430,0.64520
107.70250,0.49500,0.06030,0.29064,0.64906
107.80250,0.49500,0.02760,0.24859,0.72381
107.90250,0.49500,0.02210,0.18498,0.79293
108.00250,0.49500,0.04945,0.24683,0.70372
108.10250,0.49500,0.03127,0.25320,0.71554
108.20250,0.49500,0.04178,0.34801,0.61021
108.30250,0.49500,0.04869,0.41083,0.54048
108.40250,0.49500,0.01188,0.13870,0.84942
108.50250,0.49500,0.01486,0.15811,0.82703
108.60250,0.49500,0.01010,0.22498,0.76492
108.70250,0.49500,0.00807,0.19275,0.79919
108.80250,0.49500,0.00474,0.16752,0.82775
108.90250,0.49500,0.00780,0.13472,0.85748
109.00250,0.49500,0.00661,0.14454,0.84885
109.10250,0.49500,0.01335,0.17958,0.80707
109.20250,0.49500,0.01877,0.15253,0.82870
109.30250,0.49500,0.03040,0.26900,0.70059
109.40250,0.49500,0.01035,0.20659,0.78306
109.50250,0.49500,0.02046,0.22152,0.75801
109.60250,0.49500,0.01512,0.20193,0.78295
109.70250,0.49500,0.00922,0.21543,0.77536
109.80250,0.49500,0.01569,0.15129,0.83302
109.90250,0.49500,0.01015,0.25241,0.73744
110.00250,0.49500,0.01509,0.19600,0.78891
110.10250,0.49500,0.01341,0.18364,0.80295
110.20250,0.49500,0.02738,0.26385,0.70877
110.30250,0.49500,0.01984,0.27187,0.70829
110.40250,0.49500,0.04148,0.20817,0.75034
110.50250,0.49500,0.06914,0.37202,0.55884
110.60250,0.49500,0.04065,0.20293,0.75642
110.70250,0.49500,0.04116,0.23392,0.72492
110.80250,0.49500,0.02079,0.26266,0.71655
110.90250,0.49500,0.01446,0.17902,0.80652
111.00250,0.49500,0.01868,0.18249,0.79883
111.10250,0.49500,0.01815,0.22092,0.76094
111.20250,0.49500,0.02307,0.22018,0.75676
111.30250,0.49500,0.00909,0.20966,0.78125
111.40250,0.49500,0.01714,0.20833,0.77453
111.50250,0.49500,0.01731,0.30153,0.68115
111.60250,0.49500,0.02510,0.17439,0.80051
111.70250,0.49500,0.04108,0.18356,0.77536
111.80250,0.49500,0.05984,0.27587,0.66430
111.90250,0.49500,0.05755,0.25925,0.68320
112.00250,0.49500,0.02794,0.21749,0.75456
112.10250,0.49500,0.01090,0.16961,0.81949
112.20250,0.49500,0.02593,0.23861,0.73546
112.30250,0.49500,0.02013,0.27236,0.70751
112.40250,0.49500,0.05342,0.26754,0.67905
112.50250,0.49500,0.03375,0.31939,0.64686
112.60250,0.49500,0.03629,0.18206,0.78165
112.70250,0.49500,0.02744,0.24164,0.73092
112.80250,0.49500,0.03951,0.22716,0.73332
112.90250,0.49500,0.08864,0.31303,0.59832
113.00250,0.49500,0.09514,0.34396,0.56091
113.10250,0.49500,0.18569,0.18565,0.62865
113.20250,0.49500,0.10958,0.29450,0.59592
113.30250,0.49500,0.14089,0.29073,0.56837
113.40250,0.49500,0.16889,0.20566,0.62545
113.50250,0.49500,0.12308,0.20222,0.67471
113.60250,0.49500,0.07263,0.15496,0.77242
113.70250,0.49500,0.17559,0.23075,0.59366
113.80250,0.49500,0.20572,0.20708,0.58720
113.90250,0.49500,0.25876,0.18600,0.55524
114.00250,0.49500,0.24821,0.06666,0.68513
114.10250,0.49500,0.34120,0.20922,0.44958
114.20250,0.49500,0.27122,0.36850,0.36028
114.30250,0.49500,0.74044,0.05308,0.20648
114.40250,0.49500,0.99877,0.00091,0.00031
114.50250,0.49500,0.99999,0.00001,0.00000
114.60250,0.49500,1.00000,0.00000,0.00000
114.70250,0.49500,1.00000,0.00000,0.00000
114.80250,0.49500,1.00000,0.00000,0.00000
114.90250,0.49500,1.00000,0.00000,0.00000
115.00250,0.49500,1.00000,0.00000,0.00000
115.10250,0.49500,1.00000,0.00000,0.00000
115.20250,0.49500,1.00000,0.00000,0.00000
115.30250,0.49500,1.00000,0.00000,0.00000
115.40250,0.49500,0.99982,0.00018,0.00000
115.50250,0.49500,0.99930,0.00025,0.00045
115.60250,0.49500,0.99654,0.00290,0.00056
115.70250,0.49500,0.98882,0.00801,0.00317
115.80250,0.49500,0.98687,0.01167,0.00145
115.90250,0.49500,0.90719,0.09054,0.00227
116.00250,0.49500,0.93291,0.06349,0.00359
116.10250,0.49500,0.41494,0.56141,0.02365
116.20250,0.49500,0.14341,0.67830,0.17830
116.30250,0.49500,0.01955,0.22908,0.75137
116.40250,0.49500,0.09237,0.73706,0.17057
116.50250,0.49500,0.18463,0.53527,0.28010
116.60250,0.49500,0.39149,0.28160,0.32691
116.70250,0.49500,0.53842,0.20394,0.25764
116.80250,0.49500,0.43290,0.38388,0.18322
116.90250,0.49500,0.13346,0.42394,0.44260
117.00250,0.49500,0.17802,0.33588,0.48610
117.10250,0.49500,0.24366,0.59656,0.15978
117.20250,0.49500,0.19336,0.44463,0.36201
117.30250,0.49500,0.08783,0.29820,0.61397
117.40250,0.49500,0.03574,0.86135,0.10291
117.50250,0.49500,0.04741,0.33475,0.61783
117.60250,0.49500,0.14610,0.45964,0.39426
117.70250,0.49500,0.21570,0.69176,0.09254
117.80250,0.49500,0.23823,0.54785,0.21392
117.90250,0.49500,0.20817,0.43224,0.35959
118.00250,0.49500,0.14207,0.37690,0.48103
118.10250,0.49500,0.09898,0.40138,0.49964
118.20250,0.49500,0.03245,0.47136,0.49619
118.30250,0.49500,0.01552,0.49770,0.48677
118.40250,0.49500,0.01392,0.39720,0.58888
118.50250,0.49500,0.00683,0.61283,0.38034
118.60250,0.49500,0.00357,0.24618,0.75025
118.70250,0.49500,0.01642,0.29023,0.69335
118.80250,0.49500,0.05722,0.62874,0.31403
118.90250,0.49500,0.10741,0.35713,0.53547
119.00250,0.49500,0.03677,0.42021,0.54303
119.10250,0.49500,0.02721,0.42261,0.55017
119.20250,0.49500,0.01114,0.35371,0.63515
119.30250,0.49500,0.00824,0.36469,0.62707
119.40250,0.49500,0.00457,0.63187,0.36356
119.50250,0.49500,0.00752,0.57282,0.41966
119.60250,0.49500,0.05319,0.45736,0.48945
119.70250,0.49500,0.04192,0.32713,0.63095
119.80250,0.49500,0.07867,0.23797,0.68336
119.90250,0.49500,0.07954,0.43708,0.48337
120.00250,0.49500,0.03162,0.61169,0.35669
120.10250,0.49500,0.01432,0.38472,0.60096
120.20250,0.49500,0.01338,0.30368,0.68294
120.30250,0.49500,0.00591,0.54020,0.45388
120.40250,0.49500,0.01042,0.38184,0.60774
120.50250,0.49500,0.00624,0.22426,0.76949
120.60250,0.49500,0.02095,0.42717,0.55188
120.70250,0.49500,0.01267,0.20626,0.78107
120.80250,0.49500,0.01197,0.64155,0.34648
120.90250,0.49500,0.00499,0.50615,0.48887
121.00250,0.49500,0.01044,0.55528,0.43428
121.10250,0.49500,0.02010,0.38276,0.59714
121.20250,0.49500,0.01045,0.67167,0.31788
121.30250,0.49500,0.01240,0.51903,0.46857
121.40250,0.49500,0.01157,0.39100,0.59743
121.50250,0.49500,0.00936,0.30628,0.68437
121.60250,0.49500,0.00983,0.51125,0.47892
121.70250,0.49500,0.00855,0.32023,0.67122
121.80250,0.49500,0.00434,0.48890,0.50676
121.90250,0.49500,0.00432,0.53470,0.46097
