Time (seconds), Duration (seconds),pred_(unlabeled),pred_empty_box,pred_table
0.00250,0.49500,0.00024,0.99976,0.00000
0.10250,0.49500,0.00028,0.99972,0.00000
0.20250,0.49500,0.00028,0.99972,0.00000
0.30250,0.49500,0.00033,0.99967,0.00000
0.40250,0.49500,0.00029,0.99971,0.00000
0.50250,0.49500,0.00032,0.99968,0.00000
0.60250,0.49500,0.00028,0.99972,0.00000
0.70250,0.49500,0.00034,0.99966,0.00000
0.80250,0.49500,0.00028,0.99972,0.00000
0.90250,0.49500,0.00030,0.99970,0.00000
1.00250,0.49500,0.00031,0.99969,0.00000
1.10250,0.49500,0.00038,0.99962,0.00000
1.20250,0.49500,0.00037,0.99963,0.00000
1.30250,0.49500,0.00033,0.99967,0.00000
1.40250,0.49500,0.00028,0.99972,0.00000
1.50250,0.49500,0.00026,0.99974,0.00000
1.60250,0.49500,0.00026,0.99974,0.00000
1.70250,0.49500,0.00026,0.99974,0.00000
1.80250,0.49500,0.00026,0.99974,0.00000
1.90250,0.49500,0.00028,0.99972,0.00000
2.00250,0.49500,0.00026,0.99974,0.00000
2.10250,0.49500,0.00031,0.99969,0.00000
2.20250,0.49500,0.00033,0.99967,0.00000
2.30250,0.49500,0.00040,0.99960,0.00000
2.40250,0.49500,0.00035,0.99965,0.00000
2.50250,0.49500,0.00034,0.99966,0.00000
2.60250,0.49500,0.00031,0.99969,0.00000
2.70250,0.49500,0.00038,0.99962,0.00000
2.80250,0.49500,0.00031,0.99969,0.00000
2.90250,0.49500,0.00031,0.99969,0.00000
3.00250,0.49500,0.00025,0.99975,0.00000
3.10250,0.49500,0.00025,0.99975,0.00000
3.20250,0.49500,0.00024,0.99976,0.00000
3.30250,0.49500,0.00024,0.99976,0.00000
3.40250,0.49500,0.00037,0.99963,0.00000
3.50250,0.49500,0.00036,0.99964,0.00000
3.60250,0.49500,0.00033,0.99967,0.00000
3.70250,0.49500,0.00033,0.99967,0.00000
3.80250,0.49500,0.00029,0.99971,0.00000
3.90250,0.49500,0.00026,0.99974,0.00000
4.00250,0.49500,0.00028,0.99972,0.00000
4.10250,0.49500,0.00025,0.99975,0.00000
4.20250,0.49500,0.00027,0.99973,0.00000
4.30250,0.49500,0.00022,0.99978,0.00000
4.40250,0.49500,0.00027,0.99973,0.00000
4.50250,0.49500,0.00028,0.99972,0.00000
4.60250,0.49500,0.00031,0.99969,0.00000
4.70250,0.49500,0.00032,0.99968,0.00000
4.80250,0.49500,0.00030,0.99970,0.00000
4.90250,0.49500,0.00035,0.99965,0.00000
5.00250,0.49500,0.00029,0.99971,0.00000
5.10250,0.49500,0.00032,0.99968,0.00000
5.20250,0.49500,0.00024,0.99976,0.00000
5.30250,0.49500,0.00031,0.99969,0.00000
5.40250,0.49500,0.00023,0.99977,0.00000
5.50250,0.49500,0.00027,0.99973,0.00000
5.60250,0.49500,0.00026,0.99974,0.00000
5.70250,0.49500,0.00027,0.99973,0.00000
5.80250,0.49500,0.00027,0.99973,0.00000
5.90250,0.49500,0.00026,0.99974,0.00000
6.00250,0.49500,0.00028,0.99972,0.00000
6.10250,0.49500,0.00025,0.99975,0.00000
6.20250,0.49500,0.00028,0.99972,0.00000
6.30250,0.49500,0.00025,0.99974,0.00000
6.40250,0.49500,0.00027,0.99973,0.00000
6.50250,0.49500,0.00030,0.99970,0.00000
6.60250,0.49500,0.00036,0.99964,0.00000
6.70250,0.49500,0.00023,0.99977,0.00000
6.80250,0.49500,0.00024,0.99976,0.00000
6.90250,0.49500,0.00024,0.99976,0.00000
7.00250,0.49500,0.00026,0.99974,0.00000
7.10250,0.49500,0.00025,0.99975,0.00000
7.20250,0.49500,0.00028,0.99972,0.00000
7.30250,0.49500,0.00031,0.99969,0.00000
7.40250,0.49500,0.00028,0.99972,0.00000
7.50250,0.49500,0.00026,0.99974,0.00000
7.60250,0.49500,0.00032,0.99968,0.00000
7.70250,0.49500,0.00025,0.99975,0.00000
7.80250,0.49500,0.00032,0.99968,0.00000
7.90250,0.49500,0.00030,0.99970,0.00000
8.00250,0.49500,0.00032,0.99968,0.00000
8.10250,0.49500,0.00028,0.99972,0.00000
8.20250,0.49500,0.00025,0.99975,0.00000
8.30250,0.49500,0.00024,0.99976,0.00000
8.40250,0.49500,0.00028,0.99972,0.00000
8.50250,0.49500,0.00028,0.99972,0.00000
8.60250,0.49500,0.00033,0.99967,0.00000
8.70250,0.49500,0.00032,0.99968,0.00000
8.80250,0.49500,0.00036,0.99964,0.00000
8.90250,0.49500,0.00033,0.99967,0.00000
9.00250,0.49500,0.00037,0.99963,0.00000
9.10250,0.49500,0.00036,0.99964,0.00000
9.20250,0.49500,0.00030,0.99970,0.00000
9.30250,0.49500,0.00027,0.99973,0.00000
9.40250,0.49500,0.00029,0.99971,0.00000
9.50250,0.49500,0.00036,0.99964,0.00000
9.60250,0.49500,0.00033,0.99967,0.00000
9.70250,0.49500,0.00032,0.99968,0.00000
9.80250,0.49500,0.00029,0.99971,0.00000
9.90250,0.49500,0.00030,0.99970,0.00000
10.00250,0.49500,0.00023,0.99977,0.00000
10.10250,0.49500,0.00027,0.99973,0.00000
10.20250,0.49500,0.00028,0.99972,0.00000
10.30250,0.49500,0.00027,0.99973,0.00000
10.40250,0.49500,0.00028,0.99972,0.00000
10.50250,0.49500,0.00030,0.99970,0.00000
10.60250,0.49500,0.00025,0.99975,0.00000
10.70250,0.49500,0.00029,0.99971,0.00000
10.80250,0.49500,0.00026,0.99974,0.00000
10.90250,0.49500,0.00027,0.99973,0.00000
11.00250,0.49500,0.00030,0.99970,0.00000
11.10250,0.49500,0.00025,0.99975,0.00000
11.20250,0.49500,0.00026,0.99974,0.00000
11.30250,0.49500,0.00027,0.99973,0.00000
11.40250,0.49500,0.00023,0.99977,0.00000
11.50250,0.49500,0.00026,0.99974,0.00000
11.60250,0.49500,0.00030,0.99970,0.00000
11.70250,0.49500,0.00030,0.99970,0.00000
11.80250,0.49500,0.00054,0.99946,0.00000
11.90250,0.49500,0.00042,0.99958,0.00000
12.00250,0.49500,0.00088,0.99912,0.00000
12.10250,0.49500,0.00136,0.99864,0.00000
12.20250,0.49500,0.00202,0.99798,0.00000
12.30250,0.49500,0.00327,0.99673,0.00000
12.40250,0.49500,0.00586,0.99414,0.00000
12.50250,0.49500,0.00396,0.99604,0.00000
12.60250,0.49500,0.06374,0.93626,0.00000
12.70250,0.49500,0.40945,0.59055,0.00000
12.80250,0.49500,0.54727,0.45273,0.00000
12.90250,0.49500,0.75636,0.24364,0.00000
13.00250,0.49500,0.95461,0.04539,0.00000
13.10250,0.49500,0.97613,0.02387,0.00000
13.20250,0.49500,0.99888,0.00112,0.00000
13.30250,0.49500,0.99946,0.00054,0.00000
13.40250,0.49500,0.98075,0.01925,0.00000
13.50250,0.49500,0.44730,0.55270,0.00000
13.60250,0.49500,0.53864,0.46136,0.00000
13.70250,0.49500,0.98436,0.01564,0.00000
13.80250,0.49500,0.98068,0.01932,0.00000
13.90250,0.49500,0.98677,0.01323,0.00000
14.00250,0.49500,0.96049,0.03951,0.00000
14.10250,0.49500,0.78857,0.21143,0.00000
14.20250,0.49500,0.37607,0.62393,0.00000
14.30250,0.49500,0.18985,0.81015,0.00000
14.40250,0.49500,0.14172,0.85828,0.00000
14.50250,0.49500,0.14474,0.85526,0.00000
14.60250,0.49500,0.10122,0.89878,0.00000
14.70250,0.49500,0.04748,0.95252,0.00000
14.80250,0.49500,0.03265,0.96735,0.00000
14.90250,0.49500,0.04063,0.95937,0.00000
15.00250,0.49500,0.07584,0.92416,0.00000
15.10250,0.49500,0.16034,0.83966,0.00000
15.20250,0.49500,0.20232,0.79768,0.00000
15.30250,0.49500,0.10784,0.89216,0.00000
15.40250,0.49500,0.17443,0.82557,0.00000
15.50250,0.49500,0.09566,0.90434,0.00000
15.60250,0.49500,0.10819,0.89181,0.00000
15.70250,0.49500,0.12741,0.87259,0.00000
15.80250,0.49500,0.06195,0.93805,0.00000
15.90250,0.49500,0.03929,0.96071,0.00000
16.00250,0.49500,0.02750,0.97249,0.00001
16.10250,0.49500,0.04408,0.95592,0.00000
16.20250,0.49500,0.04338,0.95661,0.00000
16.30250,0.49500,0.03745,0.96255,0.00000
16.40250,0.49500,0.02902,0.97098,0.00000
16.50250,0.49500,0.01387,0.98613,0.00000
16.60250,0.49500,0.01707,0.98293,0.00000
16.70250,0.49500,0.01297,0.98703,0.00000
16.80250,0.49500,0.01154,0.98845,0.00000
16.90250,0.49500,0.01313,0.98687,0.00000
17.00250,0.49500,0.01316,0.98684,0.00000
17.10250,0.49500,0.01186,0.98814,0.00000
17.20250,0.49500,0.01340,0.98660,0.00001
17.30250,0.49500,0.01775,0.98224,0.00001
17.40250,0.49500,0.01196,0.98803,0.00001
17.50250,0.49500,0.01504,0.98496,0.00001
17.60250,0.49500,0.01570,0.98430,0.00000
17.70250,0.49500,0.01289,0.98710,0.00000
17.80250,0.49500,0.00986,0.99013,0.00000
17.90250,0.49500,0.01128,0.98871,0.00001
18.00250,0.49500,0.01005,0.98994,0.00001
18.10250,0.49500,0.01013,0.98987,0.00001
18.20250,0.49500,0.01026,0.98973,0.00001
18.30250,0.49500,0.01267,0.98733,0.00001
18.40250,0.49500,0.01061,0.98938,0.00000
18.50250,0.49500,0.01000,0.99000,0.00000
18.60250,0.49500,0.01010,0.98989,0.00000
18.70250,0.49500,0.01294,0.98705,0.00001
18.80250,0.49500,0.01152,0.98847,0.00001
18.90250,0.49500,0.01207,0.98792,0.00001
19.00250,0.49500,0.01444,0.98556,0.00001
19.10250,0.49500,0.01217,0.98782,0.00001
19.20250,0.49500,0.01358,0.98641,0.00001
19.30250,0.49500,0.01152,0.98847,0.00001
19.40250,0.49500,0.01154,0.98845,0.00001
19.50250,0.49500,0.01136,0.98862,0.00002
19.60250,0.49500,0.01398,0.98600,0.00002
19.70250,0.49500,0.01362,0.98636,0.00002
19.80250,0.49500,0.01237,0.98762,0.00002
19.90250,0.49500,0.01323,0.98675,0.00002
20.00250,0.49500,0.01276,0.98723,0.00001
20.10250,0.49500,0.01312,0.98687,0.00002
20.20250,0.49500,0.01043,0.98956,0.00001
20.30250,0.49500,0.01078,0.98920,0.00002
20.40250,0.49500,0.00955,0.99043,0.00002
20.50250,0.49500,0.01341,0.98658,0.00002
20.60250,0.49500,0.01357,0.98642,0.00001
20.70250,0.49500,0.01379,0.98620,0.00002
20.80250,0.49500,0.01277,0.98721,0.00002
20.90250,0.49500,0.01069,0.98929,0.00002
21.00250,0.49500,0.01153,0.98844,0.00003
21.10250,0.49500,0.01038,0.98959,0.00002
21.20250,0.49500,0.01106,0.98892,0.00002
21.30250,0.49500,0.01073,0.98925,0.00002
21.40250,0.49500,0.01032,0.98967,0.00001
21.50250,0.49500,0.01293,0.98705,0.00002
21.60250,0.49500,0.01367,0.98632,0.00001
21.70250,0.49500,0.01323,0.98676,0.00001
21.80250,0.49500,0.01297,0.98702,0.00001
21.90250,0.49500,0.01154,0.98845,0.00001
22.00250,0.49500,0.00990,0.99008,0.00002
22.10250,0.49500,0.01168,0.98830,0.00001
22.20250,0.49500,0.01108,0.98890,0.00001
22.30250,0.49500,0.01138,0.98861,0.00001
22.40250,0.49500,0.01176,0.98823,0.00001
22.50250,0.49500,0.01102,0.98897,0.00001
22.60250,0.49500,0.01425,0.98574,0.00001
22.70250,0.49500,0.01229,0.98770,0.00001
22.80250,0.49500,0.01418,0.98581,0.00001
22.90250,0.49500,0.01411,0.98588,0.00001
23.00250,0.49500,0.01478,0.98520,0.00001
23.10250,0.49500,0.01368,0.98630,0.00001
23.20250,0.49500,0.01277,0.98721,0.00002
23.30250,0.49500,0.01036,0.98962,0.00002
23.40250,0.49500,0.01126,0.98871,0.00003
23.50250,0.49500,0.01011,0.98987,0.00002
23.60250,0.49500,0.00986,0.99012,0.00002
23.70250,0.49500,0.01341,0.98656,0.00004
23.80250,0.49500,0.01867,0.98131,0.00002
23.90250,0.49500,0.01783,0.98215,0.00002
24.00250,0.49500,0.01738,0.98260,0.00002
24.10250,0.49500,0.01556,0.98442,0.00002
24.20250,0.49500,0.01193,0.98804,0.00003
24.30250,0.49500,0.01147,0.98850,0.00003
24.40250,0.49500,0.01165,0.98832,0.00003
24.50250,0.49500,0.01385,0.98612,0.00003
24.60250,0.49500,0.01360,0.98637,0.00003
24.70250,0.49500,0.01207,0.98791,0.00002
24.80250,0.49500,0.01158,0.98838,0.00003
24.90250,0.49500,0.01186,0.98809,0.00005
25.00250,0.49500,0.00924,0.99074,0.00002
25.10250,0.49500,0.02098,0.97899,0.00003
25.20250,0.49500,0.02733,0.97266,0.00002
25.30250,0.49500,0.07177,0.92820,0.00003
25.40250,0.49500,0.42243,0.57755,0.00002
25.50250,0.49500,0.76912,0.23088,0.00000
25.60250,0.49500,0.96676,0.03324,0.00000
25.70250,0.49500,0.97792,0.02208,0.00000
25.80250,0.49500,0.99886,0.00114,0.00000
25.90250,0.49500,0.99376,0.00624,0.00000
26.00250,0.49500,0.96963,0.03037,0.00000
26.10250,0.49500,0.93183,0.06817,0.00000
26.20250,0.49500,0.83365,0.16635,0.00000
26.30250,0.49500,0.50844,0.49156,0.00000
26.40250,0.49500,0.40490,0.59510,0.00000
26.50250,0.49500,0.57117,0.42883,0.00001
26.60250,0.49500,0.33089,0.66906,0.00004
26.70250,0.49500,0.28315,0.71682,0.00003
26.80250,0.49500,0.11844,0.88152,0.00004
26.90250,0.49500,0.02226,0.97747,0.00027
27.00250,0.49500,0.02173,0.97814,0.00014
27.10250,0.49500,0.02165,0.97823,0.00012
27.20250,0.49500,0.02323,0.97659,0.00018
27.30250,0.49500,0.02252,0.97736,0.00012
27.40250,0.49500,0.02223,0.97768,0.00009
27.50250,0.49500,0.02157,0.97832,0.00011
27.60250,0.49500,0.02268,0.97720,0.00013
27.70250,0.49500,0.02154,0.97835,0.00010
27.80250,0.49500,0.02231,0.97755,0.00013
27.90250,0.49500,0.02166,0.97821,0.00013
28.00250,0.49500,0.02149,0.97838,0.00013
28.10250,0.49500,0.02368,0.97619,0.00013
28.20250,0.49500,0.02209,0.97777,0.00014
28.30250,0.49500,0.02138,0.97845,0.00018
28.40250,0.49500,0.02244,0.97740,0.00016
28.50250,0.49500,0.02457,0.97525,0.00019
28.60250,0.49500,0.02316,0.97670,0.00014
28.70250,0.49500,0.02212,0.97773,0.00016
28.80250,0.49500,0.02200,0.97790,0.00010
28.90250,0.49500,0.02211,0.97777,0.00012
29.00250,0.49500,0.02184,0.97805,0.00011
29.10250,0.49500,0.02075,0.97916,0.00009
29.20250,0.49500,0.02039,0.97952,0.00009
29.30250,0.49500,0.02284,0.97705,0.00011
29.40250,0.49500,0.02324,0.97663,0.00013
29.50250,0.49500,0.02283,0.97705,0.00012
29.60250,0.49500,0.02234,0.97755,0.00011
29.70250,0.49500,0.02403,0.97584,0.00013
29.80250,0.49500,0.02168,0.97823,0.00010
29.90250,0.49500,0.02143,0.97848,0.00009
30.00250,0.49500,0.02631,0.97359,0.00010
30.10250,0.49500,0.02171,0.97821,0.00008
30.20250,0.49500,0.02166,0.97825,0.00009
30.30250,0.49500,0.02325,0.97665,0.00010
30.40250,0.49500,0.02040,0.97951,0.00010
30.50250,0.49500,0.02159,0.97832,0.00009
30.60250,0.49500,0.02006,0.97986,0.00007
30.70250,0.49500,0.02472,0.97518,0.00010
30.80250,0.49500,0.02127,0.97865,0.00009
30.90250,0.49500,0.02268,0.97723,0.00009
31.00250,0.49500,0.02376,0.97614,0.00010
31.10250,0.49500,0.02267,0.97722,0.00011
31.20250,0.49500,0.02506,0.97483,0.00011
31.30250,0.49500,0.02499,0.97490,0.00011
31.40250,0.49500,0.02085,0.97908,0.00007
31.50250,0.49500,0.02044,0.97949,0.00007
31.60250,0.49500,0.02007,0.97982,0.00011
31.70250,0.49500,0.02238,0.97751,0.00011
31.80250,0.49500,0.02164,0.97826,0.00010
31.90250,0.49500,0.02035,0.97958,0.00008
32.00250,0.49500,0.02111,0.97879,0.00010
32.10250,0.49500,0.02138,0.97854,0.00008
32.20250,0.49500,0.01996,0.97996,0.00008
32.30250,0.49500,0.01925,0.98068,0.00007
32.40250,0.49500,0.02188,0.97802,0.00010
32.50250,0.49500,0.02188,0.97803,0.00009
32.60250,0.49500,0.02371,0.97619,0.00010
32.70250,0.49500,0.02314,0.97676,0.00010
32.80250,0.49500,0.02210,0.97780,0.00010
32.90250,0.49500,0.02202,0.97790,0.00008
33.00250,0.49500,0.02159,0.97832,0.00009
33.10250,0.49500,0.02301,0.97689,0.00010
33.20250,0.49500,0.02261,0.97729,0.00009
33.30250,0.49500,0.02123,0.97869,0.00007
33.40250,0.49500,0.02042,0.97950,0.00009
33.50250,0.49500,0.01871,0.98122,0.00007
33.60250,0.49500,0.02045,0.97946,0.00010
33.70250,0.49500,0.02032,0.97961,0.00007
33.80250,0.49500,0.02031,0.97962,0.00007
33.90250,0.49500,0.01977,0.98017,0.00006
34.00250,0.49500,0.02118,0.97874,0.00009
34.10250,0.49500,0.01884,0.98109,0.00006
34.20250,0.49500,0.02161,0.97830,0.00009
34.30250,0.49500,0.02063,0.97929,0.00008
34.40250,0.49500,0.02161,0.97830,0.00009
34.50250,0.49500,0.02172,0.97818,0.00010
34.60250,0.49500,0.02017,0.97975,0.00008
34.70250,0.49500,0.02175,0.97816,0.00009
34.80250,0.49500,0.02247,0.97742,0.00011
34.90250,0.49500,0.02289,0.97701,0.00009
35.00250,0.49500,0.02232,0.97761,0.00007
35.10250,0.49500,0.01937,0.98057,0.00006
35.20250,0.49500,0.01986,0.98008,0.00006
35.30250,0.49500,0.02193,0.97799,0.00008
35.40250,0.49500,0.02112,0.97880,0.00007
35.50250,0.49500,0.01836,0.98158,0.00006
35.60250,0.49500,0.01992,0.98001,0.00007
35.70250,0.49500,0.02031,0.97962,0.00007
35.80250,0.49500,0.02059,0.97934,0.00006
35.90250,0.49500,0.02130,0.97863,0.00007
36.00250,0.49500,0.01890,0.98104,0.00006
36.10250,0.49500,0.01881,0.98113,0.00006
36.20250,0.49500,0.01788,0.98206,0.00006
36.30250,0.49500,0.02047,0.97947,0.00006
36.40250,0.49500,0.02223,0.97768,0.00008
36.50250,0.49500,0.01900,0.98094,0.00006
36.60250,0.49500,0.02098,0.97895,0.00007
36.70250,0.49500,0.02010,0.97983,0.00006
36.80250,0.49500,0.02147,0.97844,0.00009
36.90250,0.49500,0.01965,0.98029,0.00006
37.00250,0.49500,0.01920,0.98073,0.00007
37.10250,0.49500,0.02044,0.97947,0.00009
37.20250,0.49500,0.02136,0.97855,0.00009
37.30250,0.49500,0.02097,0.97894,0.00009
37.40250,0.49500,0.02127,0.97862,0.00011
37.50250,0.49500,0.02164,0.97828,0.00009
37.60250,0.49500,0.02075,0.97917,0.00008
37.70250,0.49500,0.02122,0.97869,0.00009
37.80250,0.49500,0.02267,0.97721,0.00012
37.90250,0.49500,0.02066,0.97924,0.00010
38.00250,0.49500,0.02300,0.97688,0.00012
38.10250,0.49500,0.02302,0.97689,0.00009
38.20250,0.49500,0.02310,0.97678,0.00012
38.30250,0.49500,0.02173,0.97818,0.00009
38.40250,0.49500,0.02176,0.97815,0.00010
38.50250,0.49500,0.02119,0.97872,0.00009
38.60250,0.49500,0.02330,0.97659,0.00011
38.70250,0.49500,0.02271,0.97719,0.00010
38.80250,0.49500,0.02388,0.97602,0.00011
38.90250,0.49500,0.02362,0.97627,0.00010
39.00250,0.49500,0.02277,0.97713,0.00010
39.10250,0.49500,0.02346,0.97641,0.00013
39.20250,0.49500,0.02250,0.97739,0.00011
39.30250,0.49500,0.02318,0.97668,0.00014
39.40250,0.49500,0.02229,0.97759,0.00012
39.50250,0.49500,0.02223,0.97766,0.00010
39.60250,0.49500,0.02177,0.97813,0.00010
39.70250,0.49500,0.02208,0.97782,0.00010
39.80250,0.49500,0.02418,0.97570,0.00012
39.90250,0.49500,0.02265,0.97722,0.00013
40.00250,0.49500,0.02171,0.97819,0.00011
40.10250,0.49500,0.02341,0.97646,0.00013
40.20250,0.49500,0.02403,0.97586,0.00011
40.30250,0.49500,0.02403,0.97586,0.00012
40.40250,0.49500,0.02256,0.97733,0.00011
40.50250,0.49500,0.02357,0.97632,0.00011
40.60250,0.49500,0.02273,0.97714,0.00013
40.70250,0.49500,0.02269,0.97715,0.00016
40.80250,0.49500,0.02249,0.97738,0.00013
40.90250,0.49500,0.02306,0.97677,0.00017
41.00250,0.49500,0.02142,0.97846,0.00011
41.10250,0.49500,0.02536,0.97448,0.00015
41.20250,0.49500,0.02366,0.97622,0.00013
41.30250,0.49500,0.02378,0.97608,0.00014
41.40250,0.49500,0.02261,0.97728,0.00011
41.50250,0.49500,0.02486,0.97501,0.00013
41.60250,0.49500,0.02379,0.97611,0.00010
41.70250,0.49500,0.02508,0.97480,0.00012
41.80250,0.49500,0.02396,0.97593,0.00011
41.90250,0.49500,0.02297,0.97691,0.00012
42.00250,0.49500,0.02546,0.97441,0.00013
42.10250,0.49500,0.02110,0.97879,0.00011
42.20250,0.49500,0.02154,0.97836,0.00009
42.30250,0.49500,0.02318,0.97672,0.00011
42.40250,0.49500,0.02146,0.97844,0.00009
42.50250,0.49500,0.02229,0.97763,0.00009
42.60250,0.49500,0.02061,0.97931,0.00008
42.70250,0.49500,0.02364,0.97626,0.00010
42.80250,0.49500,0.02293,0.97699,0.00009
42.90250,0.49500,0.02372,0.97618,0.00010
43.00250,0.49500,0.02057,0.97934,0.00009
43.10250,0.49500,0.02190,0.97800,0.00009
43.20250,0.49500,0.02220,0.97768,0.00012
43.30250,0.49500,0.02179,0.97810,0.00011
43.40250,0.49500,0.02041,0.97951,0.00008
43.50250,0.49500,0.02075,0.97916,0.00009
43.60250,0.49500,0.02173,0.97816,0.00011
43.70250,0.49500,0.01982,0.98009,0.00009
43.80250,0.49500,0.02230,0.97760,0.00010
43.90250,0.49500,0.02221,0.97770,0.00009
44.00250,0.49500,0.02398,0.97590,0.00012
44.10250,0.49500,0.02000,0.97992,0.00008
44.20250,0.49500,0.02196,0.97796,0.00009
44.30250,0.49500,0.02437,0.97552,0.00011
44.40250,0.49500,0.02182,0.97809,0.00009
44.50250,0.49500,0.02198,0.97793,0.00009
44.60250,0.49500,0.02500,0.97488,0.00012
44.70250,0.49500,0.02280,0.97710,0.00011
44.80250,0.49500,0.02188,0.97800,0.00012
44.90250,0.49500,0.02338,0.97647,0.00014
45.00250,0.49500,0.02361,0.97626,0.00014
45.10250,0.49500,0.02520,0.97464,0.00016
45.20250,0.49500,0.02388,0.97597,0.00014
45.30250,0.49500,0.02370,0.97613,0.00017
45.40250,0.49500,0.02418,0.97570,0.00013
45.50250,0.49500,0.02584,0.97403,0.00013
45.60250,0.49500,0.02349,0.97640,0.00012
45.70250,0.49500,0.02555,0.97433,0.00012
45.80250,0.49500,0.02554,0.97433,0.00013
45.90250,0.49500,0.02448,0.97540,0.00012
46.00250,0.49500,0.02534,0.97454,0.00012
46.10250,0.49500,0.02308,0.97680,0.00013
46.20250,0.49500,0.02459,0.97527,0.00014
46.30250,0.49500,0.02516,0.97467,0.00017
46.40250,0.49500,0.02139,0.97848,0.00013
46.50250,0.49500,0.02174,0.97810,0.00016
46.60250,0.49500,0.02209,0.97779,0.00012
46.70250,0.49500,0.02262,0.97720,0.00019
46.80250,0.49500,0.02093,0.97891,0.00016
46.90250,0.49500,0.02073,0.97915,0.00012
47.00250,0.49500,0.02091,0.97894,0.00014
47.10250,0.49500,0.03047,0.96935,0.00018
47.20250,0.49500,0.02711,0.97280,0.00009
47.30250,0.49500,0.14387,0.85609,0.00004
47.40250,0.49500,0.68213,0.31784,0.00003
47.50250,0.49500,0.45946,0.54053,0.00001
47.60250,0.49500,0.58006,0.41994,0.00000
47.70250,0.49500,0.57941,0.42058,0.00001
47.80250,0.49500,0.18623,0.81377,0.00000
47.90250,0.49500,0.95967,0.04033,0.00000
48.00250,0.49500,0.98622,0.01378,0.00000
48.10250,0.49500,0.99082,0.00918,0.00000
48.20250,0.49500,0.99275,0.00725,0.00000
48.30250,0.49500,0.99801,0.00199,0.00000
48.40250,0.49500,0.98964,0.01036,0.00000
48.50250,0.49500,0.96922,0.03078,0.00000
48.60250,0.49500,0.99299,0.00701,0.00000
48.70250,0.49500,0.98286,0.01714,0.00000
48.80250,0.49500,0.99871,0.00129,0.00000
48.90250,0.49500,0.99888,0.00112,0.00000
49.00250,0.49500,0.86862,0.13138,0.00000
49.10250,0.49500,0.92069,0.07931,0.00000
49.20250,0.49500,0.73717,0.26283,0.00000
49.30250,0.49500,0.68821,0.31179,0.00000
49.40250,0.49500,0.86748,0.13251,0.00001
49.50250,0.49500,0.48549,0.51374,0.00077
49.60250,0.49500,0.08561,0.91176,0.00263
49.70250,0.49500,0.04302,0.95602,0.00096
49.80250,0.49500,0.02007,0.97987,0.00006
49.90250,0.49500,0.01791,0.98207,0.00002
50.00250,0.49500,0.01789,0.98209,0.00002
50.10250,0.49500,0.01278,0.98722,0.00001
50.20250,0.49500,0.01329,0.98671,0.00001
50.30250,0.49500,0.01191,0.98808,0.00001
50.40250,0.49500,0.01476,0.98523,0.00001
50.50250,0.49500,0.01315,0.98684,0.00001
50.60250,0.49500,0.01646,0.98353,0.00001
50.70250,0.49500,0.01244,0.98755,0.00001
50.80250,0.49500,0.01371,0.98628,0.00001
50.90250,0.49500,0.01269,0.98730,0.00001
51.00250,0.49500,0.01139,0.98860,0.00001
51.10250,0.49500,0.01099,0.98901,0.00001
51.20250,0.49500,0.01219,0.98780,0.00001
51.30250,0.49500,0.01402,0.98597,0.00001
51.40250,0.49500,0.01111,0.98888,0.00001
51.50250,0.49500,0.01168,0.98831,0.00001
51.60250,0.49500,0.01131,0.98868,0.00000
51.70250,0.49500,0.01156,0.98844,0.00000
51.80250,0.49500,0.01243,0.98756,0.00001
51.90250,0.49500,0.01304,0.98695,0.00000
52.00250,0.49500,0.01168,0.98832,0.00000
52.10250,0.49500,0.01010,0.98990,0.00000
52.20250,0.49500,0.01079,0.98920,0.00001
52.30250,0.49500,0.01099,0.98900,0.00001
52.40250,0.49500,0.01178,0.98821,0.00001
52.50250,0.49500,0.01343,0.98656,0.00001
52.60250,0.49500,0.01110,0.98889,0.00001
52.70250,0.49500,0.01205,0.98794,0.00001
52.80250,0.49500,0.01166,0.98833,0.00001
52.90250,0.49500,0.01108,0.98892,0.00001
53.00250,0.49500,0.01238,0.98761,0.00001
53.10250,0.49500,0.01211,0.98789,0.00001
53.20250,0.49500,0.01310,0.98689,0.00001
53.30250,0.49500,0.01238,0.98761,0.00001
53.40250,0.49500,0.01162,0.98838,0.00001
53.50250,0.49500,0.01237,0.98762,0.00001
53.60250,0.49500,0.01210,0.98790,0.00001
53.70250,0.49500,0.01180,0.98819,0.00000
53.80250,0.49500,0.01231,0.98769,0.00000
53.90250,0.49500,0.01365,0.98635,0.00001
54.00250,0.49500,0.01209,0.98791,0.00000
54.10250,0.49500,0.01282,0.98717,0.00001
54.20250,0.49500,0.01088,0.98912,0.00001
54.30250,0.49500,0.01221,0.98778,0.00001
54.40250,0.49500,0.01218,0.98782,0.00001
54.50250,0.49500,0.01200,0.98800,0.00001
54.60250,0.49500,0.01262,0.98738,0.00001
54.70250,0.49500,0.01462,0.98538,0.00001
54.80250,0.49500,0.01490,0.98509,0.00001
54.90250,0.49500,0.01299,0.98700,0.00000
55.00250,0.49500,0.01400,0.98600,0.00000
55.10250,0.49500,0.01298,0.98702,0.00000
55.20250,0.49500,0.01349,0.98650,0.00001
55.30250,0.49500,0.01223,0.98777,0.00000
55.40250,0.49500,0.01251,0.98749,0.00001
55.50250,0.49500,0.01259,0.98740,0.00000
55.60250,0.49500,0.01453,0.98546,0.00000
55.70250,0.49500,0.01345,0.98655,0.00000
55.80250,0.49500,0.01633,0.98367,0.00001
55.90250,0.49500,0.01275,0.98725,0.00000
56.00250,0.49500,0.01308,0.98692,0.00000
56.10250,0.49500,0.01082,0.98917,0.00000
56.20250,0.49500,0.01188,0.98811,0.00000
56.30250,0.49500,0.01354,0.98645,0.00001
56.40250,0.49500,0.01273,0.98726,0.00001
56.50250,0.49500,0.01330,0.98669,0.00001
56.60250,0.49500,0.01209,0.98790,0.00001
56.70250,0.49500,0.01263,0.98736,0.00000
56.80250,0.49500,0.01292,0.98708,0.00000
56.90250,0.49500,0.01337,0.98663,0.00000
57.00250,0.49500,0.01295,0.98705,0.00000
57.10250,0.49500,0.01327,0.98673,0.00000
57.20250,0.49500,0.01255,0.98745,0.00000
57.30250,0.49500,0.01266,0.98734,0.00000
57.40250,0.49500,0.01339,0.98660,0.00000
57.50250,0.49500,0.01282,0.98718,0.00000
57.60250,0.49500,0.01174,0.98826,0.00000
57.70250,0.49500,0.01284,0.98715,0.00000
57.80250,0.49500,0.01261,0.98738,0.00000
57.90250,0.49500,0.01235,0.98764,0.00000
58.00250,0.49500,0.01253,0.98747,0.00000
58.10250,0.49500,0.01331,0.98669,0.00000
58.20250,0.49500,0.01372,0.98628,0.00000
58.30250,0.49500,0.01289,0.98711,0.00000
58.40250,0.49500,0.01453,0.98547,0.00000
58.50250,0.49500,0.01396,0.98604,0.00000
58.60250,0.49500,0.01433,0.98567,0.00000
58.70250,0.49500,0.01331,0.98669,0.00000
58.80250,0.49500,0.01245,0.98754,0.00000
58.90250,0.49500,0.01284,0.98715,0.00000
59.00250,0.49500,0.01540,0.98460,0.00000
59.10250,0.49500,0.01382,0.98618,0.00000
59.20250,0.49500,0.01465,0.98535,0.00000
59.30250,0.49500,0.01284,0.98716,0.00000
59.40250,0.49500,0.01349,0.98651,0.00000
59.50250,0.49500,0.01365,0.98635,0.00000
59.60250,0.49500,0.01258,0.98741,0.00001
59.70250,0.49500,0.01198,0.98801,0.00001
59.80250,0.49500,0.01267,0.98733,0.00000
59.90250,0.49500,0.01293,0.98707,0.00000
60.00250,0.49500,0.01297,0.98703,0.00000
60.10250,0.49500,0.01488,0.98512,0.00000
60.20250,0.49500,0.01212,0.98788,0.00000
60.30250,0.49500,0.01352,0.98648,0.00000
60.40250,0.49500,0.01194,0.98806,0.00000
60.50250,0.49500,0.01240,0.98759,0.00000
60.60250,0.49500,0.01407,0.98593,0.00000
60.70250,0.49500,0.01424,0.98576,0.00000
60.80250,0.49500,0.01310,0.98690,0.00000
60.90250,0.49500,0.01273,0.98726,0.00000
61.00250,0.49500,0.01186,0.98813,0.00000
61.10250,0.49500,0.01228,0.98772,0.00000
61.20250,0.49500,0.01467,0.98532,0.00000
61.30250,0.49500,0.01342,0.98658,0.00000
61.40250,0.49500,0.01408,0.98592,0.00000
61.50250,0.49500,0.01349,0.98651,0.00000
61.60250,0.49500,0.01513,0.98487,0.00000
61.70250,0.49500,0.01251,0.98749,0.00000
61.80250,0.49500,0.01370,0.98630,0.00000
61.90250,0.49500,0.01183,0.98817,0.00000
62.00250,0.49500,0.01346,0.98654,0.00000
62.10250,0.49500,0.01381,0.98618,0.00000
62.20250,0.49500,0.01346,0.98654,0.00000
62.30250,0.49500,0.01395,0.98605,0.00000
62.40250,0.49500,0.01343,0.98657,0.00000
62.50250,0.49500,0.01303,0.98696,0.00000
62.60250,0.49500,0.01350,0.98649,0.00000
62.70250,0.49500,0.01275,0.98724,0.00000
62.80250,0.49500,0.01350,0.98650,0.00000
62.90250,0.49500,0.01345,0.98655,0.00000
63.00250,0.49500,0.01429,0.98571,0.00000
63.10250,0.49500,0.01373,0.98627,0.00000
63.20250,0.49500,0.01194,0.98806,0.00000
63.30250,0.49500,0.01358,0.98641,0.00000
63.40250,0.49500,0.01157,0.98843,0.00000
63.50250,0.49500,0.01391,0.98609,0.00000
63.60250,0.49500,0.01458,0.98541,0.00000
63.70250,0.49500,0.01339,0.98661,0.00000
63.80250,0.49500,0.01305,0.98694,0.00000
63.90250,0.49500,0.01217,0.98783,0.00000
64.00250,0.49500,0.01299,0.98701,0.00000
64.10250,0.49500,0.01354,0.98646,0.00000
64.20250,0.49500,0.01173,0.98827,0.00000
64.30250,0.49500,0.01517,0.98482,0.00000
64.40250,0.49500,0.01144,0.98856,0.00000
64.50250,0.49500,0.01241,0.98759,0.00000
64.60250,0.49500,0.01276,0.98724,0.00000
64.70250,0.49500,0.01446,0.98554,0.00000
64.80250,0.49500,0.01266,0.98734,0.00000
64.90250,0.49500,0.01262,0.98738,0.00000
65.00250,0.49500,0.01523,0.98476,0.00000
65.10250,0.49500,0.01296,0.98704,0.00000
65.20250,0.49500,0.01456,0.98544,0.00000
65.30250,0.49500,0.01500,0.98500,0.00000
65.40250,0.49500,0.01371,0.98629,0.00000
65.50250,0.49500,0.01506,0.98494,0.00000
65.60250,0.49500,0.01435,0.98565,0.00000
65.70250,0.49500,0.02738,0.97262,0.00000
65.80250,0.49500,0.02218,0.97782,0.00000
65.90250,0.49500,0.03999,0.96000,0.00001
66.00250,0.49500,0.03611,0.96388,0.00001
66.10250,0.49500,0.02846,0.97153,0.00001
66.20250,0.49500,0.13604,0.86395,0.00001
66.30250,0.49500,0.78629,0.21371,0.00000
66.40250,0.49500,0.90947,0.09053,0.00000
66.50250,0.49500,0.82922,0.17078,0.00000
66.60250,0.49500,0.85162,0.14838,0.00000
66.70250,0.49500,0.95097,0.04903,0.00000
66.80250,0.49500,0.89229,0.10771,0.00000
66.90250,0.49500,0.95202,0.04798,0.00000
67.00250,0.49500,0.99034,0.00966,0.00000
67.10250,0.49500,0.96867,0.03133,0.00000
67.20250,0.49500,0.96120,0.03880,0.00000
67.30250,0.49500,0.98969,0.01031,0.00000
67.40250,0.49500,0.99702,0.00298,0.00000
67.50250,0.49500,0.99017,0.00983,0.00000
67.60250,0.49500,0.91754,0.08246,0.00000
67.70250,0.49500,0.88748,0.11252,0.00000
67.80250,0.49500,0.88670,0.11328,0.00001
67.90250,0.49500,0.89131,0.10842,0.00026
68.00250,0.49500,0.92327,0.07620,0.00053
68.10250,0.49500,0.95496,0.01724,0.02780
68.20250,0.49500,0.87525,0.04342,0.08133
68.30250,0.49500,0.66099,0.21174,0.12727
68.40250,0.49500,0.37482,0.00886,0.61632
68.50250,0.49500,0.33062,0.00007,0.66931
68.60250,0.49500,0.53259,0.00000,0.46741
68.70250,0.49500,0.61757,0.00000,0.38243
68.80250,0.49500,0.48666,0.00000,0.51334
68.90250,0.49500,0.68343,0.00000,0.31657
69.00250,0.49500,0.72728,0.00000,0.27272
69.10250,0.49500,0.63399,0.00011,0.36590
69.20250,0.49500,0.16449,0.00049,0.83502
69.30250,0.49500,0.09745,0.01347,0.88909
69.40250,0.49500,0.07085,0.05992,0.86923
69.50250,0.49500,0.10800,0.31189,0.58011
69.60250,0.49500,0.16212,0.20669,0.63119
69.70250,0.49500,0.29998,0.11936,0.58066
69.80250,0.49500,0.19217,0.09026,0.71757
69.90250,0.49500,0.34627,0.08939,0.56434
70.00250,0.49500,0.25062,0.12700,0.62237
70.10250,0.49500,0.12531,0.06744,0.80725
70.20250,0.49500,0.17371,0.12122,0.70507
70.30250,0.49500,0.10902,0.24693,0.64404
70.40250,0.49500,0.06604,0.16434,0.76961
70.50250,0.49500,0.07332,0.21048,0.71619
70.60250,0.49500,0.05785,0.19444,0.74771
70.70250,0.49500,0.05970,0.33838,0.60192
70.80250,0.49500,0.04267,0.30090,0.65643
70.90250,0.49500,0.05433,0.24600,0.69967
71.00250,0.49500,0.05223,0.23656,0.71120
71.10250,0.49500,0.04176,0.29754,0.66070
71.20250,0.49500,0.04896,0.30044,0.65060
71.30250,0.49500,0.05449,0.24918,0.69634
71.40250,0.49500,0.06958,0.27835,0.65208
71.50250,0.49500,0.07136,0.30599,0.62265
71.60250,0.49500,0.03874,0.34738,0.61388
71.70250,0.49500,0.03807,0.23633,0.72560
71.80250,0.49500,0.03195,0.20909,0.75896
71.90250,0.49500,0.03376,0.20535,0.76089
72.00250,0.49500,0.04563,0.24411,0.71027
72.10250,0.49500,0.04404,0.20214,0.75383
72.20250,0.49500,0.05133,0.22939,0.71928
72.30250,0.49500,0.04801,0.17150,0.78049
72.40250,0.49500,0.03867,0.14157,0.81977
72.50250,0.49500,0.03523,0.16896,0.79581
72.60250,0.49500,0.03237,0.12448,0.84315
72.70250,0.49500,0.03913,0.10875,0.85212
72.80250,0.49500,0.03419,0.17901,0.78680
72.90250,0.49500,0.05405,0.17674,0.76922
73.00250,0.49500,0.07296,0.08750,0.83954
73.10250,0.49500,0.05201,0.10562,0.84237
73.20250,0.49500,0.04645,0.16112,0.79243
73.30250,0.49500,0.05093,0.10358,0.84550
73.40250,0.49500,0.03819,0.06228,0.89953
73.50250,0.49500,0.03386,0.19516,0.77097
73.60250,0.49500,0.02988,0.16968,0.80044
73.70250,0.49500,0.03495,0.24638,0.71867
73.80250,0.49500,0.03271,0.29342,0.67387
73.90250,0.49500,0.03064,0.36793,0.60142
74.00250,0.49500,0.04277,0.32621,0.63102
74.10250,0.49500,0.04423,0.33141,0.62436
74.20250,0.49500,0.04504,0.21208,0.74288
74.30250,0.49500,0.04745,0.16942,0.78313
74.40250,0.49500,0.02941,0.16383,0.80677
74.50250,0.49500,0.03033,0.06909,0.90058
74.60250,0.49500,0.02780,0.04694,0.92526
74.70250,0.49500,0.03064,0.11652,0.85285
74.80250,0.49500,0.03044,0.06713,0.90243
74.90250,0.49500,0.04631,0.07734,0.87635
75.00250,0.49500,0.04533,0.14055,0.81412
75.10250,0.49500,0.05980,0.14849,0.79171
75.20250,0.49500,0.04143,0.09282,0.86574
75.30250,0.49500,0.03999,0.14228,0.81772
75.40250,0.49500,0.03150,0.11208,0.85643
75.50250,0.49500,0.03763,0.07451,0.88786
75.60250,0.49500,0.04423,0.06069,0.89508
75.70250,0.49500,0.06455,0.09714,0.83831
75.80250,0.49500,0.06481,0.07244,0.86275
75.90250,0.49500,0.05426,0.07080,0.87494
76.00250,0.49500,0.03830,0.10961,0.85209
76.10250,0.49500,0.03593,0.15146,0.81261
76.20250,0.49500,0.03179,0.13699,0.83122
76.30250,0.49500,0.03396,0.12863,0.83741
76.40250,0.49500,0.03875,0.22080,0.74044
76.50250,0.49500,0.03698,0.25509,0.70793
76.60250,0.49500,0.03833,0.12656,0.83511
76.70250,0.49500,0.04556,0.14640,0.80804
76.80250,0.49500,0.07654,0.25831,0.66514
76.90250,0.49500,0.07516,0.27330,0.65155
77.00250,0.49500,0.08802,0.19739,0.71459
77.10250,0.49500,0.05133,0.61881,0.32986
77.20250,0.49500,0.02095,0.54684,0.43221
77.30250,0.49500,0.03101,0.28861,0.68039
77.40250,0.49500,0.03871,0.53971,0.42158
77.50250,0.49500,0.03613,0.43593,0.52795
77.60250,0.49500,0.07740,0.25538,0.66722
77.70250,0.49500,0.07564,0.16992,0.75444
77.80250,0.49500,0.06584,0.22213,0.71203
77.90250,0.49500,0.08915,0.09002,0.82083
78.00250,0.49500,0.04819,0.08452,0.86729
78.10250,0.49500,0.05225,0.07211,0.87564
78.20250,0.49500,0.06452,0.09498,0.84050
78.30250,0.49500,0.06070,0.07225,0.86705
78.40250,0.49500,0.07358,0.11468,0.81174
78.50250,0.49500,0.10718,0.13280,0.76003
78.60250,0.49500,0.06127,0.14079,0.79794
78.70250,0.49500,0.05884,0.14481,0.79635
78.80250,0.49500,0.05131,0.14969,0.79900
78.90250,0.49500,0.04237,0.16279,0.79484
79.00250,0.49500,0.05033,0.20079,0.74887
79.10250,0.49500,0.16316,0.25973,0.57711
79.20250,0.49500,0.15095,0.20150,0.64756
79.30250,0.49500,0.14558,0.17605,0.67837
79.40250,0.49500,0.09879,0.19969,0.70152
79.50250,0.49500,0.05845,0.06546,0.87609
79.60250,0.49500,0.06108,0.10408,0.83485
79.70250,0.49500,0.05545,0.17035,0.77421
79.80250,0.49500,0.07676,0.10861,0.81463
79.90250,0.49500,0.04061,0.05297,0.90642
80.00250,0.49500,0.05130,0.15150,0.79719
80.10250,0.49500,0.07542,0.07711,0.84747
80.20250,0.49500,0.07039,0.06248,0.86713
80.30250,0.49500,0.03954,0.05756,0.90290
80.40250,0.49500,0.03735,0.06198,0.90067
80.50250,0.49500,0.04910,0.05682,0.89409
80.60250,0.49500,0.04676,0.07590,0.87735
80.70250,0.49500,0.05298,0.06545,0.88157
80.80250,0.49500,0.04291,0.03741,0.91968
80.90250,0.49500,0.03694,0.03913,0.92394
81.00250,0.49500,0.03632,0.03094,0.93275
81.10250,0.49500,0.04640,0.03683,0.91677
81.20250,0.49500,0.04710,0.01812,0.93478
81.30250,0.49500,0.07157,0.03365,0.89478
81.40250,0.49500,0.05793,0.04644,0.89563
81.50250,0.49500,0.06215,0.06569,0.87216
81.60250,0.49500,0.05006,0.04830,0.90164
81.70250,0.49500,0.04742,0.07876,0.87382
81.80250,0.49500,0.03773,0.06429,0.89798
81.90250,0.49500,0.03289,0.03173,0.93538
82.00250,0.49500,0.02632,0.02321,0.95048
82.10250,0.49500,0.02992,0.02798,0.94210
82.20250,0.49500,0.03828,0.02470,0.93703
82.30250,0.49500,0.04397,0.02488,0.93115
82.40250,0.49500,0.04210,0.03558,0.92232
82.50250,0.49500,0.04180,0.04570,0.91251
82.60250,0.49500,0.04671,0.05529,0.89800
82.70250,0.49500,0.04166,0.06669,0.89165
82.80250,0.49500,0.03370,0.04890,0.91740
82.90250,0.49500,0.02808,0.04061,0.93131
83.00250,0.49500,0.03099,0.03639,0.93261
83.10250,0.49500,0.02639,0.02380,0.94981
83.20250,0.49500,0.02847,0.01812,0.95341
83.30250,0.49500,0.04621,0.01527,0.93852
83.40250,0.49500,0.03975,0.01491,0.94534
83.50250,0.49500,0.04754,0.01265,0.93981
