Time (seconds), Duration (seconds),pred_(unlabeled),pred_empty_box,pred_table
0.00250,0.49500,0.09680,0.29398,0.60922
0.10250,0.49500,0.07772,0.18349,0.73879
0.20250,0.49500,0.05522,0.28356,0.66123
0.30250,0.49500,0.05559,0.27474,0.66967
0.40250,0.49500,0.06726,0.27062,0.66212
0.50250,0.49500,0.02841,0.16707,0.80452
0.60250,0.49500,0.03272,0.28645,0.68083
0.70250,0.49500,0.03058,0.28449,0.68492
0.80250,0.49500,0.04329,0.36825,0.58845
0.90250,0.49500,0.01297,0.26825,0.71878
1.00250,0.49500,0.03599,0.19914,0.76487
1.10250,0.49500,0.03996,0.25852,0.70152
1.20250,0.49500,0.04136,0.18086,0.77778
1.30250,0.49500,0.05013,0.30414,0.64573
1.40250,0.49500,0.04731,0.38875,0.56394
1.50250,0.49500,0.03564,0.21629,0.74807
1.60250,0.49500,0.06590,0.31989,0.61421
1.70250,0.49500,0.02720,0.32807,0.64473
1.80250,0.49500,0.09160,0.33790,0.57050
1.90250,0.49500,0.06652,0.35764,0.57583
2.00250,0.49500,0.03615,0.48861,0.47524
2.10250,0.49500,0.08839,0.33882,0.57278
2.20250,0.49500,0.02369,0.56988,0.40643
2.30250,0.49500,0.08374,0.40254,0.51373
2.40250,0.49500,0.07637,0.29603,0.62760
2.50250,0.49500,0.05695,0.45018,0.49287
2.60250,0.49500,0.06819,0.43963,0.49218
2.70250,0.49500,0.02840,0.31807,0.65353
2.80250,0.49500,0.07797,0.37467,0.54737
2.90250,0.49500,0.03747,0.32276,0.63977
3.00250,0.49500,0.08979,0.32212,0.58809
3.10250,0.49500,0.03373,0.45239,0.51387
3.20250,0.49500,0.04901,0.33397,0.61703
3.30250,0.49500,0.05297,0.35716,0.58987
3.40250,0.49500,0.03975,0.40385,0.55640
3.50250,0.49500,0.06245,0.22567,0.71188
3.60250,0.49500,0.06044,0.26233,0.67723
3.70250,0.49500,0.10754,0.30322,0.58923
3.80250,0.49500,0.14369,0.47093,0.38538
3.90250,0.49500,0.07948,0.20854,0.71198
4.00250,0.49500,0.06819,0.21841,0.71340
4.10250,0.49500,0.04065,0.39875,0.56060
4.20250,0.49500,0.05688,0.32958,0.61354
4.30250,0.49500,0.05409,0.35433,0.59158
4.40250,0.49500,0.02557,0.33943,0.63500
4.50250,0.49500,0.01000,0.34308,0.64692
4.60250,0.49500,0.02127,0.42149,0.55724
4.70250,0.49500,0.02291,0.43024,0.54684
4.80250,0.49500,0.03344,0.24853,0.71803
4.90250,0.49500,0.06684,0.40353,0.52963
5.00250,0.49500,0.08877,0.21736,0.69386
5.10250,0.49500,0.04736,0.21699,0.73565
5.20250,0.49500,0.07094,0.38825,0.54081
5.30250,0.49500,0.04921,0.20052,0.75026
5.40250,0.49500,0.07458,0.27710,0.64832
5.50250,0.49500,0.02576,0.39883,0.57541
5.60250,0.49500,0.04494,0.46138,0.49368
5.70250,0.49500,0.02749,0.39270,0.57981
5.80250,0.49500,0.03711,0.28740,0.67549
5.90250,0.49500,0.02162,0.35489,0.62349
6.00250,0.49500,0.06323,0.50215,0.43462
6.10250,0.49500,0.02874,0.43686,0.53440
6.20250,0.49500,0.12332,0.38426,0.49242
6.30250,0.49500,0.15878,0.28826,0.55296
6.40250,0.49500,0.22085,0.47801,0.30114
6.50250,0.49500,0.12238,0.21233,0.66530
6.60250,0.49500,0.16999,0.30329,0.52673
6.70250,0.49500,0.06838,0.28219,0.64944
6.80250,0.49500,0.08455,0.27559,0.63986
6.90250,0.49500,0.07329,0.25300,0.67371
7.00250,0.49500,0.05259,0.44780,0.49961
7.10250,0.49500,0.04228,0.14702,0.81070
7.20250,0.49500,0.03091,0.32331,0.64578
7.30250,0.49500,0.01584,0.49565,0.48851
7.40250,0.49500,0.04341,0.46954,0.48704
7.50250,0.49500,0.03658,0.49609,0.46733
7.60250,0.49500,0.05246,0.23736,0.71018
7.70250,0.49500,0.08261,0.45563,0.46176
7.80250,0.49500,0.07363,0.38582,0.54056
7.90250,0.49500,0.06674,0.29498,0.63828
8.00250,0.49500,0.09154,0.33574,0.57272
8.10250,0.49500,0.06077,0.26309,0.67614
8.20250,0.49500,0.07295,0.25989,0.66717
8.30250,0.49500,0.08732,0.23113,0.68155
8.40250,0.49500,0.02751,0.30879,0.66370
8.50250,0.49500,0.07704,0.23441,0.68854
8.60250,0.49500,0.03591,0.35246,0.61163
8.70250,0.49500,0.10540,0.42903,0.46557
8.80250,0.49500,0.01770,0.26213,0.72017
8.90250,0.49500,0.06566,0.43071,0.50363
9.00250,0.49500,0.03846,0.38799,0.57354
9.10250,0.49500,0.08687,0.42963,0.48350
9.20250,0.49500,0.10848,0.44389,0.44763
9.30250,0.49500,0.10289,0.29444,0.60267
9.40250,0.49500,0.03664,0.30027,0.66309
9.50250,0.49500,0.04053,0.39965,0.55982
9.60250,0.49500,0.01949,0.57531,0.40520
9.70250,0.49500,0.03725,0.20535,0.75741
9.80250,0.49500,0.05448,0.33500,0.61052
9.90250,0.49500,0.03623,0.37311,0.59065
10.00250,0.49500,0.05600,0.19007,0.75393
10.10250,0.49500,0.02583,0.45394,0.52023
10.20250,0.49500,0.02519,0.18310,0.79171
10.30250,0.49500,0.04035,0.39093,0.56872
10.40250,0.49500,0.02763,0.16373,0.80864
10.50250,0.49500,0.04998,0.30397,0.64605
10.60250,0.49500,0.08022,0.22752,0.69226
10.70250,0.49500,0.05422,0.37576,0.57001
10.80250,0.49500,0.07956,0.29093,0.62951
10.90250,0.49500,0.07744,0.19438,0.72818
11.00250,0.49500,0.14563,0.19825,0.65612
11.10250,0.49500,0.09512,0.12756,0.77733
11.20250,0.49500,0.20261,0.15747,0.63991
11.30250,0.49500,0.10133,0.17208,0.72659
11.40250,0.49500,0.10866,0.28473,0.60661
11.50250,0.49500,0.03989,0.29263,0.66748
11.60250,0.49500,0.07154,0.37509,0.55337
11.70250,0.49500,0.08679,0.21838,0.69482
11.80250,0.49500,0.10848,0.38082,0.51070
11.90250,0.49500,0.14135,0.41363,0.44502
12.00250,0.49500,0.08604,0.21262,0.70134
12.10250,0.49500,0.04029,0.16449,0.79522
12.20250,0.49500,0.02345,0.39227,0.58428
12.30250,0.49500,0.02844,0.26043,0.71114
12.40250,0.49500,0.06121,0.48309,0.45570
12.50250,0.49500,0.02629,0.54743,0.42629
12.60250,0.49500,0.08467,0.52761,0.38772
12.70250,0.49500,0.06835,0.68332,0.24832
12.80250,0.49500,0.09532,0.27366,0.63102
12.90250,0.49500,0.06796,0.65355,0.27849
13.00250,0.49500,0.05947,0.52507,0.41546
13.10250,0.49500,0.02724,0.46249,0.51026
13.20250,0.49500,0.08420,0.33213,0.58368
13.30250,0.49500,0.02899,0.45651,0.51451
13.40250,0.49500,0.03385,0.39498,0.57116
13.50250,0.49500,0.04090,0.30693,0.65217
13.60250,0.49500,0.03586,0.33989,0.62425
13.70250,0.49500,0.02638,0.37715,0.59647
13.80250,0.49500,0.06720,0.30609,0.62671
13.90250,0.49500,0.02520,0.32803,0.64677
14.00250,0.49500,0.05228,0.36494,0.58277
14.10250,0.49500,0.02014,0.40135,0.57852
14.20250,0.49500,0.01380,0.38404,0.60216
14.30250,0.49500,0.02342,0.60102,0.37556
14.40250,0.49500,0.06262,0.47129,0.46609
14.50250,0.49500,0.05934,0.49329,0.44737
14.60250,0.49500,0.05289,0.52806,0.41905
14.70250,0.49500,0.09843,0.32000,0.58157
14.80250,0.49500,0.07405,0.32750,0.59846
14.90250,0.49500,0.08226,0.29733,0.62041
15.00250,0.49500,0.08879,0.29748,0.61374
15.10250,0.49500,0.07866,0.29300,0.62834
15.20250,0.49500,0.04459,0.25683,0.69858
15.30250,0.49500,0.06187,0.37622,0.56191
15.40250,0.49500,0.03662,0.28141,0.68197
15.50250,0.49500,0.03257,0.37117,0.59625
15.60250,0.49500,0.05407,0.29036,0.65557
15.70250,0.49500,0.02424,0.44971,0.52604
15.80250,0.49500,0.04308,0.31024,0.64668
15.90250,0.49500,0.06543,0.36182,0.57274
16.00250,0.49500,0.04562,0.46825,0.48613
16.10250,0.49500,0.07879,0.31938,0.60182
16.20250,0.49500,0.05856,0.33613,0.60531
16.30250,0.49500,0.02040,0.30256,0.67703
16.40250,0.49500,0.03528,0.26843,0.69629
16.50250,0.49500,0.02592,0.34934,0.62474
16.60250,0.49500,0.03834,0.34090,0.62076
16.70250,0.49500,0.03960,0.31060,0.64980
16.80250,0.49500,0.03494,0.21616,0.74890
16.90250,0.49500,0.03353,0.23763,0.72884
17.00250,0.49500,0.04093,0.26195,0.69712
17.10250,0.49500,0.05598,0.30772,0.63631
17.20250,0.49500,0.06944,0.28882,0.64174
17.30250,0.49500,0.12712,0.29697,0.57592
17.40250,0.49500,0.07127,0.25332,0.67542
17.50250,0.49500,0.18476,0.14295,0.67229
17.60250,0.49500,0.04361,0.15821,0.79819
17.70250,0.49500,0.11796,0.22740,0.65465
17.80250,0.49500,0.02492,0.13329,0.84179
17.90250,0.49500,0.05136,0.31698,0.63167
18.00250,0.49500,0.01815,0.24983,0.73202
18.10250,0.49500,0.03158,0.32394,0.64448
18.20250,0.49500,0.03693,0.29259,0.67048
18.30250,0.49500,0.05601,0.27216,0.67182
18.40250,0.49500,0.04081,0.14703,0.81217
18.50250,0.49500,0.06110,0.14440,0.79450
18.60250,0.49500,0.03337,0.18790,0.77873
18.70250,0.49500,0.05677,0.26405,0.67918
18.80250,0.49500,0.06402,0.24004,0.69594
18.90250,0.49500,0.08011,0.32476,0.59513
19.00250,0.49500,0.05053,0.32165,0.62782
19.10250,0.49500,0.12117,0.33576,0.54306
19.20250,0.49500,0.06840,0.30198,0.62962
19.30250,0.49500,0.09088,0.23367,0.67545
19.40250,0.49500,0.07569,0.25361,0.67070
19.50250,0.49500,0.03990,0.34542,0.61468
19.60250,0.49500,0.06374,0.28366,0.65260
19.70250,0.49500,0.04905,0.24958,0.70137
19.80250,0.49500,0.03745,0.19901,0.76354
19.90250,0.49500,0.05742,0.17708,0.76550
20.00250,0.49500,0.07581,0.16852,0.75566
20.10250,0.49500,0.10794,0.22879,0.66327
20.20250,0.49500,0.05263,0.08169,0.86568
20.30250,0.49500,0.12282,0.10751,0.76968
20.40250,0.49500,0.04621,0.07357,0.88021
20.50250,0.49500,0.08772,0.17122,0.74106
20.60250,0.49500,0.05366,0.09278,0.85355
20.70250,0.49500,0.09938,0.17318,0.72744
20.80250,0.49500,0.03289,0.29886,0.66826
20.90250,0.49500,0.06760,0.19478,0.73763
21.00250,0.49500,0.02789,0.36463,0.60748
21.10250,0.49500,0.02101,0.29019,0.68880
21.20250,0.49500,0.05813,0.41363,0.52823
21.30250,0.49500,0.07019,0.25986,0.66995
21.40250,0.49500,0.22679,0.20302,0.57019
21.50250,0.49500,0.14075,0.09877,0.76048
21.60250,0.49500,0.10881,0.12836,0.76283
21.70250,0.49500,0.08561,0.26291,0.65148
21.80250,0.49500,0.04229,0.25005,0.70766
21.90250,0.49500,0.03671,0.18490,0.77839
22.00250,0.49500,0.05732,0.23198,0.71071
22.10250,0.49500,0.02753,0.14323,0.82925
22.20250,0.49500,0.08107,0.19663,0.72230
22.30250,0.49500,0.04733,0.19228,0.76039
22.40250,0.49500,0.08837,0.13544,0.77619
22.50250,0.49500,0.03719,0.12046,0.84235
22.60250,0.49500,0.01400,0.32644,0.65957
22.70250,0.49500,0.02151,0.16624,0.81225
22.80250,0.49500,0.02888,0.43144,0.53968
22.90250,0.49500,0.03721,0.30737,0.65542
23.00250,0.49500,0.04128,0.22638,0.73234
23.10250,0.49500,0.02823,0.26070,0.71107
23.20250,0.49500,0.02778,0.25167,0.72055
23.30250,0.49500,0.03854,0.29789,0.66357
23.40250,0.49500,0.06120,0.22765,0.71115
23.50250,0.49500,0.08470,0.31331,0.60198
23.60250,0.49500,0.05537,0.19755,0.74708
23.70250,0.49500,0.06050,0.24832,0.69118
23.80250,0.49500,0.02527,0.25672,0.71801
23.90250,0.49500,0.03949,0.28130,0.67921
24.00250,0.49500,0.05382,0.32832,0.61786
24.10250,0.49500,0.04788,0.24312,0.70900
24.20250,0.49500,0.05876,0.29238,0.64886
24.30250,0.49500,0.07506,0.29059,0.63435
24.40250,0.49500,0.05254,0.30434,0.64312
24.50250,0.49500,0.03911,0.39673,0.56416
24.60250,0.49500,0.04427,0.45687,0.49886
24.70250,0.49500,0.02265,0.36740,0.60995
24.80250,0.49500,0.05107,0.28536,0.66357
24.90250,0.49500,0.08044,0.29631,0.62326
25.00250,0.49500,0.04869,0.22567,0.72564
25.10250,0.49500,0.03749,0.38623,0.57628
25.20250,0.49500,0.10616,0.49089,0.40295
25.30250,0.49500,0.05639,0.35282,0.59078
25.40250,0.49500,0.04360,0.40144,0.55496
25.50250,0.49500,0.03073,0.26173,0.70754
25.60250,0.49500,0.02655,0.48406,0.48939
25.70250,0.49500,0.02929,0.23390,0.73680
25.80250,0.49500,0.09849,0.18554,0.71597
25.90250,0.49500,0.04381,0.26807,0.68813
26.00250,0.49500,0.06654,0.11187,0.82160
26.10250,0.49500,0.09001,0.16837,0.74163
26.20250,0.49500,0.05269,0.16903,0.77827
26.30250,0.49500,0.08232,0.06471,0.85297
26.40250,0.49500,0.09314,0.11597,0.79089
26.50250,0.49500,0.05657,0.06772,0.87570
26.60250,0.49500,0.08965,0.05746,0.85290
26.70250,0.49500,0.03140,0.05403,0.91457
26.80250,0.49500,0.07478,0.13170,0.79352
26.90250,0.49500,0.04890,0.12459,0.82651
27.00250,0.49500,0.05790,0.22454,0.71755
27.10250,0.49500,0.07881,0.16477,0.75642
27.20250,0.49500,0.26190,0.21807,0.52004
27.30250,0.49500,0.11426,0.20817,0.67757
27.40250,0.49500,0.21608,0.10481,0.67911
27.50250,0.49500,0.07317,0.09255,0.83428
27.60250,0.49500,0.16388,0.19404,0.64208
27.70250,0.49500,0.09103,0.14916,0.75981
27.80250,0.49500,0.09026,0.23093,0.67881
27.90250,0.49500,0.04068,0.25200,0.70731
28.00250,0.49500,0.06607,0.14455,0.78938
28.10250,0.49500,0.07574,0.18031,0.74395
28.20250,0.49500,0.05929,0.16374,0.77697
28.30250,0.49500,0.13732,0.29653,0.56614
28.40250,0.49500,0.07559,0.15875,0.76566
28.50250,0.49500,0.08159,0.19194,0.72647
28.60250,0.49500,0.07543,0.32553,0.59904
28.70250,0.49500,0.05368,0.24040,0.70592
28.80250,0.49500,0.05497,0.21138,0.73365
28.90250,0.49500,0.04498,0.30851,0.64650
29.00250,0.49500,0.05196,0.13966,0.80838
29.10250,0.49500,0.08545,0.33219,0.58236
29.20250,0.49500,0.05078,0.15943,0.78978
29.30250,0.49500,0.19541,0.19223,0.61236
29.40250,0.49500,0.07993,0.25154,0.66853
29.50250,0.49500,0.10378,0.33896,0.55726
29.60250,0.49500,0.06492,0.16335,0.77173
29.70250,0.49500,0.03539,0.28219,0.68242
29.80250,0.49500,0.05623,0.20538,0.73839
29.90250,0.49500,0.08394,0.21099,0.70506
30.00250,0.49500,0.05938,0.23608,0.70454
30.10250,0.49500,0.07871,0.17470,0.74659
30.20250,0.49500,0.03575,0.16702,0.79723
30.30250,0.49500,0.04915,0.12497,0.82588
30.40250,0.49500,0.03291,0.17120,0.79589
30.50250,0.49500,0.07140,0.20227,0.72633
30.60250,0.49500,0.08029,0.27995,0.63976
30.70250,0.49500,0.06761,0.20917,0.72322
30.80250,0.49500,0.04214,0.29498,0.66288
30.90250,0.49500,0.07132,0.20503,0.72364
31.00250,0.49500,0.05495,0.22122,0.72383
31.10250,0.49500,0.05705,0.29040,0.65254
31.20250,0.49500,0.05789,0.16270,0.77941
31.30250,0.49500,0.01502,0.15912,0.82587
31.40250,0.49500,0.05205,0.27752,0.67043
31.50250,0.49500,0.03411,0.28992,0.67597
31.60250,0.49500,0.07018,0.37695,0.55288
31.70250,0.49500,0.03035,0.28958,0.68006
31.80250,0.49500,0.03488,0.14849,0.81663
31.90250,0.49500,0.06576,0.32213,0.61211
32.00250,0.49500,0.03097,0.15359,0.81544
32.10250,0.49500,0.10934,0.09809,0.79257
32.20250,0.49500,0.04288,0.05614,0.90098
32.30250,0.49500,0.12676,0.18785,0.68539
32.40250,0.49500,0.04607,0.13966,0.81427
32.50250,0.49500,0.05864,0.18016,0.76120
32.60250,0.49500,0.02791,0.46205,0.51004
32.70250,0.49500,0.03404,0.39085,0.57511
32.80250,0.49500,0.03348,0.46809,0.49842
32.90250,0.49500,0.06877,0.30505,0.62618
33.00250,0.49500,0.08062,0.28170,0.63768
33.10250,0.49500,0.09349,0.21928,0.68723
33.20250,0.49500,0.03833,0.15039,0.81128
33.30250,0.49500,0.05849,0.37610,0.56541
33.40250,0.49500,0.03507,0.39408,0.57085
33.50250,0.49500,0.06998,0.22432,0.70570
33.60250,0.49500,0.05757,0.40252,0.53990
33.70250,0.49500,0.06789,0.35844,0.57367
33.80250,0.49500,0.11813,0.34772,0.53416
33.90250,0.49500,0.04430,0.34651,0.60919
34.00250,0.49500,0.04460,0.29990,0.65550
34.10250,0.49500,0.03503,0.51372,0.45125
34.20250,0.49500,0.04151,0.34035,0.61814
34.30250,0.49500,0.09727,0.32880,0.57393
34.40250,0.49500,0.07607,0.29954,0.62439
34.50250,0.49500,0.08017,0.25564,0.66418
34.60250,0.49500,0.11489,0.55791,0.32720
34.70250,0.49500,0.05066,0.31590,0.63344
34.80250,0.49500,0.10724,0.55772,0.33504
34.90250,0.49500,0.06814,0.42283,0.50903
35.00250,0.49500,0.03421,0.41865,0.54714
35.10250,0.49500,0.04003,0.30426,0.65571
35.20250,0.49500,0.03638,0.29264,0.67098
35.30250,0.49500,0.09002,0.40328,0.50671
35.40250,0.49500,0.05763,0.36144,0.58093
35.50250,0.49500,0.13711,0.62670,0.23619
35.60250,0.49500,0.03746,0.48540,0.47713
35.70250,0.49500,0.05840,0.55509,0.38651
35.80250,0.49500,0.05693,0.58896,0.35411
35.90250,0.49500,0.03794,0.51921,0.44286
36.00250,0.49500,0.05325,0.38064,0.56612
36.10250,0.49500,0.06034,0.31520,0.62446
36.20250,0.49500,0.03591,0.63170,0.33239
36.30250,0.49500,0.04944,0.29747,0.65310
36.40250,0.49500,0.05684,0.50751,0.43565
36.50250,0.49500,0.03710,0.39956,0.56334
36.60250,0.49500,0.07410,0.40515,0.52076
36.70250,0.49500,0.06160,0.48533,0.45307
36.80250,0.49500,0.04880,0.64244,0.30876
36.90250,0.49500,0.08103,0.34272,0.57624
37.00250,0.49500,0.03978,0.57242,0.38779
37.10250,0.49500,0.02696,0.42801,0.54502
37.20250,0.49500,0.04758,0.58592,0.36650
37.30250,0.49500,0.02968,0.41140,0.55892
37.40250,0.49500,0.08868,0.66303,0.24829
37.50250,0.49500,0.06348,0.43111,0.50541
37.60250,0.49500,0.07220,0.65475,0.27305
37.70250,0.49500,0.06879,0.29828,0.63293
37.80250,0.49500,0.05149,0.54548,0.40303
37.90250,0.49500,0.01523,0.52656,0.45821
38.00250,0.49500,0.02855,0.67344,0.29801
38.10250,0.49500,0.03451,0.56039,0.40510
38.20250,0.49500,0.14721,0.33140,0.52139
38.30250,0.49500,0.09845,0.51962,0.38193
38.40250,0.49500,0.07898,0.32844,0.59258
38.50250,0.49500,0.10126,0.45595,0.44279
38.60250,0.49500,0.03821,0.45678,0.50502
38.70250,0.49500,0.03530,0.73197,0.23273
38.80250,0.49500,0.01859,0.43009,0.55133
38.90250,0.49500,0.02727,0.53466,0.43807
39.00250,0.49500,0.04078,0.56712,0.39210
39.10250,0.49500,0.02604,0.31323,0.66074
39.20250,0.49500,0.04085,0.27939,0.67976
39.30250,0.49500,0.07797,0.25546,0.66657
39.40250,0.49500,0.12694,0.43950,0.43356
39.50250,0.49500,0.15240,0.22056,0.62704
39.60250,0.49500,0.03641,0.22184,0.74175
39.70250,0.49500,0.07941,0.41591,0.50468
39.80250,0.49500,0.03050,0.59768,0.37182
39.90250,0.49500,0.04794,0.31475,0.63732
40.00250,0.49500,0.06032,0.33918,0.60051
40.10250,0.49500,0.05297,0.34647,0.60056
40.20250,0.49500,0.07322,0.26545,0.66133
40.30250,0.49500,0.06489,0.20365,0.73145
40.40250,0.49500,0.03892,0.19312,0.76796
40.50250,0.49500,0.08285,0.25799,0.65915
40.60250,0.49500,0.04042,0.33796,0.62162
40.70250,0.49500,0.15493,0.20697,0.63810
40.80250,0.49500,0.12402,0.30931,0.56667
40.90250,0.49500,0.12254,0.37529,0.50218
41.00250,0.49500,0.08906,0.15968,0.75127
41.10250,0.49500,0.13869,0.35593,0.50538
41.20250,0.49500,0.04170,0.43173,0.52657
41.30250,0.49500,0.13067,0.22805,0.64128
41.40250,0.49500,0.07989,0.52399,0.39612
41.50250,0.49500,0.04571,0.27391,0.68038
41.60250,0.49500,0.08509,0.41534,0.49958
41.70250,0.49500,0.05133,0.22809,0.72058
41.80250,0.49500,0.17888,0.45113,0.36999
41.90250,0.49500,0.09336,0.21579,0.69085
42.00250,0.49500,0.12483,0.27698,0.59818
42.10250,0.49500,0.09424,0.35650,0.54926
42.20250,0.49500,0.04156,0.43950,0.51894
42.30250,0.49500,0.04606,0.36958,0.58436
42.40250,0.49500,0.02758,0.32150,0.65092
42.50250,0.49500,0.00951,0.29197,0.69852
42.60250,0.49500,0.02676,0.44474,0.52850
42.70250,0.49500,0.02478,0.69784,0.27739
42.80250,0.49500,0.03336,0.22935,0.73728
42.90250,0.49500,0.07605,0.24020,0.68375
43.00250,0.49500,0.05274,0.26585,0.68141
43.10250,0.49500,0.16887,0.07836,0.75277
43.20250,0.49500,0.15706,0.32968,0.51326
43.30250,0.49500,0.11073,0.21057,0.67871
43.40250,0.49500,0.07739,0.34122,0.58139
43.50250,0.49500,0.03634,0.33055,0.63311
43.60250,0.49500,0.04964,0.33897,0.61139
43.70250,0.49500,0.04083,0.30448,0.65469
43.80250,0.49500,0.04021,0.32000,0.63979
43.90250,0.49500,0.03618,0.27769,0.68614
44.00250,0.49500,0.03467,0.23751,0.72783
44.10250,0.49500,0.08134,0.34771,0.57095
44.20250,0.49500,0.10703,0.26174,0.63123
44.30250,0.49500,0.24209,0.25887,0.49904
44.40250,0.49500,0.12120,0.27554,0.60325
44.50250,0.49500,0.15320,0.32543,0.52137
44.60250,0.49500,0.16683,0.55895,0.27422
44.70250,0.49500,0.12694,0.49074,0.38232
44.80250,0.49500,0.13238,0.51741,0.35021
44.90250,0.49500,0.06182,0.38591,0.55227
45.00250,0.49500,0.13389,0.54900,0.31711
45.10250,0.49500,0.04761,0.47995,0.47244
45.20250,0.49500,0.06706,0.38293,0.55002
45.30250,0.49500,0.03485,0.55682,0.40833
45.40250,0.49500,0.01484,0.46319,0.52197
45.50250,0.49500,0.04358,0.42516,0.53125
45.60250,0.49500,0.07496,0.43312,0.49192
45.70250,0.49500,0.03411,0.49434,0.47155
45.80250,0.49500,0.09213,0.59450,0.31337
45.90250,0.49500,0.13551,0.28541,0.57908
46.00250,0.49500,0.21943,0.44230,0.33827
46.10250,0.49500,0.16255,0.32940,0.50805
46.20250,0.49500,0.18934,0.24543,0.56523
46.30250,0.49500,0.04351,0.35507,0.60142
46.40250,0.49500,0.08481,0.40755,0.50764
46.50250,0.49500,0.14468,0.33597,0.51935
46.60250,0.49500,0.08419,0.23054,0.68527
46.70250,0.49500,0.10356,0.23845,0.65799
46.80250,0.49500,0.03380,0.12341,0.84279
46.90250,0.49500,0.05630,0.44199,0.50172
47.00250,0.49500,0.04028,0.32233,0.63739
47.10250,0.49500,0.05988,0.29093,0.64919
47.20250,0.49500,0.03066,0.22292,0.74642
47.30250,0.49500,0.07529,0.40496,0.51975
47.40250,0.49500,0.10349,0.15551,0.74101
47.50250,0.49500,0.09083,0.27230,0.63687
47.60250,0.49500,0.06678,0.30181,0.63141
47.70250,0.49500,0.03094,0.52354,0.44551
47.80250,0.49500,0.10843,0.35187,0.53970
47.90250,0.49500,0.05068,0.34336,0.60596
48.00250,0.49500,0.07758,0.33312,0.58930
48.10250,0.49500,0.04771,0.23012,0.72217
48.20250,0.49500,0.02427,0.40954,0.56619
48.30250,0.49500,0.02542,0.24630,0.72828
48.40250,0.49500,0.06808,0.25477,0.67715
48.50250,0.49500,0.03604,0.22480,0.73916
48.60250,0.49500,0.07759,0.24965,0.67276
48.70250,0.49500,0.03530,0.19307,0.77162
48.80250,0.49500,0.03862,0.37803,0.58335
48.90250,0.49500,0.05737,0.32950,0.61314
49.00250,0.49500,0.11509,0.31254,0.57237
49.10250,0.49500,0.13718,0.18231,0.68051
49.20250,0.49500,0.10130,0.28541,0.61329
49.30250,0.49500,0.04631,0.30953,0.64416
49.40250,0.49500,0.05717,0.26645,0.67638
49.50250,0.49500,0.08352,0.45821,0.45827
49.60250,0.49500,0.05872,0.30224,0.63904
49.70250,0.49500,0.06543,0.53519,0.39937
49.80250,0.49500,0.02790,0.25024,0.72186
49.90250,0.49500,0.08234,0.34251,0.57515
50.00250,0.49500,0.06497,0.30040,0.63463
50.10250,0.49500,0.09171,0.28051,0.62778
50.20250,0.49500,0.05862,0.26824,0.67314
50.30250,0.49500,0.01495,0.24940,0.73565
50.40250,0.49500,0.07672,0.47349,0.44979
50.50250,0.49500,0.02777,0.24194,0.73029
50.60250,0.49500,0.06312,0.39184,0.54503
50.70250,0.49500,0.02031,0.27229,0.70740
50.80250,0.49500,0.03757,0.17198,0.79045
50.90250,0.49500,0.06374,0.27670,0.65956
51.00250,0.49500,0.08243,0.36047,0.55710
51.10250,0.49500,0.08249,0.22660,0.69091
51.20250,0.49500,0.07048,0.16548,0.76404
51.30250,0.49500,0.11878,0.34477,0.53644
51.40250,0.49500,0.10378,0.21170,0.68452
51.50250,0.49500,0.07793,0.16885,0.75323
51.60250,0.49500,0.03456,0.41199,0.55345
51.70250,0.49500,0.04055,0.36958,0.58987
51.80250,0.49500,0.03183,0.47442,0.49374
51.90250,0.49500,0.04132,0.48957,0.46911
52.00250,0.49500,0.05625,0.44583,0.49792
52.10250,0.49500,0.06888,0.41493,0.51619
52.20250,0.49500,0.14386,0.21475,0.64139
52.30250,0.49500,0.13898,0.29972,0.56130
52.40250,0.49500,0.13643,0.18881,0.67476
52.50250,0.49500,0.05644,0.23202,0.71154
52.60250,0.49500,0.05963,0.30226,0.63812
52.70250,0.49500,0.04306,0.34602,0.61092
52.80250,0.49500,0.08265,0.45297,0.46438
52.90250,0.49500,0.04702,0.36217,0.59081
53.00250,0.49500,0.12879,0.36523,0.50598
53.10250,0.49500,0.05292,0.31401,0.63307
53.20250,0.49500,0.04133,0.26054,0.69813
53.30250,0.49500,0.04593,0.51355,0.44052
53.40250,0.49500,0.03502,0.38940,0.57558
53.50250,0.49500,0.09989,0.43024,0.46987
53.60250,0.49500,0.07102,0.48722,0.44176
53.70250,0.49500,0.05627,0.36162,0.58211
53.80250,0.49500,0.06331,0.39499,0.54170
53.90250,0.49500,0.05139,0.34087,0.60774
54.00250,0.49500,0.07383,0.42300,0.50317
54.10250,0.49500,0.05760,0.53692,0.40548
54.20250,0.49500,0.09127,0.62026,0.28847
54.30250,0.49500,0.08185,0.46026,0.45789
54.40250,0.49500,0.10628,0.50573,0.38800
54.50250,0.49500,0.04859,0.49680,0.45461
54.60250,0.49500,0.04697,0.72041,0.23262
54.70250,0.49500,0.03563,0.65557,0.30880
54.80250,0.49500,0.05371,0.62510,0.32119
54.90250,0.49500,0.03572,0.55640,0.40788
55.00250,0.49500,0.12329,0.30288,0.57383
55.10250,0.49500,0.07509,0.55876,0.36615
55.20250,0.49500,0.05469,0.42951,0.51580
55.30250,0.49500,0.04051,0.22436,0.73513
55.40250,0.49500,0.05330,0.49499,0.45171
55.50250,0.49500,0.10309,0.38432,0.51259
55.60250,0.49500,0.10061,0.32341,0.57598
55.70250,0.49500,0.08196,0.25836,0.65968
55.80250,0.49500,0.07749,0.49715,0.42536
55.90250,0.49500,0.05764,0.30834,0.63402
56.00250,0.49500,0.12793,0.43091,0.44116
56.10250,0.49500,0.02779,0.38716,0.58505
56.20250,0.49500,0.06664,0.29578,0.63758
56.30250,0.49500,0.07148,0.46787,0.46065
56.40250,0.49500,0.06599,0.47817,0.45585
56.50250,0.49500,0.09922,0.48075,0.42002
56.60250,0.49500,0.04797,0.82274,0.12929
56.70250,0.49500,0.07210,0.77057,0.15733
56.80250,0.49500,0.06493,0.84725,0.08782
56.90250,0.49500,0.08885,0.70279,0.20836
57.00250,0.49500,0.05343,0.85944,0.08713
57.10250,0.49500,0.13135,0.67592,0.19274
57.20250,0.49500,0.05818,0.82746,0.11436
57.30250,0.49500,0.05332,0.67401,0.27267
57.40250,0.49500,0.05188,0.82364,0.12449
57.50250,0.49500,0.04048,0.60669,0.35283
57.60250,0.49500,0.01289,0.83852,0.14860
57.70250,0.49500,0.02537,0.81471,0.15992
57.80250,0.49500,0.03058,0.62695,0.34247
57.90250,0.49500,0.07409,0.70898,0.21693
58.00250,0.49500,0.08738,0.49192,0.42071
58.10250,0.49500,0.07521,0.69107,0.23373
58.20250,0.49500,0.05036,0.60781,0.34183
58.30250,0.49500,0.02655,0.56005,0.41341
58.40250,0.49500,0.02873,0.61505,0.35623
58.50250,0.49500,0.07112,0.59051,0.33837
58.60250,0.49500,0.05403,0.20526,0.74071
58.70250,0.49500,0.10849,0.42249,0.46902
58.80250,0.49500,0.07730,0.33682,0.58588
58.90250,0.49500,0.14691,0.27859,0.57449
59.00250,0.49500,0.19746,0.23930,0.56324
59.10250,0.49500,0.05582,0.53044,0.41374
59.20250,0.49500,0.14411,0.52516,0.33073
59.30250,0.49500,0.05515,0.50117,0.44368
59.40250,0.49500,0.04596,0.61614,0.33790
59.50250,0.49500,0.11789,0.54825,0.33386
59.60250,0.49500,0.03145,0.62864,0.33991
59.70250,0.49500,0.06387,0.55335,0.38277
59.80250,0.49500,0.03113,0.44937,0.51950
59.90250,0.49500,0.07778,0.62483,0.29739
60.00250,0.49500,0.04971,0.34731,0.60298
60.10250,0.49500,0.06046,0.70940,0.23013
60.20250,0.49500,0.02192,0.57595,0.40213
60.30250,0.49500,0.04021,0.51312,0.44667
60.40250,0.49500,0.06666,0.45072,0.48262
60.50250,0.49500,0.10803,0.54699,0.34497
60.60250,0.49500,0.12319,0.34259,0.53422
60.70250,0.49500,0.05017,0.13360,0.81623
60.80250,0.49500,0.06449,0.33259,0.60292
60.90250,0.49500,0.04571,0.19616,0.75812
61.00250,0.49500,0.13016,0.34326,0.52658
61.10250,0.49500,0.07885,0.24552,0.67563
61.20250,0.49500,0.06293,0.28700,0.65008
61.30250,0.49500,0.08810,0.18130,0.73059
61.40250,0.49500,0.05235,0.27723,0.67042
61.50250,0.49500,0.14801,0.29104,0.56096
61.60250,0.49500,0.04245,0.21164,0.74591
61.70250,0.49500,0.03984,0.20314,0.75702
61.80250,0.49500,0.03106,0.29394,0.67500
61.90250,0.49500,0.03981,0.35661,0.60358
62.00250,0.49500,0.04809,0.25938,0.69253
62.10250,0.49500,0.04347,0.41999,0.53654
62.20250,0.49500,0.03231,0.32537,0.64232
62.30250,0.49500,0.03229,0.47318,0.49453
62.40250,0.49500,0.02258,0.23777,0.73964
62.50250,0.49500,0.02988,0.44899,0.52113
62.60250,0.49500,0.09875,0.42024,0.48101
62.70250,0.49500,0.04309,0.23365,0.72326
62.80250,0.49500,0.07578,0.32197,0.60225
62.90250,0.49500,0.01708,0.48122,0.50170
63.00250,0.49500,0.01360,0.58405,0.40235
63.10250,0.49500,0.04068,0.59284,0.36648
63.20250,0.49500,0.01949,0.57813,0.40239
63.30250,0.49500,0.03995,0.35488,0.60517
63.40250,0.49500,0.03931,0.48770,0.47298
63.50250,0.49500,0.04420,0.45789,0.49791
63.60250,0.49500,0.11092,0.38265,0.50643
63.70250,0.49500,0.09976,0.48057,0.41967
63.80250,0.49500,0.04789,0.40441,0.54770
63.90250,0.49500,0.03301,0.52916,0.43783
64.00250,0.49500,0.02724,0.27393,0.69883
64.10250,0.49500,0.01149,0.22144,0.76707
64.20250,0.49500,0.04365,0.40349,0.55286
64.30250,0.49500,0.01396,0.39922,0.58682
64.40250,0.49500,0.02711,0.49422,0.47867
64.50250,0.49500,0.01215,0.41674,0.57111
64.60250,0.49500,0.03503,0.40702,0.55794
64.70250,0.49500,0.08891,0.54181,0.36928
64.80250,0.49500,0.05542,0.43129,0.51329
64.90250,0.49500,0.04868,0.43950,0.51182
65.00250,0.49500,0.02399,0.25877,0.71724
65.10250,0.49500,0.02677,0.55276,0.42047
65.20250,0.49500,0.04391,0.28424,0.67186
65.30250,0.49500,0.08724,0.43542,0.47733
65.40250,0.49500,0.02783,0.26035,0.71181
65.50250,0.49500,0.05378,0.44204,0.50417
65.60250,0.49500,0.02070,0.50126,0.47804
65.70250,0.49500,0.04498,0.50839,0.44663
65.80250,0.49500,0.02019,0.52369,0.45611
65.90250,0.49500,0.02473,0.49010,0.48517
66.00250,0.49500,0.04705,0.49810,0.45485
66.10250,0.49500,0.04435,0.31927,0.63638
66.20250,0.49500,0.08289,0.29977,0.61734
66.30250,0.49500,0.15544,0.13855,0.70600
66.40250,0.49500,0.09354,0.15035,0.75612
66.50250,0.49500,0.08229,0.16868,0.74903
66.60250,0.49500,0.04889,0.11163,0.83948
66.70250,0.49500,0.04776,0.30330,0.64894
66.80250,0.49500,0.04642,0.48043,0.47316
66.90250,0.49500,0.07227,0.17890,0.74883
67.00250,0.49500,0.04725,0.25338,0.69937
67.10250,0.49500,0.04641,0.16363,0.78996
67.20250,0.49500,0.04185,0.14676,0.81139
67.30250,0.49500,0.07726,0.26495,0.65780
67.40250,0.49500,0.11301,0.19322,0.69377
67.50250,0.49500,0.13312,0.19489,0.67199
67.60250,0.49500,0.09192,0.11804,0.79004
67.70250,0.49500,0.09309,0.25531,0.65160
67.80250,0.49500,0.06895,0.10392,0.82713
67.90250,0.49500,0.05934,0.27012,0.67055
68.00250,0.49500,0.06198,0.33610,0.60192
68.10250,0.49500,0.05597,0.15933,0.78470
68.20250,0.49500,0.05466,0.22033,0.72501
68.30250,0.49500,0.06589,0.35526,0.57886
68.40250,0.49500,0.04660,0.20899,0.74440
68.50250,0.49500,0.11539,0.20115,0.68346
68.60250,0.49500,0.12640,0.25940,0.61419
68.70250,0.49500,0.08222,0.16711,0.75068
68.80250,0.49500,0.13925,0.32311,0.53763
68.90250,0.49500,0.04951,0.15128,0.79920
69.00250,0.49500,0.08440,0.29508,0.62052
69.10250,0.49500,0.03498,0.42964,0.53538
69.20250,0.49500,0.02837,0.22533,0.74629
69.30250,0.49500,0.02137,0.27360,0.70503
69.40250,0.49500,0.05639,0.31700,0.62661
69.50250,0.49500,0.04531,0.34344,0.61125
69.60250,0.49500,0.08397,0.30302,0.61301
69.70250,0.49500,0.03521,0.18215,0.78263
69.80250,0.49500,0.03804,0.24032,0.72164
69.90250,0.49500,0.03692,0.17534,0.78774
70.00250,0.49500,0.02995,0.25012,0.71993
70.10250,0.49500,0.04005,0.21902,0.74094
70.20250,0.49500,0.06700,0.27393,0.65908
70.30250,0.49500,0.12676,0.28190,0.59134
70.40250,0.49500,0.16181,0.10601,0.73218
70.50250,0.49500,0.20196,0.15877,0.63927
70.60250,0.49500,0.10084,0.12682,0.77234
70.70250,0.49500,0.10593,0.17651,0.71756
70.80250,0.49500,0.03411,0.13754,0.82836
70.90250,0.49500,0.05184,0.25838,0.68978
71.00250,0.49500,0.04894,0.36300,0.58806
71.10250,0.49500,0.07473,0.25161,0.67366
71.20250,0.49500,0.07536,0.24600,0.67864
71.30250,0.49500,0.04605,0.26195,0.69200
71.40250,0.49500,0.04886,0.21749,0.73366
71.50250,0.49500,0.02604,0.20175,0.77220
71.60250,0.49500,0.02922,0.37981,0.59097
71.70250,0.49500,0.05851,0.22606,0.71543
71.80250,0.49500,0.07058,0.25803,0.67140
71.90250,0.49500,0.08935,0.23440,0.67625
72.00250,0.49500,0.10776,0.23034,0.66190
72.10250,0.49500,0.04953,0.30702,0.64345
72.20250,0.49500,0.08762,0.32976,0.58262
72.30250,0.49500,0.03577,0.23550,0.72874
72.40250,0.49500,0.10881,0.29666,0.59453
72.50250,0.49500,0.03434,0.25050,0.71517
72.60250,0.49500,0.04742,0.34530,0.60728
72.70250,0.49500,0.02702,0.27920,0.69378
72.80250,0.49500,0.03825,0.26063,0.70112
72.90250,0.49500,0.05660,0.17244,0.77096
73.00250,0.49500,0.07882,0.19621,0.72497
73.10250,0.49500,0.07666,0.11238,0.81095
73.20250,0.49500,0.06504,0.16390,0.77106
73.30250,0.49500,0.03455,0.39706,0.56839
73.40250,0.49500,0.05177,0.31571,0.63253
73.50250,0.49500,0.06139,0.56913,0.36948
73.60250,0.49500,0.06836,0.45265,0.47899
73.70250,0.49500,0.08536,0.37665,0.53799
73.80250,0.49500,0.07700,0.43810,0.48490
73.90250,0.49500,0.18516,0.32647,0.48838
74.00250,0.49500,0.05862,0.59491,0.34647
74.10250,0.49500,0.11572,0.39834,0.48594
74.20250,0.49500,0.11705,0.35546,0.52749
74.30250,0.49500,0.08475,0.18840,0.72685
74.40250,0.49500,0.16356,0.27293,0.56351
74.50250,0.49500,0.06385,0.10178,0.83437
74.60250,0.49500,0.12034,0.17924,0.70042
74.70250,0.49500,0.08969,0.07219,0.83811
74.80250,0.49500,0.04249,0.24263,0.71488
74.90250,0.49500,0.09508,0.28888,0.61604
75.00250,0.49500,0.11997,0.29171,0.58832
75.10250,0.49500,0.08048,0.17884,0.74069
75.20250,0.49500,0.25887,0.36772,0.37341
75.30250,0.49500,0.06274,0.09284,0.84442
75.40250,0.49500,0.18029,0.21052,0.60919
75.50250,0.49500,0.04483,0.18195,0.77321
75.60250,0.49500,0.04195,0.19025,0.76780
75.70250,0.49500,0.08413,0.30513,0.61074
75.80250,0.49500,0.02713,0.24941,0.72346
75.90250,0.49500,0.04691,0.21869,0.73440
76.00250,0.49500,0.01770,0.41013,0.57216
76.10250,0.49500,0.05460,0.33496,0.61044
76.20250,0.49500,0.03803,0.26362,0.69835
76.30250,0.49500,0.07142,0.46668,0.46190
76.40250,0.49500,0.04129,0.30919,0.64952
76.50250,0.49500,0.14840,0.45648,0.39512
76.60250,0.49500,0.04835,0.40342,0.54823
76.70250,0.49500,0.03814,0.26677,0.69509
76.80250,0.49500,0.03966,0.49863,0.46171
76.90250,0.49500,0.01501,0.66928,0.31571
77.00250,0.49500,0.02686,0.49665,0.47650
77.10250,0.49500,0.02141,0.51964,0.45895
77.20250,0.49500,0.02034,0.59575,0.38391
77.30250,0.49500,0.03657,0.38232,0.58110
77.40250,0.49500,0.02264,0.44667,0.53069
77.50250,0.49500,0.02821,0.53282,0.43897
77.60250,0.49500,0.03867,0.52543,0.43589
77.70250,0.49500,0.07830,0.26396,0.65774
77.80250,0.49500,0.05110,0.24345,0.70545
77.90250,0.49500,0.07936,0.12222,0.79842
78.00250,0.49500,0.13414,0.43156,0.43430
78.10250,0.49500,0.10349,0.28668,0.60983
78.20250,0.49500,0.17848,0.26153,0.55998
78.30250,0.49500,0.18845,0.22543,0.58613
78.40250,0.49500,0.10288,0.33013,0.56699
78.50250,0.49500,0.10700,0.30544,0.58755
78.60250,0.49500,0.07363,0.30913,0.61725
78.70250,0.49500,0.09171,0.32528,0.58301
78.80250,0.49500,0.12219,0.23994,0.63787
78.90250,0.49500,0.11064,0.38787,0.50150
79.00250,0.49500,0.11559,0.49310,0.39131
79.10250,0.49500,0.06354,0.27527,0.66119
79.20250,0.49500,0.07201,0.29095,0.63704
79.30250,0.49500,0.04271,0.57687,0.38042
79.40250,0.49500,0.03951,0.41179,0.54870
79.50250,0.49500,0.02638,0.44459,0.52904
79.60250,0.49500,0.03012,0.33887,0.63101
79.70250,0.49500,0.02724,0.30396,0.66880
79.80250,0.49500,0.06851,0.37620,0.55529
79.90250,0.49500,0.02976,0.18186,0.78838
80.00250,0.49500,0.02483,0.11725,0.85792
80.10250,0.49500,0.02035,0.28691,0.69273
80.20250,0.49500,0.04699,0.35616,0.59685
80.30250,0.49500,0.03321,0.29682,0.66997
80.40250,0.49500,0.03145,0.18979,0.77876
80.50250,0.49500,0.05422,0.56543,0.38036
80.60250,0.49500,0.05408,0.26758,0.67834
80.70250,0.49500,0.04729,0.19003,0.76268
80.80250,0.49500,0.04107,0.16757,0.79136
80.90250,0.49500,0.05280,0.26278,0.68442
81.00250,0.49500,0.03466,0.20700,0.75834
81.10250,0.49500,0.06385,0.41936,0.51678
81.20250,0.49500,0.07587,0.26306,0.66107
81.30250,0.49500,0.12705,0.32715,0.54580
81.40250,0.49500,0.05346,0.29344,0.65311
81.50250,0.49500,0.05638,0.50478,0.43884
81.60250,0.49500,0.04517,0.39345,0.56137
81.70250,0.49500,0.05237,0.34480,0.60284
81.80250,0.49500,0.07102,0.22485,0.70413
81.90250,0.49500,0.05608,0.28883,0.65509
82.00250,0.49500,0.08089,0.12053,0.79858
82.10250,0.49500,0.05177,0.17699,0.77123
82.20250,0.49500,0.06168,0.25414,0.68418
82.30250,0.49500,0.04502,0.24452,0.71047
82.40250,0.49500,0.04961,0.33963,0.61076
82.50250,0.49500,0.04447,0.36341,0.59212
82.60250,0.49500,0.04969,0.48677,0.46354
82.70250,0.49500,0.03255,0.36079,0.60666
82.80250,0.49500,0.02980,0.72209,0.24811
82.90250,0.49500,0.01368,0.64752,0.33880
83.00250,0.49500,0.01519,0.52570,0.45911
83.10250,0.49500,0.02001,0.70200,0.27799
83.20250,0.49500,0.02351,0.38854,0.58795
83.30250,0.49500,0.04014,0.34856,0.61130
83.40250,0.49500,0.04696,0.35179,0.60125
83.50250,0.49500,0.02633,0.19606,0.77761
83.60250,0.49500,0.09143,0.34606,0.56251
83.70250,0.49500,0.09781,0.11656,0.78563
83.80250,0.49500,0.07000,0.17415,0.75584
83.90250,0.49500,0.10046,0.09947,0.80007
84.00250,0.49500,0.12632,0.20321,0.67047
84.10250,0.49500,0.08124,0.22094,0.69782
84.20250,0.49500,0.19231,0.34134,0.46636
84.30250,0.49500,0.10765,0.15053,0.74183
84.40250,0.49500,0.19026,0.23656,0.57318
84.50250,0.49500,0.09452,0.32532,0.58016
84.60250,0.49500,0.10759,0.24439,0.64803
84.70250,0.49500,0.03085,0.41828,0.55087
84.80250,0.49500,0.02801,0.42562,0.54637
84.90250,0.49500,0.03367,0.34591,0.62042
85.00250,0.49500,0.04411,0.30941,0.64648
85.10250,0.49500,0.06199,0.47876,0.45925
85.20250,0.49500,0.08608,0.37816,0.53577
85.30250,0.49500,0.04198,0.20424,0.75378
85.40250,0.49500,0.02853,0.61274,0.35873
85.50250,0.49500,0.03176,0.48872,0.47951
85.60250,0.49500,0.13591,0.29558,0.56851
85.70250,0.49500,0.16101,0.29001,0.54898
85.80250,0.49500,0.10654,0.32896,0.56450
85.90250,0.49500,0.15014,0.45417,0.39569
86.00250,0.49500,0.05008,0.36350,0.58642
86.10250,0.49500,0.08366,0.33730,0.57903
86.20250,0.49500,0.27790,0.27508,0.44703
86.30250,0.49500,0.11907,0.28803,0.59290
86.40250,0.49500,0.12237,0.24727,0.63036
86.50250,0.49500,0.06571,0.22966,0.70463
86.60250,0.49500,0.02716,0.22257,0.75026
86.70250,0.49500,0.03295,0.14792,0.81913
86.80250,0.49500,0.08490,0.22446,0.69064
86.90250,0.49500,0.06714,0.37282,0.56004
87.00250,0.49500,0.09768,0.25690,0.64542
87.10250,0.49500,0.09205,0.23680,0.67116
87.20250,0.49500,0.05263,0.20970,0.73766
87.30250,0.49500,0.04341,0.07096,0.88563
87.40250,0.49500,0.06560,0.19655,0.73785
87.50250,0.49500,0.05288,0.34200,0.60511
87.60250,0.49500,0.20350,0.47640,0.32009
87.70250,0.49500,0.09427,0.12761,0.77812
87.80250,0.49500,0.11277,0.47453,0.41270
87.90250,0.49500,0.06612,0.35431,0.57957
88.00250,0.49500,0.04957,0.60439,0.34604
88.10250,0.49500,0.02101,0.48959,0.48940
88.20250,0.49500,0.02184,0.35365,0.62451
88.30250,0.49500,0.02240,0.49249,0.48511
88.40250,0.49500,0.03648,0.24400,0.71952
88.50250,0.49500,0.07451,0.39672,0.52877
88.60250,0.49500,0.06128,0.27787,0.66085
88.70250,0.49500,0.10936,0.56466,0.32598
88.80250,0.49500,0.07672,0.47275,0.45053
88.90250,0.49500,0.07140,0.50852,0.42009
89.00250,0.49500,0.03280,0.48229,0.48491
89.10250,0.49500,0.06804,0.45126,0.48070
89.20250,0.49500,0.02850,0.46151,0.50999
89.30250,0.49500,0.03006,0.41894,0.55099
89.40250,0.49500,0.01206,0.47466,0.51328
89.50250,0.49500,0.01383,0.39236,0.59381
89.60250,0.49500,0.03093,0.53157,0.43750
89.70250,0.49500,0.02533,0.23661,0.73806
89.80250,0.49500,0.03602,0.50886,0.45512
89.90250,0.49500,0.02424,0.25641,0.71935
90.00250,0.49500,0.04299,0.42238,0.53464
90.10250,0.49500,0.04720,0.27410,0.67870
90.20250,0.49500,0.04323,0.37930,0.57748
