Time (seconds), Duration (seconds),pred_(unlabeled),pred_empty_box,pred_table
0.00250,0.49500,0.01793,0.98207,0.00000
0.10250,0.49500,0.01610,0.98390,0.00000
0.20250,0.49500,0.01641,0.98359,0.00000
0.30250,0.49500,0.01331,0.98669,0.00000
0.40250,0.49500,0.01391,0.98609,0.00000
0.50250,0.49500,0.01316,0.98684,0.00000
0.60250,0.49500,0.01370,0.98630,0.00000
0.70250,0.49500,0.01321,0.98679,0.00000
0.80250,0.49500,0.01321,0.98679,0.00000
0.90250,0.49500,0.01345,0.98655,0.00000
1.00250,0.49500,0.01315,0.98685,0.00000
1.10250,0.49500,0.01323,0.98677,0.00000
1.20250,0.49500,0.01309,0.98691,0.00000
1.30250,0.49500,0.01315,0.98685,0.00000
1.40250,0.49500,0.01297,0.98703,0.00000
1.50250,0.49500,0.01301,0.98699,0.00000
1.60250,0.49500,0.01356,0.98644,0.00000
1.70250,0.49500,0.01366,0.98634,0.00000
1.80250,0.49500,0.01361,0.98639,0.00000
1.90250,0.49500,0.01364,0.98636,0.00000
2.00250,0.49500,0.01318,0.98682,0.00000
2.10250,0.49500,0.01360,0.98640,0.00000
2.20250,0.49500,0.01347,0.98653,0.00000
2.30250,0.49500,0.01358,0.98642,0.00000
2.40250,0.49500,0.01348,0.98652,0.00000
2.50250,0.49500,0.01382,0.98618,0.00000
2.60250,0.49500,0.01312,0.98688,0.00000
2.70250,0.49500,0.01394,0.98606,0.00000
2.80250,0.49500,0.01393,0.98607,0.00000
2.90250,0.49500,0.01440,0.98560,0.00000
3.00250,0.49500,0.01461,0.98539,0.00000
3.10250,0.49500,0.01438,0.98562,0.00000
3.20250,0.49500,0.01414,0.98586,0.00000
3.30250,0.49500,0.01322,0.98678,0.00000
3.40250,0.49500,0.01324,0.98676,0.00000
3.50250,0.49500,0.01332,0.98668,0.00000
3.60250,0.49500,0.01323,0.98677,0.00000
3.70250,0.49500,0.01356,0.98644,0.00000
3.80250,0.49500,0.01343,0.98657,0.00000
3.90250,0.49500,0.01408,0.98592,0.00000
4.00250,0.49500,0.01361,0.98639,0.00000
4.10250,0.49500,0.01412,0.98588,0.00000
4.20250,0.49500,0.01336,0.98664,0.00000
4.30250,0.49500,0.01368,0.98632,0.00000
4.40250,0.49500,0.01351,0.98649,0.00000
4.50250,0.49500,0.01382,0.98618,0.00000
4.60250,0.49500,0.01359,0.98641,0.00000
4.70250,0.49500,0.01414,0.98586,0.00000
4.80250,0.49500,0.01338,0.98662,0.00000
4.90250,0.49500,0.01389,0.98611,0.00000
5.00250,0.49500,0.01370,0.98630,0.00000
5.10250,0.49500,0.01399,0.98601,0.00000
5.20250,0.49500,0.01379,0.98621,0.00000
5.30250,0.49500,0.01377,0.98623,0.00000
5.40250,0.49500,0.01403,0.98597,0.00000
5.50250,0.49500,0.01337,0.98663,0.00000
5.60250,0.49500,0.01378,0.98622,0.00000
5.70250,0.49500,0.01342,0.98658,0.00000
5.80250,0.49500,0.01341,0.98659,0.00000
5.90250,0.49500,0.01367,0.98633,0.00000
6.00250,0.49500,0.01436,0.98564,0.00000
6.10250,0.49500,0.01449,0.98551,0.00000
6.20250,0.49500,0.01444,0.98556,0.00000
6.30250,0.49500,0.01447,0.98553,0.00000
6.40250,0.49500,0.01393,0.98607,0.00000
6.50250,0.49500,0.01416,0.98584,0.00000
6.60250,0.49500,0.01373,0.98627,0.00000
6.70250,0.49500,0.01420,0.98580,0.00000
6.80250,0.49500,0.01341,0.98659,0.00000
6.90250,0.49500,0.01426,0.98574,0.00000
7.00250,0.49500,0.01437,0.98563,0.00000
7.10250,0.49500,0.01435,0.98565,0.00000
7.20250,0.49500,0.01423,0.98577,0.00000
7.30250,0.49500,0.01410,0.98590,0.00000
7.40250,0.49500,0.01413,0.98587,0.00000
7.50250,0.49500,0.01377,0.98623,0.00000
7.60250,0.49500,0.01437,0.98563,0.00000
7.70250,0.49500,0.01346,0.98654,0.00000
7.80250,0.49500,0.01380,0.98620,0.00000
7.90250,0.49500,0.01361,0.98639,0.00000
8.00250,0.49500,0.01370,0.98630,0.00000
8.10250,0.49500,0.01395,0.98605,0.00000
8.20250,0.49500,0.01357,0.98643,0.00000
8.30250,0.49500,0.01339,0.98661,0.00000
8.40250,0.49500,0.01396,0.98604,0.00000
8.50250,0.49500,0.01397,0.98603,0.00000
8.60250,0.49500,0.01380,0.98620,0.00000
8.70250,0.49500,0.01379,0.98621,0.00000
8.80250,0.49500,0.01409,0.98591,0.00000
8.90250,0.49500,0.01354,0.98646,0.00000
9.00250,0.49500,0.01346,0.98654,0.00000
9.10250,0.49500,0.01356,0.98644,0.00000
9.20250,0.49500,0.01374,0.98626,0.00000
9.30250,0.49500,0.01363,0.98637,0.00000
9.40250,0.49500,0.01369,0.98631,0.00000
9.50250,0.49500,0.01372,0.98628,0.00000
9.60250,0.49500,0.01351,0.98649,0.00000
9.70250,0.49500,0.01396,0.98604,0.00000
9.80250,0.49500,0.01401,0.98599,0.00000
9.90250,0.49500,0.01352,0.98648,0.00000
10.00250,0.49500,0.01401,0.98599,0.00000
10.10250,0.49500,0.01392,0.98608,0.00000
10.20250,0.49500,0.01348,0.98652,0.00000
10.30250,0.49500,0.01370,0.98630,0.00000
10.40250,0.49500,0.01369,0.98631,0.00000
10.50250,0.49500,0.01348,0.98652,0.00000
10.60250,0.49500,0.01377,0.98623,0.00000
10.70250,0.49500,0.01313,0.98687,0.00000
10.80250,0.49500,0.01407,0.98593,0.00000
10.90250,0.49500,0.01339,0.98661,0.00000
11.00250,0.49500,0.01403,0.98597,0.00000
11.10250,0.49500,0.01438,0.98562,0.00000
11.20250,0.49500,0.01382,0.98618,0.00000
11.30250,0.49500,0.01384,0.98616,0.00000
11.40250,0.49500,0.01366,0.98634,0.00000
11.50250,0.49500,0.01377,0.98623,0.00000
11.60250,0.49500,0.01351,0.98649,0.00000
11.70250,0.49500,0.01397,0.98603,0.00000
11.80250,0.49500,0.01372,0.98628,0.00000
11.90250,0.49500,0.01344,0.98656,0.00000
12.00250,0.49500,0.01371,0.98629,0.00000
12.10250,0.49500,0.01361,0.98639,0.00000
12.20250,0.49500,0.01340,0.98660,0.00000
12.30250,0.49500,0.01320,0.98680,0.00000
12.40250,0.49500,0.01314,0.98686,0.00000
12.50250,0.49500,0.01334,0.98666,0.00000
12.60250,0.49500,0.01299,0.98701,0.00000
12.70250,0.49500,0.01357,0.98643,0.00000
12.80250,0.49500,0.01364,0.98636,0.00000
12.90250,0.49500,0.01339,0.98661,0.00000
13.00250,0.49500,0.01389,0.98611,0.00000
13.10250,0.49500,0.01401,0.98599,0.00000
13.20250,0.49500,0.01355,0.98645,0.00000
13.30250,0.49500,0.01380,0.98620,0.00000
13.40250,0.49500,0.01385,0.98615,0.00000
13.50250,0.49500,0.01360,0.98640,0.00000
13.60250,0.49500,0.01366,0.98634,0.00000
13.70250,0.49500,0.01364,0.98636,0.00000
13.80250,0.49500,0.01316,0.98684,0.00000
13.90250,0.49500,0.01381,0.98619,0.00000
14.00250,0.49500,0.01360,0.98640,0.00000
14.10250,0.49500,0.01369,0.98631,0.00000
14.20250,0.49500,0.01375,0.98625,0.00000
14.30250,0.49500,0.01372,0.98628,0.00000
14.40250,0.49500,0.01402,0.98598,0.00000
14.50250,0.49500,0.01553,0.98447,0.00000
14.60250,0.49500,0.01642,0.98358,0.00000
14.70250,0.49500,0.14427,0.85573,0.00000
14.80250,0.49500,0.38331,0.61669,0.00000
14.90250,0.49500,0.82558,0.17442,0.00000
15.00250,0.49500,0.98782,0.01218,0.00000
15.10250,0.49500,0.99038,0.00962,0.00000
15.20250,0.49500,0.99999,0.00001,0.00000
15.30250,0.49500,0.99717,0.00283,0.00000
15.40250,0.49500,0.99622,0.00378,0.00000
15.50250,0.49500,0.99731,0.00269,0.00000
15.60250,0.49500,0.90907,0.09093,0.00000
15.70250,0.49500,0.98445,0.01555,0.00000
15.80250,0.49500,0.69143,0.30857,0.00000
15.90250,0.49500,0.33869,0.66131,0.00000
16.00250,0.49500,0.25192,0.74808,0.00001
16.10250,0.49500,0.25788,0.74211,0.00001
16.20250,0.49500,0.16735,0.83265,0.00000
16.30250,0.49500,0.06295,0.93705,0.00000
16.40250,0.49500,0.01157,0.98843,0.00000
16.50250,0.49500,0.00419,0.99581,0.00000
16.60250,0.49500,0.00455,0.99545,0.00000
16.70250,0.49500,0.00227,0.99773,0.00000
16.80250,0.49500,0.00300,0.99700,0.00000
16.90250,0.49500,0.00194,0.99806,0.00000
17.00250,0.49500,0.00206,0.99794,0.00000
17.10250,0.49500,0.00130,0.99870,0.00000
17.20250,0.49500,0.00184,0.99816,0.00000
17.30250,0.49500,0.00279,0.99721,0.00000
17.40250,0.49500,0.00447,0.99553,0.00000
17.50250,0.49500,0.00438,0.99562,0.00000
17.60250,0.49500,0.00321,0.99679,0.00000
17.70250,0.49500,0.00280,0.99720,0.00000
17.80250,0.49500,0.00196,0.99804,0.00000
17.90250,0.49500,0.00212,0.99788,0.00000
18.00250,0.49500,0.00193,0.99807,0.00000
18.10250,0.49500,0.00139,0.99861,0.00000
18.20250,0.49500,0.00153,0.99847,0.00000
18.30250,0.49500,0.00157,0.99843,0.00000
18.40250,0.49500,0.00163,0.99837,0.00000
18.50250,0.49500,0.00150,0.99850,0.00000
18.60250,0.49500,0.00248,0.99752,0.00000
18.70250,0.49500,0.00197,0.99803,0.00000
18.80250,0.49500,0.00213,0.99787,0.00000
18.90250,0.49500,0.00190,0.99810,0.00000
19.00250,0.49500,0.00128,0.99872,0.00000
19.10250,0.49500,0.00104,0.99896,0.00000
19.20250,0.49500,0.00155,0.99845,0.00000
19.30250,0.49500,0.00248,0.99752,0.00000
19.40250,0.49500,0.00181,0.99819,0.00000
19.50250,0.49500,0.00211,0.99789,0.00000
19.60250,0.49500,0.00181,0.99819,0.00000
19.70250,0.49500,0.00147,0.99853,0.00000
19.80250,0.49500,0.00132,0.99868,0.00000
19.90250,0.49500,0.00143,0.99857,0.00000
20.00250,0.49500,0.00133,0.99867,0.00000
20.10250,0.49500,0.00204,0.99796,0.00000
20.20250,0.49500,0.00197,0.99803,0.00000
20.30250,0.49500,0.00159,0.99841,0.00000
20.40250,0.49500,0.00148,0.99852,0.00000
20.50250,0.49500,0.00141,0.99859,0.00000
20.60250,0.49500,0.00146,0.99854,0.00000
20.70250,0.49500,0.00118,0.99882,0.00000
20.80250,0.49500,0.00119,0.99881,0.00000
20.90250,0.49500,0.00136,0.99864,0.00000
21.00250,0.49500,0.00159,0.99841,0.00000
21.10250,0.49500,0.00145,0.99855,0.00000
21.20250,0.49500,0.00132,0.99868,0.00000
21.30250,0.49500,0.00173,0.99827,0.00000
21.40250,0.49500,0.00166,0.99834,0.00000
21.50250,0.49500,0.00151,0.99849,0.00000
21.60250,0.49500,0.00133,0.99867,0.00000
21.70250,0.49500,0.00188,0.99812,0.00000
21.80250,0.49500,0.00168,0.99832,0.00000
21.90250,0.49500,0.00172,0.99828,0.00000
22.00250,0.49500,0.00200,0.99800,0.00000
22.10250,0.49500,0.00124,0.99876,0.00000
22.20250,0.49500,0.00138,0.99862,0.00000
22.30250,0.49500,0.00138,0.99862,0.00000
22.40250,0.49500,0.00202,0.99798,0.00000
22.50250,0.49500,0.00205,0.99795,0.00000
22.60250,0.49500,0.00149,0.99851,0.00000
22.70250,0.49500,0.00118,0.99882,0.00000
22.80250,0.49500,0.00122,0.99878,0.00000
22.90250,0.49500,0.00145,0.99855,0.00000
23.00250,0.49500,0.00119,0.99881,0.00000
23.10250,0.49500,0.00137,0.99863,0.00000
23.20250,0.49500,0.00116,0.99884,0.00000
23.30250,0.49500,0.00126,0.99874,0.00000
23.40250,0.49500,0.00219,0.99781,0.00000
23.50250,0.49500,0.00127,0.99873,0.00000
23.60250,0.49500,0.00139,0.99861,0.00000
23.70250,0.49500,0.00180,0.99820,0.00000
23.80250,0.49500,0.00150,0.99850,0.00000
23.90250,0.49500,0.00192,0.99808,0.00000
24.00250,0.49500,0.00138,0.99862,0.00000
24.10250,0.49500,0.00153,0.99847,0.00000
24.20250,0.49500,0.00190,0.99810,0.00000
24.30250,0.49500,0.00139,0.99861,0.00000
24.40250,0.49500,0.00167,0.99833,0.00000
24.50250,0.49500,0.00163,0.99837,0.00000
24.60250,0.49500,0.00130,0.99870,0.00000
24.70250,0.49500,0.00170,0.99830,0.00000
24.80250,0.49500,0.00183,0.99817,0.00000
24.90250,0.49500,0.00124,0.99876,0.00000
25.00250,0.49500,0.00124,0.99876,0.00000
25.10250,0.49500,0.00147,0.99853,0.00000
25.20250,0.49500,0.00146,0.99854,0.00000
25.30250,0.49500,0.00130,0.99870,0.00000
25.40250,0.49500,0.00122,0.99878,0.00000
25.50250,0.49500,0.00102,0.99898,0.00000
25.60250,0.49500,0.00097,0.99903,0.00000
25.70250,0.49500,0.00123,0.99877,0.00000
25.80250,0.49500,0.00129,0.99871,0.00000
25.90250,0.49500,0.00145,0.99855,0.00000
26.00250,0.49500,0.00120,0.99880,0.00000
26.10250,0.49500,0.00127,0.99873,0.00000
26.20250,0.49500,0.00130,0.99870,0.00000
26.30250,0.49500,0.00113,0.99887,0.00000
26.40250,0.49500,0.00125,0.99875,0.00000
26.50250,0.49500,0.00109,0.99891,0.00000
26.60250,0.49500,0.00119,0.99881,0.00000
26.70250,0.49500,0.00102,0.99898,0.00000
26.80250,0.49500,0.00121,0.99879,0.00000
26.90250,0.49500,0.00112,0.99888,0.00000
27.00250,0.49500,0.00139,0.99861,0.00000
27.10250,0.49500,0.00214,0.99786,0.00000
27.20250,0.49500,0.00204,0.99796,0.00000
27.30250,0.49500,0.00193,0.99807,0.00000
27.40250,0.49500,0.00139,0.99861,0.00000
27.50250,0.49500,0.00170,0.99830,0.00000
27.60250,0.49500,0.00162,0.99838,0.00000
27.70250,0.49500,0.00160,0.99840,0.00000
27.80250,0.49500,0.00207,0.99793,0.00000
27.90250,0.49500,0.00248,0.99752,0.00000
28.00250,0.49500,0.00275,0.99725,0.00000
28.10250,0.49500,0.00167,0.99833,0.00000
28.20250,0.49500,0.00189,0.99811,0.00000
28.30250,0.49500,0.00148,0.99852,0.00000
28.40250,0.49500,0.00150,0.99850,0.00000
28.50250,0.49500,0.00142,0.99858,0.00000
28.60250,0.49500,0.00137,0.99863,0.00000
28.70250,0.49500,0.00170,0.99830,0.00000
28.80250,0.49500,0.00209,0.99791,0.00000
28.90250,0.49500,0.00182,0.99818,0.00000
29.00250,0.49500,0.00183,0.99817,0.00000
29.10250,0.49500,0.00211,0.99788,0.00000
29.20250,0.49500,0.00166,0.99834,0.00000
29.30250,0.49500,0.00132,0.99868,0.00000
29.40250,0.49500,0.00153,0.99847,0.00000
29.50250,0.49500,0.00106,0.99894,0.00000
29.60250,0.49500,0.00211,0.99789,0.00000
29.70250,0.49500,0.00148,0.99852,0.00000
29.80250,0.49500,0.00172,0.99828,0.00000
29.90250,0.49500,0.00136,0.99864,0.00000
30.00250,0.49500,0.00168,0.99832,0.00000
30.10250,0.49500,0.00141,0.99859,0.00000
30.20250,0.49500,0.00143,0.99857,0.00000
30.30250,0.49500,0.00135,0.99865,0.00000
30.40250,0.49500,0.00134,0.99866,0.00000
30.50250,0.49500,0.00165,0.99835,0.00000
30.60250,0.49500,0.00125,0.99875,0.00000
30.70250,0.49500,0.00106,0.99894,0.00000
30.80250,0.49500,0.00143,0.99856,0.00000
30.90250,0.49500,0.00125,0.99874,0.00000
31.00250,0.49500,0.00146,0.99854,0.00000
31.10250,0.49500,0.00153,0.99847,0.00000
31.20250,0.49500,0.00164,0.99836,0.00000
31.30250,0.49500,0.00183,0.99817,0.00000
31.40250,0.49500,0.00126,0.99874,0.00000
31.50250,0.49500,0.00177,0.99823,0.00000
31.60250,0.49500,0.00150,0.99850,0.00000
31.70250,0.49500,0.00162,0.99838,0.00000
31.80250,0.49500,0.00152,0.99847,0.00000
31.90250,0.49500,0.00140,0.99860,0.00000
32.00250,0.49500,0.00134,0.99866,0.00000
32.10250,0.49500,0.00228,0.99772,0.00000
32.20250,0.49500,0.00312,0.99688,0.00000
32.30250,0.49500,0.00495,0.99505,0.00000
32.40250,0.49500,0.00611,0.99389,0.00000
32.50250,0.49500,0.00503,0.99497,0.00000
32.60250,0.49500,0.00283,0.99717,0.00000
32.70250,0.49500,0.00214,0.99786,0.00000
32.80250,0.49500,0.00252,0.99748,0.00000
32.90250,0.49500,0.00170,0.99829,0.00000
33.00250,0.49500,0.00212,0.99788,0.00000
33.10250,0.49500,0.00146,0.99854,0.00000
33.20250,0.49500,0.00197,0.99803,0.00000
33.30250,0.49500,0.00289,0.99711,0.00000
33.40250,0.49500,0.00383,0.99617,0.00000
33.50250,0.49500,0.00253,0.99747,0.00000
33.60250,0.49500,0.00229,0.99771,0.00000
33.70250,0.49500,0.00136,0.99864,0.00000
33.80250,0.49500,0.00159,0.99841,0.00000
33.90250,0.49500,0.00161,0.99839,0.00000
34.00250,0.49500,0.00163,0.99837,0.00000
34.10250,0.49500,0.00128,0.99872,0.00000
34.20250,0.49500,0.00141,0.99859,0.00000
34.30250,0.49500,0.00111,0.99888,0.00000
34.40250,0.49500,0.00138,0.99862,0.00000
34.50250,0.49500,0.00123,0.99877,0.00000
34.60250,0.49500,0.00142,0.99858,0.00000
34.70250,0.49500,0.00144,0.99856,0.00000
34.80250,0.49500,0.00129,0.99871,0.00000
34.90250,0.49500,0.00164,0.99836,0.00000
35.00250,0.49500,0.00123,0.99876,0.00000
35.10250,0.49500,0.00136,0.99864,0.00000
35.20250,0.49500,0.00141,0.99859,0.00000
35.30250,0.49500,0.00174,0.99826,0.00000
35.40250,0.49500,0.00170,0.99829,0.00000
35.50250,0.49500,0.00175,0.99825,0.00000
35.60250,0.49500,0.00161,0.99839,0.00000
35.70250,0.49500,0.00174,0.99826,0.00000
35.80250,0.49500,0.00423,0.99577,0.00000
35.90250,0.49500,0.02713,0.97287,0.00000
36.00250,0.49500,0.02202,0.97798,0.00000
36.10250,0.49500,0.23912,0.76088,0.00000
36.20250,0.49500,0.30335,0.69665,0.00000
36.30250,0.49500,0.60638,0.39361,0.00001
36.40250,0.49500,0.69279,0.30721,0.00000
36.50250,0.49500,0.71357,0.28643,0.00000
36.60250,0.49500,0.73870,0.26130,0.00000
36.70250,0.49500,0.77632,0.22368,0.00000
36.80250,0.49500,0.75506,0.24493,0.00001
36.90250,0.49500,0.56086,0.43914,0.00000
37.00250,0.49500,0.54618,0.45382,0.00000
37.10250,0.49500,0.61690,0.38303,0.00007
37.20250,0.49500,0.51495,0.48499,0.00006
37.30250,0.49500,0.27151,0.72819,0.00029
37.40250,0.49500,0.56429,0.43474,0.00096
37.50250,0.49500,0.59438,0.40059,0.00502
37.60250,0.49500,0.43801,0.55205,0.00995
37.70250,0.49500,0.45051,0.54466,0.00484
37.80250,0.49500,0.39934,0.57731,0.02335
37.90250,0.49500,0.23328,0.75688,0.00984
38.00250,0.49500,0.24256,0.73479,0.02265
38.10250,0.49500,0.08853,0.89241,0.01906
38.20250,0.49500,0.12206,0.86686,0.01108
38.30250,0.49500,0.12065,0.86747,0.01188
38.40250,0.49500,0.09865,0.89646,0.00488
38.50250,0.49500,0.16528,0.83143,0.00329
38.60250,0.49500,0.21086,0.78639,0.00275
38.70250,0.49500,0.23029,0.76720,0.00251
38.80250,0.49500,0.53889,0.45913,0.00199
38.90250,0.49500,0.58526,0.41292,0.00182
39.00250,0.49500,0.61833,0.37856,0.00311
39.10250,0.49500,0.52599,0.47172,0.00229
39.20250,0.49500,0.26464,0.72357,0.01179
39.30250,0.49500,0.27361,0.71615,0.01023
39.40250,0.49500,0.36382,0.62821,0.00797
39.50250,0.49500,0.15868,0.83554,0.00578
39.60250,0.49500,0.10835,0.88661,0.00504
39.70250,0.49500,0.04172,0.95278,0.00550
39.80250,0.49500,0.02296,0.97076,0.00629
39.90250,0.49500,0.02337,0.97012,0.00651
40.00250,0.49500,0.01624,0.97114,0.01262
40.10250,0.49500,0.02378,0.94503,0.03120
40.20250,0.49500,0.02095,0.94471,0.03433
40.30250,0.49500,0.02557,0.91401,0.06042
40.40250,0.49500,0.01873,0.94281,0.03846
40.50250,0.49500,0.02054,0.93290,0.04656
40.60250,0.49500,0.01881,0.95442,0.02677
40.70250,0.49500,0.03330,0.92332,0.04339
40.80250,0.49500,0.01601,0.95433,0.02966
40.90250,0.49500,0.01380,0.95595,0.03025
41.00250,0.49500,0.01121,0.95526,0.03353
41.10250,0.49500,0.02923,0.91976,0.05101
41.20250,0.49500,0.03754,0.90625,0.05621
41.30250,0.49500,0.03925,0.91883,0.04191
41.40250,0.49500,0.02684,0.95227,0.02089
41.50250,0.49500,0.01100,0.96325,0.02575
41.60250,0.49500,0.01267,0.95760,0.02973
41.70250,0.49500,0.01428,0.95948,0.02624
41.80250,0.49500,0.00895,0.97953,0.01152
41.90250,0.49500,0.02171,0.95718,0.02111
42.00250,0.49500,0.02303,0.95828,0.01869
42.10250,0.49500,0.02077,0.96546,0.01377
42.20250,0.49500,0.01622,0.97000,0.01378
42.30250,0.49500,0.01468,0.96247,0.02285
42.40250,0.49500,0.01079,0.97079,0.01842
42.50250,0.49500,0.01536,0.96910,0.01554
42.60250,0.49500,0.01275,0.97810,0.00915
42.70250,0.49500,0.01647,0.97112,0.01241
42.80250,0.49500,0.01804,0.97008,0.01188
42.90250,0.49500,0.01147,0.97593,0.01261
43.00250,0.49500,0.01040,0.97877,0.01083
43.10250,0.49500,0.00990,0.97898,0.01112
43.20250,0.49500,0.00754,0.98274,0.00971
43.30250,0.49500,0.00750,0.98291,0.00959
43.40250,0.49500,0.00821,0.97698,0.01480
43.50250,0.49500,0.00921,0.97427,0.01653
43.60250,0.49500,0.00845,0.97651,0.01504
43.70250,0.49500,0.00797,0.98065,0.01138
43.80250,0.49500,0.01245,0.97325,0.01430
43.90250,0.49500,0.01272,0.97296,0.01433
44.00250,0.49500,0.01400,0.96835,0.01765
44.10250,0.49500,0.01835,0.95743,0.02422
44.20250,0.49500,0.01513,0.96331,0.02156
44.30250,0.49500,0.01999,0.94780,0.03221
44.40250,0.49500,0.02226,0.94655,0.03120
44.50250,0.49500,0.02206,0.94377,0.03417
44.60250,0.49500,0.01295,0.95195,0.03510
44.70250,0.49500,0.01740,0.95993,0.02267
44.80250,0.49500,0.01991,0.95495,0.02514
44.90250,0.49500,0.04377,0.92847,0.02776
45.00250,0.49500,0.02827,0.94382,0.02791
45.10250,0.49500,0.03672,0.92830,0.03499
45.20250,0.49500,0.01898,0.95730,0.02372
45.30250,0.49500,0.01869,0.94533,0.03598
45.40250,0.49500,0.01219,0.94870,0.03911
45.50250,0.49500,0.01431,0.95900,0.02668
45.60250,0.49500,0.01145,0.96845,0.02010
45.70250,0.49500,0.01141,0.97138,0.01721
45.80250,0.49500,0.01018,0.97309,0.01673
45.90250,0.49500,0.01134,0.95676,0.03191
46.00250,0.49500,0.00982,0.96610,0.02408
46.10250,0.49500,0.00732,0.97253,0.02015
46.20250,0.49500,0.00674,0.97627,0.01699
46.30250,0.49500,0.00968,0.96003,0.03029
46.40250,0.49500,0.01060,0.96911,0.02029
46.50250,0.49500,0.01015,0.96809,0.02176
46.60250,0.49500,0.01269,0.96738,0.01993
46.70250,0.49500,0.01046,0.96671,0.02283
46.80250,0.49500,0.01257,0.97291,0.01452
46.90250,0.49500,0.00987,0.97685,0.01327
47.00250,0.49500,0.00756,0.98124,0.01120
47.10250,0.49500,0.00763,0.98004,0.01233
47.20250,0.49500,0.00713,0.98403,0.00885
47.30250,0.49500,0.00734,0.98398,0.00868
47.40250,0.49500,0.00817,0.98251,0.00932
47.50250,0.49500,0.01565,0.97553,0.00882
47.60250,0.49500,0.01408,0.97742,0.00850
47.70250,0.49500,0.01933,0.95955,0.02112
47.80250,0.49500,0.01672,0.96186,0.02141
47.90250,0.49500,0.01159,0.96917,0.01924
48.00250,0.49500,0.01360,0.95805,0.02835
48.10250,0.49500,0.01278,0.96971,0.01751
48.20250,0.49500,0.01008,0.97593,0.01399
48.30250,0.49500,0.00958,0.97757,0.01285
48.40250,0.49500,0.01141,0.96850,0.02008
48.50250,0.49500,0.00662,0.97688,0.01651
48.60250,0.49500,0.00886,0.96842,0.02272
48.70250,0.49500,0.00967,0.96426,0.02607
48.80250,0.49500,0.00872,0.97893,0.01235
48.90250,0.49500,0.00762,0.98425,0.00813
49.00250,0.49500,0.00996,0.97834,0.01170
49.10250,0.49500,0.01114,0.97641,0.01244
49.20250,0.49500,0.00917,0.98179,0.00904
49.30250,0.49500,0.01497,0.95976,0.02526
49.40250,0.49500,0.01564,0.94239,0.04197
49.50250,0.49500,0.01560,0.93909,0.04531
49.60250,0.49500,0.01333,0.95424,0.03243
49.70250,0.49500,0.01116,0.95915,0.02968
49.80250,0.49500,0.00953,0.98037,0.01010
49.90250,0.49500,0.00844,0.98484,0.00671
50.00250,0.49500,0.00929,0.98238,0.00833
50.10250,0.49500,0.01064,0.98007,0.00929
50.20250,0.49500,0.01001,0.98377,0.00622
50.30250,0.49500,0.00890,0.98334,0.00776
50.40250,0.49500,0.01053,0.98130,0.00817
50.50250,0.49500,0.01207,0.97403,0.01390
50.60250,0.49500,0.00637,0.98869,0.00494
50.70250,0.49500,0.00981,0.98235,0.00784
50.80250,0.49500,0.00676,0.98798,0.00526
50.90250,0.49500,0.00809,0.98511,0.00680
51.00250,0.49500,0.00565,0.98963,0.00472
51.10250,0.49500,0.00435,0.99141,0.00424
51.20250,0.49500,0.00506,0.99017,0.00476
51.30250,0.49500,0.00438,0.99267,0.00295
51.40250,0.49500,0.00480,0.99236,0.00284
51.50250,0.49500,0.00656,0.98856,0.00488
51.60250,0.49500,0.00761,0.98298,0.00941
51.70250,0.49500,0.00745,0.98712,0.00543
51.80250,0.49500,0.00655,0.98769,0.00577
51.90250,0.49500,0.01185,0.97834,0.00981
52.00250,0.49500,0.01475,0.97364,0.01161
52.10250,0.49500,0.01148,0.98277,0.00575
52.20250,0.49500,0.01486,0.97497,0.01017
52.30250,0.49500,0.00975,0.98149,0.00876
52.40250,0.49500,0.00923,0.97659,0.01418
52.50250,0.49500,0.00763,0.98118,0.01119
52.60250,0.49500,0.00726,0.97685,0.01589
52.70250,0.49500,0.00536,0.98602,0.00862
52.80250,0.49500,0.00882,0.97783,0.01335
52.90250,0.49500,0.00821,0.98077,0.01102
53.00250,0.49500,0.00952,0.98299,0.00749
53.10250,0.49500,0.00820,0.98532,0.00648
53.20250,0.49500,0.00951,0.98561,0.00488
53.30250,0.49500,0.01314,0.98152,0.00534
53.40250,0.49500,0.01902,0.97111,0.00987
53.50250,0.49500,0.01510,0.97779,0.00710
53.60250,0.49500,0.01638,0.97629,0.00733
53.70250,0.49500,0.03020,0.95738,0.01241
53.80250,0.49500,0.02516,0.96226,0.01259
53.90250,0.49500,0.01721,0.97324,0.00955
54.00250,0.49500,0.02242,0.96960,0.00798
54.10250,0.49500,0.05354,0.94053,0.00593
54.20250,0.49500,0.55020,0.44920,0.00060
54.30250,0.49500,0.73642,0.26302,0.00056
54.40250,0.49500,0.71626,0.28369,0.00006
54.50250,0.49500,0.84997,0.15001,0.00001
54.60250,0.49500,0.75599,0.24401,0.00000
54.70250,0.49500,0.84462,0.15538,0.00000
54.80250,0.49500,0.86599,0.13401,0.00000
54.90250,0.49500,0.91075,0.08925,0.00000
55.00250,0.49500,0.96157,0.03843,0.00000
55.10250,0.49500,0.99772,0.00228,0.00000
55.20250,0.49500,0.97528,0.02472,0.00000
55.30250,0.49500,0.95037,0.04963,0.00000
55.40250,0.49500,0.92960,0.07040,0.00000
55.50250,0.49500,0.91779,0.08221,0.00000
55.60250,0.49500,0.93645,0.06355,0.00000
55.70250,0.49500,0.96564,0.03436,0.00000
55.80250,0.49500,0.96016,0.03984,0.00000
55.90250,0.49500,0.94880,0.05120,0.00000
56.00250,0.49500,0.74235,0.25765,0.00000
56.10250,0.49500,0.73402,0.26598,0.00000
56.20250,0.49500,0.25718,0.74277,0.00005
56.30250,0.49500,0.03792,0.96184,0.00024
56.40250,0.49500,0.02355,0.97621,0.00025
56.50250,0.49500,0.01498,0.98466,0.00036
56.60250,0.49500,0.01858,0.98069,0.00073
56.70250,0.49500,0.01634,0.98214,0.00152
56.80250,0.49500,0.01836,0.98043,0.00121
56.90250,0.49500,0.03621,0.96276,0.00103
57.00250,0.49500,0.07849,0.92092,0.00059
57.10250,0.49500,0.10718,0.89255,0.00027
57.20250,0.49500,0.14599,0.85380,0.00021
57.30250,0.49500,0.13253,0.86723,0.00024
57.40250,0.49500,0.13647,0.86328,0.00025
57.50250,0.49500,0.09833,0.90131,0.00036
57.60250,0.49500,0.08351,0.91598,0.00051
57.70250,0.49500,0.08007,0.91932,0.00060
57.80250,0.49500,0.04359,0.95583,0.00057
57.90250,0.49500,0.04886,0.95043,0.00071
58.00250,0.49500,0.03389,0.96556,0.00055
58.10250,0.49500,0.03669,0.96272,0.00059
58.20250,0.49500,0.03954,0.95998,0.00048
58.30250,0.49500,0.02794,0.97140,0.00066
58.40250,0.49500,0.03096,0.96835,0.00069
58.50250,0.49500,0.02535,0.97390,0.00075
58.60250,0.49500,0.01638,0.98295,0.00067
58.70250,0.49500,0.01585,0.98360,0.00056
58.80250,0.49500,0.01461,0.98453,0.00086
58.90250,0.49500,0.01364,0.98579,0.00058
59.00250,0.49500,0.01348,0.98592,0.00059
59.10250,0.49500,0.01421,0.98507,0.00072
59.20250,0.49500,0.01506,0.98423,0.00071
59.30250,0.49500,0.01511,0.98420,0.00069
59.40250,0.49500,0.01477,0.98468,0.00054
59.50250,0.49500,0.01495,0.98433,0.00073
59.60250,0.49500,0.01559,0.98355,0.00086
59.70250,0.49500,0.01272,0.98650,0.00078
59.80250,0.49500,0.01286,0.98628,0.00086
59.90250,0.49500,0.01254,0.98643,0.00103
60.00250,0.49500,0.01198,0.98715,0.00088
60.10250,0.49500,0.01176,0.98771,0.00054
60.20250,0.49500,0.01665,0.98275,0.00060
60.30250,0.49500,0.01365,0.98599,0.00036
60.40250,0.49500,0.01523,0.98441,0.00036
60.50250,0.49500,0.01665,0.98290,0.00045
60.60250,0.49500,0.01372,0.98576,0.00052
60.70250,0.49500,0.01433,0.98501,0.00066
60.80250,0.49500,0.01180,0.98764,0.00056
60.90250,0.49500,0.01381,0.98516,0.00103
61.00250,0.49500,0.01144,0.98774,0.00082
61.10250,0.49500,0.01438,0.98448,0.00113
61.20250,0.49500,0.01110,0.98805,0.00085
61.30250,0.49500,0.01255,0.98640,0.00105
61.40250,0.49500,0.01453,0.98404,0.00143
61.50250,0.49500,0.01366,0.98476,0.00158
61.60250,0.49500,0.01059,0.98837,0.00103
61.70250,0.49500,0.01272,0.98550,0.00178
61.80250,0.49500,0.01177,0.98688,0.00135
61.90250,0.49500,0.01248,0.98674,0.00079
62.00250,0.49500,0.01494,0.98419,0.00087
62.10250,0.49500,0.01332,0.98588,0.00080
62.20250,0.49500,0.01488,0.98415,0.00097
62.30250,0.49500,0.01464,0.98482,0.00054
62.40250,0.49500,0.01596,0.98334,0.00070
62.50250,0.49500,0.01681,0.98263,0.00056
62.60250,0.49500,0.01555,0.98400,0.00045
62.70250,0.49500,0.01462,0.98477,0.00062
62.80250,0.49500,0.01751,0.98172,0.00077
62.90250,0.49500,0.01415,0.98511,0.00074
63.00250,0.49500,0.01183,0.98766,0.00051
63.10250,0.49500,0.01187,0.98762,0.00051
63.20250,0.49500,0.01244,0.98696,0.00061
63.30250,0.49500,0.01322,0.98622,0.00056
63.40250,0.49500,0.01312,0.98636,0.00051
63.50250,0.49500,0.01303,0.98646,0.00051
63.60250,0.49500,0.01069,0.98882,0.00050
63.70250,0.49500,0.01072,0.98878,0.00049
63.80250,0.49500,0.01284,0.98637,0.00079
63.90250,0.49500,0.01295,0.98612,0.00093
64.00250,0.49500,0.01355,0.98529,0.00116
64.10250,0.49500,0.01174,0.98737,0.00089
64.20250,0.49500,0.01089,0.98813,0.00098
64.30250,0.49500,0.01261,0.98615,0.00123
64.40250,0.49500,0.01235,0.98653,0.00111
64.50250,0.49500,0.01201,0.98728,0.00071
64.60250,0.49500,0.01265,0.98659,0.00075
64.70250,0.49500,0.01309,0.98625,0.00066
64.80250,0.49500,0.01310,0.98628,0.00062
64.90250,0.49500,0.01213,0.98722,0.00065
65.00250,0.49500,0.01129,0.98810,0.00062
65.10250,0.49500,0.01291,0.98634,0.00075
65.20250,0.49500,0.01424,0.98472,0.00103
65.30250,0.49500,0.01205,0.98730,0.00065
65.40250,0.49500,0.01267,0.98665,0.00067
65.50250,0.49500,0.01370,0.98563,0.00067
65.60250,0.49500,0.01356,0.98581,0.00063
65.70250,0.49500,0.01499,0.98471,0.00030
65.80250,0.49500,0.01558,0.98393,0.00049
65.90250,0.49500,0.01682,0.98283,0.00036
66.00250,0.49500,0.01643,0.98305,0.00051
66.10250,0.49500,0.01425,0.98504,0.00071
66.20250,0.49500,0.01277,0.98643,0.00080
66.30250,0.49500,0.01180,0.98732,0.00088
66.40250,0.49500,0.01293,0.98590,0.00118
66.50250,0.49500,0.01349,0.98560,0.00091
66.60250,0.49500,0.01323,0.98616,0.00061
66.70250,0.49500,0.01110,0.98851,0.00039
66.80250,0.49500,0.01193,0.98769,0.00038
66.90250,0.49500,0.01104,0.98862,0.00033
67.00250,0.49500,0.01355,0.98604,0.00041
67.10250,0.49500,0.01358,0.98589,0.00052
67.20250,0.49500,0.01189,0.98755,0.00056
67.30250,0.49500,0.01310,0.98604,0.00087
67.40250,0.49500,0.01213,0.98716,0.00071
67.50250,0.49500,0.01251,0.98693,0.00056
67.60250,0.49500,0.01247,0.98684,0.00069
67.70250,0.49500,0.01285,0.98634,0.00081
67.80250,0.49500,0.01325,0.98581,0.00095
67.90250,0.49500,0.01461,0.98406,0.00133
68.00250,0.49500,0.01206,0.98713,0.00081
68.10250,0.49500,0.01204,0.98735,0.00061
68.20250,0.49500,0.01448,0.98430,0.00122
68.30250,0.49500,0.01357,0.98559,0.00084
68.40250,0.49500,0.01250,0.98670,0.00081
68.50250,0.49500,0.01374,0.98552,0.00074
68.60250,0.49500,0.01435,0.98471,0.00094
68.70250,0.49500,0.01521,0.98411,0.00067
68.80250,0.49500,0.01308,0.98636,0.00056
68.90250,0.49500,0.01162,0.98790,0.00048
69.00250,0.49500,0.01612,0.98306,0.00082
69.10250,0.49500,0.01410,0.98543,0.00047
69.20250,0.49500,0.01330,0.98623,0.00047
69.30250,0.49500,0.01466,0.98451,0.00083
69.40250,0.49500,0.01502,0.98400,0.00098
69.50250,0.49500,0.01477,0.98441,0.00082
69.60250,0.49500,0.01680,0.98242,0.00077
69.70250,0.49500,0.01714,0.98194,0.00092
69.80250,0.49500,0.01762,0.98168,0.00070
69.90250,0.49500,0.01392,0.98511,0.00097
70.00250,0.49500,0.01305,0.98585,0.00111
70.10250,0.49500,0.01179,0.98686,0.00135
70.20250,0.49500,0.01301,0.98577,0.00122
70.30250,0.49500,0.01331,0.98538,0.00131
70.40250,0.49500,0.01434,0.98481,0.00085
70.50250,0.49500,0.01549,0.98324,0.00127
70.60250,0.49500,0.01495,0.98360,0.00145
70.70250,0.49500,0.01339,0.98538,0.00123
70.80250,0.49500,0.01332,0.98534,0.00135
70.90250,0.49500,0.01398,0.98431,0.00171
71.00250,0.49500,0.01322,0.98536,0.00143
71.10250,0.49500,0.01431,0.98429,0.00140
71.20250,0.49500,0.01447,0.98363,0.00191
71.30250,0.49500,0.01250,0.98620,0.00129
71.40250,0.49500,0.01154,0.98756,0.00091
71.50250,0.49500,0.01612,0.98304,0.00084
71.60250,0.49500,0.01681,0.98251,0.00067
71.70250,0.49500,0.01709,0.98235,0.00057
71.80250,0.49500,0.01470,0.98482,0.00048
71.90250,0.49500,0.01185,0.98760,0.00055
72.00250,0.49500,0.01165,0.98761,0.00074
72.10250,0.49500,0.01252,0.98657,0.00091
72.20250,0.49500,0.01414,0.98496,0.00090
72.30250,0.49500,0.01270,0.98662,0.00068
72.40250,0.49500,0.01280,0.98619,0.00101
72.50250,0.49500,0.01593,0.98285,0.00122
72.60250,0.49500,0.01389,0.98487,0.00124
72.70250,0.49500,0.01353,0.98509,0.00138
72.80250,0.49500,0.01555,0.98295,0.00150
72.90250,0.49500,0.01482,0.98329,0.00189
73.00250,0.49500,0.01434,0.98419,0.00147
73.10250,0.49500,0.01321,0.98557,0.00122
73.20250,0.49500,0.01218,0.98673,0.00110
73.30250,0.49500,0.01475,0.98424,0.00101
73.40250,0.49500,0.01496,0.98413,0.00092
73.50250,0.49500,0.01394,0.98492,0.00114
73.60250,0.49500,0.01373,0.98521,0.00106
73.70250,0.49500,0.01020,0.98866,0.00114
73.80250,0.49500,0.01183,0.98665,0.00152
73.90250,0.49500,0.01360,0.98528,0.00112
74.00250,0.49500,0.01218,0.98704,0.00079
74.10250,0.49500,0.01376,0.98551,0.00073
74.20250,0.49500,0.01383,0.98510,0.00107
74.30250,0.49500,0.01287,0.98573,0.00141
74.40250,0.49500,0.01504,0.98280,0.00217
74.50250,0.49500,0.01277,0.98607,0.00116
74.60250,0.49500,0.01583,0.98240,0.00177
74.70250,0.49500,0.01467,0.98363,0.00170
74.80250,0.49500,0.01599,0.98204,0.00197
74.90250,0.49500,0.01344,0.98528,0.00128
75.00250,0.49500,0.01497,0.98345,0.00158
75.10250,0.49500,0.01464,0.98388,0.00149
75.20250,0.49500,0.01637,0.98216,0.00147
75.30250,0.49500,0.01403,0.98481,0.00116
75.40250,0.49500,0.01313,0.98575,0.00112
75.50250,0.49500,0.01415,0.98448,0.00137
75.60250,0.49500,0.01445,0.98339,0.00216
75.70250,0.49500,0.01209,0.98579,0.00211
75.80250,0.49500,0.01076,0.98726,0.00198
75.90250,0.49500,0.01046,0.98826,0.00128
76.00250,0.49500,0.01275,0.98605,0.00121
76.10250,0.49500,0.01454,0.98464,0.00082
76.20250,0.49500,0.01373,0.98568,0.00059
76.30250,0.49500,0.01384,0.98536,0.00080
76.40250,0.49500,0.01412,0.98484,0.00104
76.50250,0.49500,0.01378,0.98515,0.00107
76.60250,0.49500,0.01271,0.98661,0.00067
76.70250,0.49500,0.01459,0.98457,0.00084
76.80250,0.49500,0.01523,0.98385,0.00092
76.90250,0.49500,0.01756,0.98088,0.00156
77.00250,0.49500,0.01290,0.98598,0.00112
77.10250,0.49500,0.01210,0.98633,0.00156
77.20250,0.49500,0.01558,0.98343,0.00099
77.30250,0.49500,0.02984,0.96933,0.00083
77.40250,0.49500,0.02903,0.96967,0.00130
77.50250,0.49500,0.03553,0.96358,0.00089
77.60250,0.49500,0.02480,0.97413,0.00108
77.70250,0.49500,0.02160,0.97658,0.00182
77.80250,0.49500,0.03525,0.96311,0.00163
77.90250,0.49500,0.07089,0.92836,0.00074
78.00250,0.49500,0.32375,0.67606,0.00019
78.10250,0.49500,0.69259,0.30731,0.00011
78.20250,0.49500,0.74860,0.25140,0.00000
78.30250,0.49500,0.75993,0.24007,0.00000
78.40250,0.49500,0.92914,0.07086,0.00000
78.50250,0.49500,0.88932,0.11068,0.00000
78.60250,0.49500,0.89238,0.10762,0.00000
78.70250,0.49500,0.85589,0.14411,0.00000
78.80250,0.49500,0.93266,0.06734,0.00000
78.90250,0.49500,0.92443,0.07557,0.00000
79.00250,0.49500,0.86336,0.13664,0.00000
79.10250,0.49500,0.93890,0.06110,0.00000
79.20250,0.49500,0.84510,0.15490,0.00000
79.30250,0.49500,0.54161,0.45839,0.00000
79.40250,0.49500,0.18379,0.81620,0.00000
79.50250,0.49500,0.03283,0.96711,0.00007
79.60250,0.49500,0.02494,0.97504,0.00002
79.70250,0.49500,0.05565,0.94434,0.00001
79.80250,0.49500,0.06335,0.93665,0.00000
79.90250,0.49500,0.08702,0.91298,0.00000
80.00250,0.49500,0.06670,0.93329,0.00000
80.10250,0.49500,0.04436,0.95563,0.00000
80.20250,0.49500,0.04038,0.95962,0.00000
80.30250,0.49500,0.05233,0.94767,0.00000
80.40250,0.49500,0.03815,0.96184,0.00001
80.50250,0.49500,0.02398,0.97601,0.00001
80.60250,0.49500,0.03626,0.96373,0.00001
80.70250,0.49500,0.01766,0.98233,0.00001
80.80250,0.49500,0.01511,0.98488,0.00001
80.90250,0.49500,0.00615,0.99384,0.00001
81.00250,0.49500,0.00323,0.99676,0.00001
81.10250,0.49500,0.00324,0.99675,0.00001
81.20250,0.49500,0.00322,0.99675,0.00003
81.30250,0.49500,0.00390,0.99608,0.00002
81.40250,0.49500,0.00459,0.99538,0.00002
81.50250,0.49500,0.00388,0.99608,0.00004
81.60250,0.49500,0.00353,0.99643,0.00003
81.70250,0.49500,0.00353,0.99646,0.00001
81.80250,0.49500,0.00371,0.99627,0.00003
81.90250,0.49500,0.00612,0.99387,0.00001
82.00250,0.49500,0.00505,0.99494,0.00001
82.10250,0.49500,0.00357,0.99642,0.00001
82.20250,0.49500,0.00327,0.99672,0.00001
82.30250,0.49500,0.00178,0.99821,0.00001
82.40250,0.49500,0.00173,0.99825,0.00002
82.50250,0.49500,0.00208,0.99790,0.00002
82.60250,0.49500,0.00284,0.99714,0.00002
82.70250,0.49500,0.00378,0.99619,0.00003
82.80250,0.49500,0.00359,0.99640,0.00001
82.90250,0.49500,0.00390,0.99608,0.00001
83.00250,0.49500,0.00271,0.99727,0.00001
83.10250,0.49500,0.00210,0.99789,0.00001
83.20250,0.49500,0.00214,0.99784,0.00001
83.30250,0.49500,0.00287,0.99712,0.00001
83.40250,0.49500,0.00256,0.99743,0.00001
83.50250,0.49500,0.00215,0.99784,0.00000
83.60250,0.49500,0.00208,0.99792,0.00000
83.70250,0.49500,0.00172,0.99827,0.00001
83.80250,0.49500,0.00170,0.99829,0.00001
83.90250,0.49500,0.00139,0.99861,0.00000
84.00250,0.49500,0.00145,0.99855,0.00001
84.10250,0.49500,0.00178,0.99822,0.00001
84.20250,0.49500,0.00182,0.99817,0.00001
84.30250,0.49500,0.00159,0.99841,0.00000
84.40250,0.49500,0.00178,0.99822,0.00001
84.50250,0.49500,0.00185,0.99814,0.00001
84.60250,0.49500,0.00252,0.99747,0.00001
84.70250,0.49500,0.00213,0.99786,0.00001
84.80250,0.49500,0.00242,0.99758,0.00001
84.90250,0.49500,0.00252,0.99747,0.00001
85.00250,0.49500,0.00266,0.99733,0.00001
85.10250,0.49500,0.00189,0.99809,0.00002
85.20250,0.49500,0.00185,0.99812,0.00003
85.30250,0.49500,0.00176,0.99820,0.00004
85.40250,0.49500,0.00155,0.99840,0.00004
85.50250,0.49500,0.00149,0.99848,0.00003
85.60250,0.49500,0.00165,0.99832,0.00004
85.70250,0.49500,0.00170,0.99827,0.00003
85.80250,0.49500,0.00189,0.99810,0.00002
85.90250,0.49500,0.00175,0.99823,0.00002
86.00250,0.49500,0.00228,0.99771,0.00001
86.10250,0.49500,0.00309,0.99690,0.00001
86.20250,0.49500,0.00378,0.99621,0.00001
86.30250,0.49500,0.00375,0.99624,0.00001
86.40250,0.49500,0.00267,0.99732,0.00001
86.50250,0.49500,0.00267,0.99732,0.00002
86.60250,0.49500,0.00170,0.99828,0.00002
86.70250,0.49500,0.00176,0.99821,0.00003
86.80250,0.49500,0.00277,0.99720,0.00002
86.90250,0.49500,0.00218,0.99781,0.00002
87.00250,0.49500,0.00271,0.99727,0.00002
87.10250,0.49500,0.00453,0.99546,0.00001
87.20250,0.49500,0.00402,0.99597,0.00001
87.30250,0.49500,0.00482,0.99518,0.00001
87.40250,0.49500,0.00493,0.99506,0.00001
87.50250,0.49500,0.00277,0.99722,0.00001
87.60250,0.49500,0.00243,0.99756,0.00001
87.70250,0.49500,0.00246,0.99753,0.00001
87.80250,0.49500,0.00344,0.99655,0.00001
87.90250,0.49500,0.00455,0.99543,0.00002
88.00250,0.49500,0.00396,0.99603,0.00001
88.10250,0.49500,0.00288,0.99711,0.00001
88.20250,0.49500,0.00198,0.99800,0.00002
88.30250,0.49500,0.00167,0.99832,0.00001
88.40250,0.49500,0.00229,0.99770,0.00001
88.50250,0.49500,0.00237,0.99762,0.00001
88.60250,0.49500,0.00260,0.99739,0.00001
88.70250,0.49500,0.00441,0.99558,0.00001
88.80250,0.49500,0.00325,0.99673,0.00002
88.90250,0.49500,0.00261,0.99738,0.00001
89.00250,0.49500,0.00236,0.99763,0.00001
89.10250,0.49500,0.00199,0.99799,0.00002
89.20250,0.49500,0.00311,0.99687,0.00001
89.30250,0.49500,0.00709,0.99290,0.00001
89.40250,0.49500,0.00612,0.99388,0.00001
89.50250,0.49500,0.01244,0.98755,0.00001
89.60250,0.49500,0.00587,0.99412,0.00001
89.70250,0.49500,0.00507,0.99491,0.00001
89.80250,0.49500,0.00340,0.99659,0.00001
89.90250,0.49500,0.00896,0.99103,0.00001
90.00250,0.49500,0.04804,0.95195,0.00001
90.10250,0.49500,0.12051,0.87948,0.00000
90.20250,0.49500,0.54893,0.45107,0.00000
90.30250,0.49500,0.64600,0.35400,0.00000
90.40250,0.49500,0.67726,0.32274,0.00000
90.50250,0.49500,0.81656,0.18344,0.00000
90.60250,0.49500,0.92519,0.07481,0.00000
90.70250,0.49500,0.81075,0.18925,0.00000
90.80250,0.49500,0.96159,0.03841,0.00000
90.90250,0.49500,0.91944,0.08056,0.00000
91.00250,0.49500,0.84166,0.15834,0.00000
91.10250,0.49500,0.39998,0.59993,0.00009
91.20250,0.49500,0.28207,0.71701,0.00092
91.30250,0.49500,0.45022,0.54780,0.00198
91.40250,0.49500,0.15394,0.84225,0.00381
91.50250,0.49500,0.03808,0.95761,0.00432
91.60250,0.49500,0.03552,0.96014,0.00434
91.70250,0.49500,0.02781,0.96805,0.00414
91.80250,0.49500,0.02543,0.96696,0.00761
91.90250,0.49500,0.02476,0.97028,0.00497
92.00250,0.49500,0.04383,0.94779,0.00837
92.10250,0.49500,0.07028,0.92619,0.00353
92.20250,0.49500,0.07198,0.92527,0.00275
92.30250,0.49500,0.06911,0.92874,0.00215
92.40250,0.49500,0.07049,0.92833,0.00118
92.50250,0.49500,0.03394,0.96294,0.00312
92.60250,0.49500,0.04260,0.95381,0.00358
92.70250,0.49500,0.05926,0.93874,0.00200
92.80250,0.49500,0.04888,0.94961,0.00151
92.90250,0.49500,0.04907,0.94920,0.00173
93.00250,0.49500,0.03237,0.96549,0.00214
93.10250,0.49500,0.02268,0.97520,0.00212
93.20250,0.49500,0.02456,0.97092,0.00453
93.30250,0.49500,0.01688,0.97911,0.00402
93.40250,0.49500,0.01545,0.98015,0.00440
93.50250,0.49500,0.01789,0.97448,0.00763
93.60250,0.49500,0.01933,0.96786,0.01281
93.70250,0.49500,0.01472,0.97412,0.01116
93.80250,0.49500,0.01644,0.97221,0.01135
93.90250,0.49500,0.01940,0.96454,0.01606
94.00250,0.49500,0.01902,0.97229,0.00868
94.10250,0.49500,0.01664,0.97486,0.00850
94.20250,0.49500,0.01641,0.97574,0.00785
94.30250,0.49500,0.01530,0.97666,0.00804
94.40250,0.49500,0.01784,0.97479,0.00737
94.50250,0.49500,0.01629,0.97830,0.00540
94.60250,0.49500,0.01534,0.98018,0.00448
94.70250,0.49500,0.01569,0.98107,0.00324
94.80250,0.49500,0.01536,0.97764,0.00699
94.90250,0.49500,0.01305,0.98200,0.00495
95.00250,0.49500,0.01499,0.97653,0.00848
95.10250,0.49500,0.01292,0.97785,0.00923
95.20250,0.49500,0.01281,0.97660,0.01060
95.30250,0.49500,0.01378,0.97365,0.01257
95.40250,0.49500,0.01314,0.97134,0.01551
95.50250,0.49500,0.01145,0.97437,0.01418
95.60250,0.49500,0.01273,0.97016,0.01712
95.70250,0.49500,0.01564,0.96533,0.01903
95.80250,0.49500,0.02138,0.96468,0.01394
95.90250,0.49500,0.02465,0.95835,0.01700
96.00250,0.49500,0.02130,0.96596,0.01274
96.10250,0.49500,0.01911,0.96554,0.01535
96.20250,0.49500,0.01456,0.97267,0.01277
96.30250,0.49500,0.01292,0.97601,0.01107
96.40250,0.49500,0.01128,0.98210,0.00663
96.50250,0.49500,0.01141,0.98339,0.00520
96.60250,0.49500,0.01361,0.98014,0.00626
96.70250,0.49500,0.01271,0.98328,0.00401
96.80250,0.49500,0.01214,0.98261,0.00526
96.90250,0.49500,0.01173,0.98262,0.00565
97.00250,0.49500,0.01092,0.98425,0.00482
97.10250,0.49500,0.01221,0.98305,0.00474
97.20250,0.49500,0.01298,0.98258,0.00444
97.30250,0.49500,0.01220,0.98508,0.00272
97.40250,0.49500,0.01352,0.98347,0.00301
97.50250,0.49500,0.01331,0.98395,0.00274
97.60250,0.49500,0.01340,0.98408,0.00252
97.70250,0.49500,0.01402,0.98354,0.00244
97.80250,0.49500,0.01383,0.98117,0.00500
97.90250,0.49500,0.01154,0.98440,0.00406
98.00250,0.49500,0.01221,0.98322,0.00458
98.10250,0.49500,0.01162,0.98442,0.00396
98.20250,0.49500,0.01439,0.98085,0.00477
98.30250,0.49500,0.01485,0.98114,0.00401
98.40250,0.49500,0.01388,0.98117,0.00495
98.50250,0.49500,0.01211,0.98374,0.00415
98.60250,0.49500,0.01088,0.98384,0.00527
98.70250,0.49500,0.01294,0.98028,0.00678
98.80250,0.49500,0.01269,0.98327,0.00404
98.90250,0.49500,0.01227,0.98370,0.00402
99.00250,0.49500,0.01226,0.98374,0.00400
99.10250,0.49500,0.01360,0.98074,0.00567
99.20250,0.49500,0.01492,0.97987,0.00521
99.30250,0.49500,0.01554,0.97880,0.00566
99.40250,0.49500,0.01666,0.97734,0.00600
99.50250,0.49500,0.01627,0.97943,0.00430
99.60250,0.49500,0.01708,0.97605,0.00687
99.70250,0.49500,0.01635,0.97816,0.00549
99.80250,0.49500,0.01512,0.97945,0.00543
99.90250,0.49500,0.01526,0.97635,0.00839
100.00250,0.49500,0.01301,0.97505,0.01194
100.10250,0.49500,0.01221,0.97865,0.00914
100.20250,0.49500,0.01159,0.98125,0.00716
100.30250,0.49500,0.01453,0.97543,0.01004
100.40250,0.49500,0.01330,0.97879,0.00792
100.50250,0.49500,0.01160,0.98153,0.00686
100.60250,0.49500,0.01011,0.98540,0.00449
100.70250,0.49500,0.01044,0.98350,0.00606
100.80250,0.49500,0.01273,0.97928,0.00800
100.90250,0.49500,0.01126,0.98203,0.00671
101.00250,0.49500,0.01073,0.98476,0.00450
101.10250,0.49500,0.01331,0.97904,0.00764
101.20250,0.49500,0.01242,0.98289,0.00469
101.30250,0.49500,0.01298,0.98386,0.00317
101.40250,0.49500,0.01391,0.98185,0.00424
101.50250,0.49500,0.01237,0.98396,0.00367
101.60250,0.49500,0.01158,0.98308,0.00534
101.70250,0.49500,0.01165,0.98097,0.00737
101.80250,0.49500,0.01337,0.97975,0.00688
101.90250,0.49500,0.01349,0.98017,0.00634
102.00250,0.49500,0.01302,0.97919,0.00780
102.10250,0.49500,0.01199,0.98202,0.00599
102.20250,0.49500,0.01283,0.97868,0.00849
102.30250,0.49500,0.01209,0.97864,0.00927
102.40250,0.49500,0.01341,0.97802,0.00857
102.50250,0.49500,0.01384,0.97640,0.00976
102.60250,0.49500,0.01241,0.97803,0.00956
102.70250,0.49500,0.01211,0.97935,0.00854
102.80250,0.49500,0.01113,0.98077,0.00810
102.90250,0.49500,0.01226,0.98048,0.00726
103.00250,0.49500,0.01168,0.98308,0.00525
103.10250,0.49500,0.01393,0.98000,0.00606
103.20250,0.49500,0.01306,0.98174,0.00520
103.30250,0.49500,0.01129,0.98498,0.00372
103.40250,0.49500,0.01217,0.98287,0.00496
103.50250,0.49500,0.01328,0.97752,0.00920
103.60250,0.49500,0.01047,0.98516,0.00437
103.70250,0.49500,0.01093,0.98417,0.00489
103.80250,0.49500,0.01306,0.97939,0.00755
103.90250,0.49500,0.01289,0.98265,0.00446
104.00250,0.49500,0.01379,0.98180,0.00441
104.10250,0.49500,0.01676,0.97719,0.00606
104.20250,0.49500,0.01866,0.97553,0.00582
104.30250,0.49500,0.01484,0.97960,0.00555
104.40250,0.49500,0.01377,0.98108,0.00515
104.50250,0.49500,0.01526,0.97760,0.00714
104.60250,0.49500,0.01292,0.97893,0.00815
104.70250,0.49500,0.01362,0.97930,0.00708
104.80250,0.49500,0.01604,0.97604,0.00792
104.90250,0.49500,0.01742,0.97516,0.00742
105.00250,0.49500,0.01939,0.97575,0.00487
105.10250,0.49500,0.01967,0.97517,0.00515
105.20250,0.49500,0.01664,0.97848,0.00489
105.30250,0.49500,0.01475,0.97846,0.00679
105.40250,0.49500,0.03018,0.96351,0.00631
105.50250,0.49500,0.09493,0.88463,0.02045
105.60250,0.49500,0.57319,0.42673,0.00007
105.70250,0.49500,0.83418,0.16582,0.00000
105.80250,0.49500,0.89682,0.10318,0.00000
105.90250,0.49500,0.96771,0.03229,0.00000
106.00250,0.49500,0.94595,0.05405,0.00000
106.10250,0.49500,0.95526,0.04474,0.00000
106.20250,0.49500,0.96689,0.03311,0.00000
106.30250,0.49500,0.67139,0.32861,0.00000
106.40250,0.49500,0.82833,0.17166,0.00001
106.50250,0.49500,0.60671,0.39245,0.00083
106.60250,0.49500,0.89364,0.10570,0.00067
106.70250,0.49500,0.77037,0.22939,0.00024
106.80250,0.49500,0.76415,0.23584,0.00002
106.90250,0.49500,0.82554,0.17446,0.00000
107.00250,0.49500,0.72146,0.27853,0.00001
107.10250,0.49500,0.54240,0.45759,0.00001
107.20250,0.49500,0.15086,0.84864,0.00050
107.30250,0.49500,0.00875,0.99042,0.00083
107.40250,0.49500,0.02066,0.97722,0.00212
107.50250,0.49500,0.01286,0.98552,0.00163
107.60250,0.49500,0.01247,0.98485,0.00268
107.70250,0.49500,0.00914,0.98887,0.00198
107.80250,0.49500,0.01199,0.98696,0.00105
107.90250,0.49500,0.01401,0.98513,0.00086
108.00250,0.49500,0.02839,0.97059,0.00102
108.10250,0.49500,0.03479,0.96433,0.00088
108.20250,0.49500,0.02653,0.97211,0.00136
108.30250,0.49500,0.01560,0.98277,0.00162
108.40250,0.49500,0.00828,0.98878,0.00294
108.50250,0.49500,0.00990,0.98343,0.00667
108.60250,0.49500,0.00832,0.98813,0.00356
108.70250,0.49500,0.00824,0.98668,0.00508
108.80250,0.49500,0.01323,0.98332,0.00345
108.90250,0.49500,0.01342,0.98190,0.00468
109.00250,0.49500,0.01289,0.98523,0.00188
109.10250,0.49500,0.01515,0.98264,0.00221
109.20250,0.49500,0.00916,0.98973,0.00110
109.30250,0.49500,0.01153,0.98733,0.00115
109.40250,0.49500,0.00873,0.99081,0.00046
109.50250,0.49500,0.00959,0.98989,0.00052
109.60250,0.49500,0.00726,0.99197,0.00077
109.70250,0.49500,0.00700,0.99225,0.00075
109.80250,0.49500,0.00719,0.99196,0.00084
109.90250,0.49500,0.00534,0.99344,0.00122
110.00250,0.49500,0.00343,0.99571,0.00086
110.10250,0.49500,0.00467,0.99430,0.00103
110.20250,0.49500,0.00328,0.99566,0.00106
110.30250,0.49500,0.00366,0.99509,0.00125
110.40250,0.49500,0.00402,0.99486,0.00112
110.50250,0.49500,0.00424,0.99439,0.00137
110.60250,0.49500,0.00343,0.99547,0.00110
110.70250,0.49500,0.00318,0.99563,0.00119
110.80250,0.49500,0.00312,0.99566,0.00122
110.90250,0.49500,0.00375,0.99501,0.00123
111.00250,0.49500,0.00435,0.99405,0.00160
111.10250,0.49500,0.00602,0.99240,0.00159
111.20250,0.49500,0.00634,0.99231,0.00134
111.30250,0.49500,0.00555,0.99285,0.00161
111.40250,0.49500,0.00522,0.99279,0.00200
111.50250,0.49500,0.00454,0.99367,0.00180
111.60250,0.49500,0.00460,0.99307,0.00233
111.70250,0.49500,0.00446,0.99336,0.00218
111.80250,0.49500,0.00479,0.99371,0.00150
111.90250,0.49500,0.00523,0.99348,0.00129
112.00250,0.49500,0.00511,0.99380,0.00109
112.10250,0.49500,0.00612,0.99293,0.00094
112.20250,0.49500,0.00480,0.99453,0.00067
112.30250,0.49500,0.00456,0.99410,0.00134
112.40250,0.49500,0.00411,0.99513,0.00076
112.50250,0.49500,0.00408,0.99448,0.00145
112.60250,0.49500,0.00372,0.99348,0.00280
112.70250,0.49500,0.00400,0.99414,0.00186
112.80250,0.49500,0.00391,0.99413,0.00196
112.90250,0.49500,0.00429,0.99386,0.00185
113.00250,0.49500,0.00365,0.99482,0.00153
113.10250,0.49500,0.00496,0.99365,0.00139
113.20250,0.49500,0.00522,0.99269,0.00209
113.30250,0.49500,0.00589,0.99215,0.00197
113.40250,0.49500,0.00732,0.99079,0.00189
113.50250,0.49500,0.00416,0.99390,0.00195
113.60250,0.49500,0.00499,0.99337,0.00164
113.70250,0.49500,0.00674,0.99227,0.00099
113.80250,0.49500,0.00757,0.99149,0.00093
113.90250,0.49500,0.00834,0.99059,0.00108
114.00250,0.49500,0.00650,0.99265,0.00085
114.10250,0.49500,0.00529,0.99306,0.00165
114.20250,0.49500,0.00977,0.98795,0.00228
114.30250,0.49500,0.00900,0.98869,0.00232
114.40250,0.49500,0.00773,0.98911,0.00316
114.50250,0.49500,0.00598,0.99137,0.00265
114.60250,0.49500,0.00564,0.98960,0.00476
114.70250,0.49500,0.00549,0.98966,0.00485
114.80250,0.49500,0.00535,0.98910,0.00555
114.90250,0.49500,0.00453,0.99212,0.00334
115.00250,0.49500,0.49324,0.50554,0.00123
115.10250,0.49500,0.66387,0.33606,0.00007
115.20250,0.49500,0.67045,0.32955,0.00000
115.30250,0.49500,0.88003,0.11997,0.00000
115.40250,0.49500,0.91994,0.08006,0.00000
115.50250,0.49500,0.72098,0.27902,0.00000
115.60250,0.49500,0.81405,0.18595,0.00000
115.70250,0.49500,0.83023,0.16977,0.00000
115.80250,0.49500,0.44772,0.55228,0.00000
115.90250,0.49500,0.59827,0.40173,0.00001
116.00250,0.49500,0.51657,0.48343,0.00000
116.10250,0.49500,0.44545,0.55455,0.00000
116.20250,0.49500,0.20496,0.79504,0.00000
116.30250,0.49500,0.36068,0.63931,0.00001
116.40250,0.49500,0.19743,0.80257,0.00001
116.50250,0.49500,0.09863,0.90137,0.00000
116.60250,0.49500,0.15844,0.84156,0.00000
116.70250,0.49500,0.22825,0.77174,0.00000
116.80250,0.49500,0.29487,0.70508,0.00004
116.90250,0.49500,0.10937,0.89053,0.00010
117.00250,0.49500,0.13986,0.85650,0.00364
117.10250,0.49500,0.10895,0.76372,0.12732
117.20250,0.49500,0.11502,0.85273,0.03225
117.30250,0.49500,0.15440,0.84439,0.00120
117.40250,0.49500,0.20144,0.79848,0.00008
117.50250,0.49500,0.19421,0.80575,0.00003
117.60250,0.49500,0.07896,0.92104,0.00000
117.70250,0.49500,0.02811,0.97185,0.00004
117.80250,0.49500,0.00949,0.99047,0.00004
117.90250,0.49500,0.01676,0.98319,0.00005
118.00250,0.49500,0.02328,0.97669,0.00003
118.10250,0.49500,0.02321,0.97677,0.00002
118.20250,0.49500,0.03673,0.96326,0.00001
118.30250,0.49500,0.02596,0.97404,0.00001
118.40250,0.49500,0.02459,0.97540,0.00001
118.50250,0.49500,0.01685,0.98315,0.00000
118.60250,0.49500,0.01873,0.98126,0.00001
118.70250,0.49500,0.01437,0.98561,0.00002
118.80250,0.49500,0.01760,0.98239,0.00001
118.90250,0.49500,0.01229,0.98771,0.00001
119.00250,0.49500,0.01042,0.98957,0.00001
119.10250,0.49500,0.01203,0.98796,0.00001
119.20250,0.49500,0.00892,0.99107,0.00001
119.30250,0.49500,0.01088,0.98911,0.00001
119.40250,0.49500,0.01156,0.98843,0.00001
119.50250,0.49500,0.01356,0.98643,0.00001
119.60250,0.49500,0.01078,0.98921,0.00001
119.70250,0.49500,0.00986,0.99013,0.00002
119.80250,0.49500,0.00945,0.99053,0.00002
119.90250,0.49500,0.00936,0.99063,0.00002
120.00250,0.49500,0.00917,0.99081,0.00001
120.10250,0.49500,0.01033,0.98965,0.00002
120.20250,0.49500,0.00796,0.99203,0.00001
120.30250,0.49500,0.00865,0.99134,0.00001
120.40250,0.49500,0.00807,0.99192,0.00001
120.50250,0.49500,0.00937,0.99062,0.00001
120.60250,0.49500,0.00925,0.99074,0.00001
120.70250,0.49500,0.00904,0.99095,0.00001
120.80250,0.49500,0.00792,0.99207,0.00001
120.90250,0.49500,0.01024,0.98974,0.00002
121.00250,0.49500,0.00919,0.99079,0.00002
121.10250,0.49500,0.00855,0.99144,0.00002
121.20250,0.49500,0.01037,0.98961,0.00003
121.30250,0.49500,0.00861,0.99137,0.00002
121.40250,0.49500,0.00850,0.99148,0.00002
121.50250,0.49500,0.00947,0.99050,0.00003
121.60250,0.49500,0.01021,0.98977,0.00002
121.70250,0.49500,0.00981,0.99017,0.00002
121.80250,0.49500,0.00876,0.99122,0.00002
121.90250,0.49500,0.00735,0.99263,0.00002
122.00250,0.49500,0.00990,0.99008,0.00002
122.10250,0.49500,0.01206,0.98791,0.00003
122.20250,0.49500,0.01211,0.98786,0.00003
122.30250,0.49500,0.01098,0.98899,0.00002
122.40250,0.49500,0.00949,0.99048,0.00002
122.50250,0.49500,0.01010,0.98988,0.00002
122.60250,0.49500,0.03047,0.96950,0.00003
122.70250,0.49500,0.02312,0.97687,0.00001
122.80250,0.49500,0.03704,0.96295,0.00001
122.90250,0.49500,0.04641,0.95359,0.00001
123.00250,0.49500,0.03303,0.96696,0.00001
123.10250,0.49500,0.03802,0.96198,0.00000
123.20250,0.49500,0.03298,0.96702,0.00000
123.30250,0.49500,0.02332,0.97667,0.00001
