Time (seconds), Duration (seconds),pred_(unlabeled),pred_empty_box,pred_table
0.00250,0.49500,0.04735,0.95264,0.00000
0.10250,0.49500,0.05222,0.94777,0.00000
0.20250,0.49500,0.03274,0.96725,0.00000
0.30250,0.49500,0.02955,0.97045,0.00000
0.40250,0.49500,0.04184,0.95816,0.00000
0.50250,0.49500,0.03372,0.96628,0.00000
0.60250,0.49500,0.03605,0.96394,0.00000
0.70250,0.49500,0.04308,0.95692,0.00000
0.80250,0.49500,0.03906,0.96094,0.00000
0.90250,0.49500,0.03755,0.96245,0.00000
1.00250,0.49500,0.03784,0.96216,0.00000
1.10250,0.49500,0.02848,0.97151,0.00000
1.20250,0.49500,0.02577,0.97423,0.00000
1.30250,0.49500,0.02939,0.97059,0.00001
1.40250,0.49500,0.02709,0.97291,0.00001
1.50250,0.49500,0.03947,0.96053,0.00001
1.60250,0.49500,0.03859,0.96140,0.00001
1.70250,0.49500,0.04096,0.95903,0.00001
1.80250,0.49500,0.04134,0.95866,0.00000
1.90250,0.49500,0.04859,0.95140,0.00000
2.00250,0.49500,0.05554,0.94445,0.00001
2.10250,0.49500,0.05665,0.94334,0.00000
2.20250,0.49500,0.04816,0.95183,0.00001
2.30250,0.49500,0.03111,0.96888,0.00001
2.40250,0.49500,0.05061,0.94938,0.00001
2.50250,0.49500,0.04671,0.95328,0.00001
2.60250,0.49500,0.05043,0.94957,0.00000
2.70250,0.49500,0.06605,0.93394,0.00000
2.80250,0.49500,0.06085,0.93915,0.00000
2.90250,0.49500,0.07030,0.92970,0.00000
3.00250,0.49500,0.07030,0.92970,0.00000
3.10250,0.49500,0.06134,0.93865,0.00000
3.20250,0.49500,0.06019,0.93981,0.00001
3.30250,0.49500,0.06595,0.93404,0.00001
3.40250,0.49500,0.05914,0.94085,0.00001
3.50250,0.49500,0.05991,0.94008,0.00001
3.60250,0.49500,0.06587,0.93412,0.00000
3.70250,0.49500,0.05017,0.94983,0.00000
3.80250,0.49500,0.04476,0.95524,0.00000
3.90250,0.49500,0.04040,0.95960,0.00000
4.00250,0.49500,0.04372,0.95628,0.00000
4.10250,0.49500,0.04102,0.95898,0.00000
4.20250,0.49500,0.05434,0.94566,0.00000
4.30250,0.49500,0.05102,0.94898,0.00000
4.40250,0.49500,0.05655,0.94345,0.00000
4.50250,0.49500,0.06886,0.93114,0.00000
4.60250,0.49500,0.04548,0.95452,0.00000
4.70250,0.49500,0.05903,0.94097,0.00000
4.80250,0.49500,0.05497,0.94503,0.00000
4.90250,0.49500,0.04875,0.95124,0.00000
5.00250,0.49500,0.06688,0.93311,0.00000
5.10250,0.49500,0.06960,0.93039,0.00000
5.20250,0.49500,0.04947,0.95052,0.00000
5.30250,0.49500,0.05655,0.94345,0.00000
5.40250,0.49500,0.04712,0.95288,0.00000
5.50250,0.49500,0.04940,0.95060,0.00000
5.60250,0.49500,0.04320,0.95680,0.00000
5.70250,0.49500,0.03451,0.96548,0.00000
5.80250,0.49500,0.04599,0.95400,0.00000
5.90250,0.49500,0.04784,0.95216,0.00001
6.00250,0.49500,0.05604,0.94395,0.00000
6.10250,0.49500,0.07404,0.92596,0.00000
6.20250,0.49500,0.07263,0.92737,0.00000
6.30250,0.49500,0.05114,0.94885,0.00000
6.40250,0.49500,0.04575,0.95425,0.00000
6.50250,0.49500,0.03748,0.96252,0.00000
6.60250,0.49500,0.04856,0.95143,0.00000
6.70250,0.49500,0.06978,0.93022,0.00000
6.80250,0.49500,0.07366,0.92634,0.00000
6.90250,0.49500,0.07411,0.92589,0.00000
7.00250,0.49500,0.08428,0.91571,0.00000
7.10250,0.49500,0.04779,0.95221,0.00000
7.20250,0.49500,0.05593,0.94406,0.00000
7.30250,0.49500,0.06547,0.93453,0.00000
7.40250,0.49500,0.04806,0.95194,0.00000
7.50250,0.49500,0.05970,0.94029,0.00000
7.60250,0.49500,0.07145,0.92854,0.00000
7.70250,0.49500,0.04479,0.95520,0.00001
7.80250,0.49500,0.06423,0.93577,0.00000
7.90250,0.49500,0.06401,0.93598,0.00001
8.00250,0.49500,0.05713,0.94287,0.00000
8.10250,0.49500,0.05110,0.94890,0.00000
8.20250,0.49500,0.04466,0.95533,0.00000
8.30250,0.49500,0.04817,0.95182,0.00000
8.40250,0.49500,0.05114,0.94886,0.00000
8.50250,0.49500,0.04549,0.95451,0.00001
8.60250,0.49500,0.06044,0.93955,0.00001
8.70250,0.49500,0.04892,0.95107,0.00001
8.80250,0.49500,0.03410,0.96589,0.00001
8.90250,0.49500,0.05736,0.94263,0.00001
9.00250,0.49500,0.05797,0.94202,0.00001
9.10250,0.49500,0.06549,0.93449,0.00002
9.20250,0.49500,0.07329,0.92670,0.00001
9.30250,0.49500,0.04378,0.95621,0.00001
9.40250,0.49500,0.06867,0.93133,0.00001
9.50250,0.49500,0.05768,0.94231,0.00001
9.60250,0.49500,0.05281,0.94718,0.00000
9.70250,0.49500,0.08584,0.91416,0.00000
9.80250,0.49500,0.04254,0.95745,0.00000
9.90250,0.49500,0.05531,0.94469,0.00000
10.00250,0.49500,0.05044,0.94956,0.00001
10.10250,0.49500,0.03255,0.96744,0.00001
10.20250,0.49500,0.04974,0.95025,0.00000
10.30250,0.49500,0.08493,0.91507,0.00000
10.40250,0.49500,0.06666,0.93334,0.00000
10.50250,0.49500,0.08510,0.91490,0.00000
10.60250,0.49500,0.08372,0.91628,0.00000
10.70250,0.49500,0.06409,0.93590,0.00000
10.80250,0.49500,0.04897,0.95102,0.00000
10.90250,0.49500,0.05319,0.94681,0.00000
11.00250,0.49500,0.05495,0.94504,0.00001
11.10250,0.49500,0.03394,0.96605,0.00000
11.20250,0.49500,0.04763,0.95236,0.00000
11.30250,0.49500,0.02910,0.97089,0.00001
11.40250,0.49500,0.03521,0.96476,0.00002
11.50250,0.49500,0.02798,0.97201,0.00001
11.60250,0.49500,0.02330,0.97665,0.00005
11.70250,0.49500,0.02759,0.97239,0.00002
11.80250,0.49500,0.04246,0.95753,0.00001
11.90250,0.49500,0.03318,0.96680,0.00001
12.00250,0.49500,0.04992,0.95007,0.00001
12.10250,0.49500,0.04181,0.95818,0.00001
12.20250,0.49500,0.02788,0.97209,0.00003
12.30250,0.49500,0.02882,0.97115,0.00003
12.40250,0.49500,0.02537,0.97461,0.00002
12.50250,0.49500,0.02041,0.97957,0.00002
12.60250,0.49500,0.02074,0.97925,0.00001
12.70250,0.49500,0.02041,0.97958,0.00001
12.80250,0.49500,0.02030,0.97969,0.00001
12.90250,0.49500,0.04908,0.95091,0.00001
13.00250,0.49500,0.08001,0.91998,0.00001
13.10250,0.49500,0.10026,0.89974,0.00000
13.20250,0.49500,0.12019,0.87980,0.00000
13.30250,0.49500,0.08844,0.91156,0.00000
13.40250,0.49500,0.05955,0.94045,0.00000
13.50250,0.49500,0.03073,0.96927,0.00000
13.60250,0.49500,0.02832,0.97168,0.00000
13.70250,0.49500,0.02232,0.97768,0.00000
13.80250,0.49500,0.02367,0.97632,0.00000
13.90250,0.49500,0.02370,0.97630,0.00000
14.00250,0.49500,0.03148,0.96852,0.00000
14.10250,0.49500,0.02773,0.97227,0.00000
14.20250,0.49500,0.02875,0.97125,0.00000
14.30250,0.49500,0.02752,0.97247,0.00000
14.40250,0.49500,0.02288,0.97712,0.00000
14.50250,0.49500,0.02430,0.97570,0.00000
14.60250,0.49500,0.02301,0.97699,0.00000
14.70250,0.49500,0.02187,0.97813,0.00000
14.80250,0.49500,0.02489,0.97511,0.00000
14.90250,0.49500,0.02548,0.97452,0.00000
15.00250,0.49500,0.02765,0.97235,0.00000
15.10250,0.49500,0.02773,0.97227,0.00000
15.20250,0.49500,0.02947,0.97053,0.00000
15.30250,0.49500,0.02093,0.97907,0.00000
15.40250,0.49500,0.02493,0.97507,0.00000
15.50250,0.49500,0.02084,0.97916,0.00000
15.60250,0.49500,0.01746,0.98254,0.00000
15.70250,0.49500,0.02045,0.97955,0.00000
15.80250,0.49500,0.01790,0.98210,0.00000
15.90250,0.49500,0.01883,0.98117,0.00000
16.00250,0.49500,0.02069,0.97930,0.00000
16.10250,0.49500,0.02057,0.97943,0.00000
16.20250,0.49500,0.02386,0.97614,0.00000
16.30250,0.49500,0.02901,0.97099,0.00000
16.40250,0.49500,0.02730,0.97270,0.00000
16.50250,0.49500,0.02679,0.97321,0.00000
16.60250,0.49500,0.02287,0.97713,0.00000
16.70250,0.49500,0.02355,0.97645,0.00000
16.80250,0.49500,0.02179,0.97821,0.00000
16.90250,0.49500,0.02341,0.97659,0.00000
17.00250,0.49500,0.02661,0.97339,0.00000
17.10250,0.49500,0.02600,0.97400,0.00000
17.20250,0.49500,0.02595,0.97405,0.00000
17.30250,0.49500,0.01890,0.98110,0.00000
17.40250,0.49500,0.01836,0.98164,0.00000
17.50250,0.49500,0.02178,0.97822,0.00000
17.60250,0.49500,0.02622,0.97378,0.00000
17.70250,0.49500,0.02667,0.97333,0.00000
17.80250,0.49500,0.02335,0.97665,0.00000
17.90250,0.49500,0.01735,0.98265,0.00000
18.00250,0.49500,0.01495,0.98505,0.00000
18.10250,0.49500,0.01590,0.98410,0.00000
18.20250,0.49500,0.01598,0.98402,0.00000
18.30250,0.49500,0.01807,0.98193,0.00000
18.40250,0.49500,0.02025,0.97975,0.00000
18.50250,0.49500,0.02038,0.97962,0.00000
18.60250,0.49500,0.01801,0.98199,0.00000
18.70250,0.49500,0.02419,0.97581,0.00000
18.80250,0.49500,0.01809,0.98191,0.00000
18.90250,0.49500,0.02064,0.97936,0.00000
19.00250,0.49500,0.02053,0.97947,0.00000
19.10250,0.49500,0.02532,0.97468,0.00000
19.20250,0.49500,0.02587,0.97413,0.00000
19.30250,0.49500,0.03841,0.96159,0.00000
19.40250,0.49500,0.04370,0.95630,0.00000
19.50250,0.49500,0.03303,0.96697,0.00000
19.60250,0.49500,0.02961,0.97039,0.00000
19.70250,0.49500,0.03155,0.96845,0.00000
19.80250,0.49500,0.03713,0.96286,0.00000
19.90250,0.49500,0.03912,0.96088,0.00000
20.00250,0.49500,0.04516,0.95484,0.00000
20.10250,0.49500,0.04770,0.95230,0.00000
20.20250,0.49500,0.03756,0.96244,0.00000
20.30250,0.49500,0.04290,0.95710,0.00000
20.40250,0.49500,0.02295,0.97705,0.00000
20.50250,0.49500,0.03146,0.96854,0.00000
20.60250,0.49500,0.02841,0.97159,0.00000
20.70250,0.49500,0.04091,0.95909,0.00000
20.80250,0.49500,0.05457,0.94543,0.00000
20.90250,0.49500,0.04897,0.95103,0.00000
21.00250,0.49500,0.03630,0.96370,0.00000
21.10250,0.49500,0.02948,0.97052,0.00000
21.20250,0.49500,0.01916,0.98084,0.00000
21.30250,0.49500,0.01886,0.98114,0.00000
21.40250,0.49500,0.02426,0.97574,0.00000
21.50250,0.49500,0.02477,0.97523,0.00000
21.60250,0.49500,0.02968,0.97032,0.00000
21.70250,0.49500,0.02312,0.97688,0.00000
21.80250,0.49500,0.01669,0.98331,0.00000
21.90250,0.49500,0.01717,0.98282,0.00000
22.00250,0.49500,0.01540,0.98460,0.00000
22.10250,0.49500,0.01616,0.98384,0.00000
22.20250,0.49500,0.01666,0.98334,0.00000
22.30250,0.49500,0.01996,0.98004,0.00000
22.40250,0.49500,0.02057,0.97943,0.00000
22.50250,0.49500,0.01621,0.98379,0.00000
22.60250,0.49500,0.01482,0.98518,0.00000
22.70250,0.49500,0.01307,0.98693,0.00000
22.80250,0.49500,0.01297,0.98703,0.00000
22.90250,0.49500,0.01312,0.98688,0.00000
23.00250,0.49500,0.01752,0.98248,0.00000
23.10250,0.49500,0.02404,0.97596,0.00000
23.20250,0.49500,0.02614,0.97386,0.00000
23.30250,0.49500,0.02570,0.97430,0.00000
23.40250,0.49500,0.02161,0.97839,0.00000
23.50250,0.49500,0.01658,0.98342,0.00000
23.60250,0.49500,0.01842,0.98158,0.00000
23.70250,0.49500,0.02044,0.97955,0.00000
23.80250,0.49500,0.02393,0.97607,0.00000
23.90250,0.49500,0.05282,0.94718,0.00000
24.00250,0.49500,0.03803,0.96197,0.00000
24.10250,0.49500,0.03712,0.96288,0.00000
24.20250,0.49500,0.03067,0.96933,0.00000
24.30250,0.49500,0.01848,0.98152,0.00000
24.40250,0.49500,0.02616,0.97384,0.00000
24.50250,0.49500,0.03061,0.96939,0.00000
24.60250,0.49500,0.03226,0.96774,0.00000
24.70250,0.49500,0.03218,0.96782,0.00000
24.80250,0.49500,0.02639,0.97361,0.00000
24.90250,0.49500,0.03403,0.96597,0.00000
25.00250,0.49500,0.03671,0.96329,0.00000
25.10250,0.49500,0.03261,0.96739,0.00000
25.20250,0.49500,0.03693,0.96307,0.00000
25.30250,0.49500,0.03508,0.96492,0.00000
25.40250,0.49500,0.04262,0.95738,0.00000
25.50250,0.49500,0.03165,0.96835,0.00000
25.60250,0.49500,0.03520,0.96480,0.00000
25.70250,0.49500,0.05509,0.94491,0.00000
25.80250,0.49500,0.06208,0.93792,0.00000
25.90250,0.49500,0.07615,0.92385,0.00000
26.00250,0.49500,0.06964,0.93036,0.00000
26.10250,0.49500,0.04042,0.95958,0.00000
26.20250,0.49500,0.03317,0.96682,0.00000
26.30250,0.49500,0.03103,0.96897,0.00000
26.40250,0.49500,0.03503,0.96497,0.00000
26.50250,0.49500,0.03870,0.96130,0.00000
26.60250,0.49500,0.04294,0.95706,0.00000
26.70250,0.49500,0.02635,0.97365,0.00000
26.80250,0.49500,0.02669,0.97331,0.00000
26.90250,0.49500,0.02613,0.97387,0.00000
27.00250,0.49500,0.03247,0.96753,0.00000
27.10250,0.49500,0.04161,0.95839,0.00000
27.20250,0.49500,0.03224,0.96776,0.00000
27.30250,0.49500,0.02948,0.97052,0.00000
27.40250,0.49500,0.03376,0.96624,0.00000
27.50250,0.49500,0.02156,0.97844,0.00000
27.60250,0.49500,0.02657,0.97342,0.00000
27.70250,0.49500,0.03296,0.96704,0.00000
27.80250,0.49500,0.03197,0.96803,0.00000
27.90250,0.49500,0.02839,0.97161,0.00000
28.00250,0.49500,0.02041,0.97959,0.00000
28.10250,0.49500,0.02461,0.97539,0.00000
28.20250,0.49500,0.02037,0.97963,0.00000
28.30250,0.49500,0.02325,0.97675,0.00000
28.40250,0.49500,0.02484,0.97516,0.00000
28.50250,0.49500,0.02222,0.97778,0.00000
28.60250,0.49500,0.01865,0.98135,0.00000
28.70250,0.49500,0.01780,0.98220,0.00000
28.80250,0.49500,0.01702,0.98298,0.00000
28.90250,0.49500,0.01689,0.98310,0.00000
29.00250,0.49500,0.01978,0.98022,0.00000
29.10250,0.49500,0.02254,0.97746,0.00000
29.20250,0.49500,0.02101,0.97899,0.00000
29.30250,0.49500,0.02668,0.97332,0.00000
29.40250,0.49500,0.03624,0.96376,0.00000
29.50250,0.49500,0.03729,0.96271,0.00000
29.60250,0.49500,0.03386,0.96614,0.00000
29.70250,0.49500,0.05410,0.94589,0.00000
29.80250,0.49500,0.07289,0.92711,0.00000
29.90250,0.49500,0.04826,0.95173,0.00000
30.00250,0.49500,0.06431,0.93569,0.00000
30.10250,0.49500,0.02338,0.97662,0.00000
30.20250,0.49500,0.03235,0.96765,0.00000
30.30250,0.49500,0.03963,0.96037,0.00000
30.40250,0.49500,0.04199,0.95801,0.00000
30.50250,0.49500,0.04450,0.95550,0.00000
30.60250,0.49500,0.04020,0.95980,0.00000
30.70250,0.49500,0.04897,0.95103,0.00000
30.80250,0.49500,0.04217,0.95783,0.00000
30.90250,0.49500,0.04365,0.95635,0.00000
31.00250,0.49500,0.03467,0.96533,0.00000
31.10250,0.49500,0.03110,0.96889,0.00000
31.20250,0.49500,0.03840,0.96160,0.00000
31.30250,0.49500,0.03439,0.96561,0.00000
31.40250,0.49500,0.04052,0.95948,0.00000
31.50250,0.49500,0.04000,0.96000,0.00000
31.60250,0.49500,0.03415,0.96585,0.00000
31.70250,0.49500,0.03090,0.96910,0.00000
31.80250,0.49500,0.03451,0.96549,0.00000
31.90250,0.49500,0.02952,0.97048,0.00000
32.00250,0.49500,0.02282,0.97718,0.00000
32.10250,0.49500,0.02423,0.97577,0.00000
32.20250,0.49500,0.02243,0.97757,0.00000
32.30250,0.49500,0.01578,0.98422,0.00000
32.40250,0.49500,0.01673,0.98327,0.00000
32.50250,0.49500,0.02813,0.97187,0.00000
32.60250,0.49500,0.02492,0.97508,0.00000
32.70250,0.49500,0.02874,0.97126,0.00000
32.80250,0.49500,0.02785,0.97215,0.00000
32.90250,0.49500,0.02208,0.97792,0.00000
33.00250,0.49500,0.02491,0.97509,0.00000
33.10250,0.49500,0.02561,0.97439,0.00000
33.20250,0.49500,0.02680,0.97320,0.00000
33.30250,0.49500,0.02257,0.97743,0.00000
33.40250,0.49500,0.02288,0.97712,0.00000
33.50250,0.49500,0.02376,0.97624,0.00000
33.60250,0.49500,0.02645,0.97355,0.00000
33.70250,0.49500,0.02630,0.97370,0.00000
33.80250,0.49500,0.02113,0.97887,0.00000
33.90250,0.49500,0.02457,0.97543,0.00000
34.00250,0.49500,0.02459,0.97541,0.00000
34.10250,0.49500,0.02523,0.97477,0.00000
34.20250,0.49500,0.02821,0.97179,0.00000
34.30250,0.49500,0.04263,0.95737,0.00000
34.40250,0.49500,0.03926,0.96074,0.00000
34.50250,0.49500,0.03928,0.96072,0.00000
34.60250,0.49500,0.04069,0.95931,0.00000
34.70250,0.49500,0.03255,0.96745,0.00000
34.80250,0.49500,0.02638,0.97362,0.00000
34.90250,0.49500,0.02201,0.97799,0.00000
35.00250,0.49500,0.02403,0.97597,0.00000
35.10250,0.49500,0.02546,0.97454,0.00000
35.20250,0.49500,0.02684,0.97316,0.00000
35.30250,0.49500,0.02934,0.97066,0.00000
35.40250,0.49500,0.02838,0.97162,0.00000
35.50250,0.49500,0.03193,0.96807,0.00000
35.60250,0.49500,0.02266,0.97734,0.00000
35.70250,0.49500,0.02664,0.97336,0.00000
35.80250,0.49500,0.02729,0.97271,0.00000
35.90250,0.49500,0.02180,0.97820,0.00000
36.00250,0.49500,0.02463,0.97537,0.00000
36.10250,0.49500,0.02449,0.97551,0.00000
36.20250,0.49500,0.02557,0.97443,0.00000
36.30250,0.49500,0.03429,0.96571,0.00000
36.40250,0.49500,0.02539,0.97461,0.00000
36.50250,0.49500,0.03059,0.96941,0.00000
36.60250,0.49500,0.03475,0.96525,0.00000
36.70250,0.49500,0.02277,0.97723,0.00000
36.80250,0.49500,0.02763,0.97237,0.00000
36.90250,0.49500,0.03688,0.96312,0.00000
37.00250,0.49500,0.04069,0.95931,0.00000
37.10250,0.49500,0.03461,0.96539,0.00000
37.20250,0.49500,0.04558,0.95442,0.00000
37.30250,0.49500,0.02457,0.97543,0.00000
37.40250,0.49500,0.03909,0.96091,0.00000
37.50250,0.49500,0.03677,0.96323,0.00000
37.60250,0.49500,0.03285,0.96715,0.00000
37.70250,0.49500,0.03417,0.96583,0.00000
37.80250,0.49500,0.03412,0.96588,0.00000
37.90250,0.49500,0.03536,0.96464,0.00000
38.00250,0.49500,0.04189,0.95811,0.00000
38.10250,0.49500,0.04136,0.95864,0.00000
38.20250,0.49500,0.03855,0.96145,0.00000
38.30250,0.49500,0.03110,0.96890,0.00000
38.40250,0.49500,0.04424,0.95576,0.00000
38.50250,0.49500,0.03652,0.96348,0.00000
38.60250,0.49500,0.03270,0.96730,0.00000
38.70250,0.49500,0.03016,0.96984,0.00000
38.80250,0.49500,0.02672,0.97328,0.00000
38.90250,0.49500,0.03103,0.96897,0.00000
39.00250,0.49500,0.03202,0.96798,0.00000
39.10250,0.49500,0.04109,0.95891,0.00000
39.20250,0.49500,0.05568,0.94432,0.00000
39.30250,0.49500,0.05333,0.94667,0.00000
39.40250,0.49500,0.04562,0.95438,0.00000
39.50250,0.49500,0.04050,0.95950,0.00000
39.60250,0.49500,0.02443,0.97557,0.00000
39.70250,0.49500,0.02821,0.97179,0.00000
39.80250,0.49500,0.02013,0.97987,0.00000
39.90250,0.49500,0.02092,0.97908,0.00000
40.00250,0.49500,0.02053,0.97947,0.00000
40.10250,0.49500,0.02636,0.97364,0.00000
40.20250,0.49500,0.03953,0.96047,0.00000
40.30250,0.49500,0.03689,0.96311,0.00000
40.40250,0.49500,0.03455,0.96545,0.00000
40.50250,0.49500,0.03269,0.96731,0.00000
40.60250,0.49500,0.02458,0.97542,0.00000
40.70250,0.49500,0.02432,0.97568,0.00000
40.80250,0.49500,0.02322,0.97678,0.00000
40.90250,0.49500,0.02239,0.97761,0.00000
41.00250,0.49500,0.02267,0.97733,0.00000
41.10250,0.49500,0.02277,0.97723,0.00000
41.20250,0.49500,0.02342,0.97658,0.00000
41.30250,0.49500,0.02549,0.97451,0.00000
41.40250,0.49500,0.02212,0.97788,0.00000
41.50250,0.49500,0.02017,0.97983,0.00000
41.60250,0.49500,0.02027,0.97973,0.00000
41.70250,0.49500,0.02213,0.97787,0.00000
41.80250,0.49500,0.02291,0.97709,0.00000
41.90250,0.49500,0.02040,0.97960,0.00000
42.00250,0.49500,0.02555,0.97445,0.00000
42.10250,0.49500,0.02378,0.97622,0.00000
42.20250,0.49500,0.02194,0.97806,0.00000
42.30250,0.49500,0.02687,0.97313,0.00000
42.40250,0.49500,0.02322,0.97678,0.00000
42.50250,0.49500,0.02086,0.97914,0.00000
42.60250,0.49500,0.02123,0.97877,0.00000
42.70250,0.49500,0.01996,0.98004,0.00000
42.80250,0.49500,0.01914,0.98086,0.00000
42.90250,0.49500,0.02338,0.97662,0.00000
43.00250,0.49500,0.02523,0.97476,0.00000
43.10250,0.49500,0.02345,0.97655,0.00000
43.20250,0.49500,0.02424,0.97576,0.00000
43.30250,0.49500,0.01905,0.98095,0.00000
43.40250,0.49500,0.02187,0.97813,0.00000
43.50250,0.49500,0.02022,0.97978,0.00000
43.60250,0.49500,0.01831,0.98169,0.00000
43.70250,0.49500,0.01816,0.98184,0.00000
43.80250,0.49500,0.02116,0.97884,0.00000
43.90250,0.49500,0.01822,0.98178,0.00000
44.00250,0.49500,0.02143,0.97857,0.00000
44.10250,0.49500,0.02463,0.97537,0.00000
44.20250,0.49500,0.02840,0.97160,0.00000
44.30250,0.49500,0.02294,0.97706,0.00000
44.40250,0.49500,0.03044,0.96956,0.00000
44.50250,0.49500,0.02804,0.97196,0.00000
44.60250,0.49500,0.02628,0.97372,0.00000
44.70250,0.49500,0.03062,0.96939,0.00000
44.80250,0.49500,0.02134,0.97866,0.00000
44.90250,0.49500,0.02143,0.97857,0.00000
45.00250,0.49500,0.02164,0.97836,0.00000
45.10250,0.49500,0.01837,0.98163,0.00000
45.20250,0.49500,0.02366,0.97634,0.00000
45.30250,0.49500,0.01794,0.98206,0.00000
45.40250,0.49500,0.01920,0.98080,0.00000
45.50250,0.49500,0.01977,0.98023,0.00000
45.60250,0.49500,0.01728,0.98272,0.00000
45.70250,0.49500,0.01869,0.98131,0.00000
45.80250,0.49500,0.02060,0.97940,0.00000
45.90250,0.49500,0.02205,0.97795,0.00000
46.00250,0.49500,0.03575,0.96425,0.00000
46.10250,0.49500,0.03106,0.96894,0.00000
46.20250,0.49500,0.03932,0.96068,0.00000
46.30250,0.49500,0.03169,0.96831,0.00000
46.40250,0.49500,0.01995,0.98005,0.00000
46.50250,0.49500,0.02141,0.97859,0.00000
46.60250,0.49500,0.01886,0.98114,0.00000
46.70250,0.49500,0.01937,0.98063,0.00000
46.80250,0.49500,0.03576,0.96424,0.00000
46.90250,0.49500,0.03728,0.96272,0.00000
47.00250,0.49500,0.05533,0.94467,0.00000
47.10250,0.49500,0.05104,0.94896,0.00000
47.20250,0.49500,0.03803,0.96197,0.00000
47.30250,0.49500,0.03565,0.96435,0.00000
47.40250,0.49500,0.02552,0.97448,0.00000
47.50250,0.49500,0.04682,0.95318,0.00000
47.60250,0.49500,0.05162,0.94838,0.00000
47.70250,0.49500,0.05904,0.94096,0.00000
47.80250,0.49500,0.04977,0.95023,0.00000
47.90250,0.49500,0.04517,0.95483,0.00000
48.00250,0.49500,0.08477,0.91523,0.00000
48.10250,0.49500,0.06525,0.93475,0.00000
48.20250,0.49500,0.08369,0.91631,0.00000
48.30250,0.49500,0.06118,0.93882,0.00000
48.40250,0.49500,0.04513,0.95487,0.00000
48.50250,0.49500,0.03452,0.96548,0.00000
48.60250,0.49500,0.02839,0.97161,0.00000
48.70250,0.49500,0.01737,0.98263,0.00000
48.80250,0.49500,0.01876,0.98124,0.00000
48.90250,0.49500,0.02279,0.97721,0.00000
49.00250,0.49500,0.01769,0.98231,0.00000
49.10250,0.49500,0.01994,0.98006,0.00000
49.20250,0.49500,0.02112,0.97888,0.00000
49.30250,0.49500,0.02175,0.97825,0.00000
49.40250,0.49500,0.01954,0.98046,0.00000
49.50250,0.49500,0.01922,0.98078,0.00000
49.60250,0.49500,0.01722,0.98278,0.00000
49.70250,0.49500,0.01643,0.98357,0.00000
49.80250,0.49500,0.01694,0.98306,0.00000
49.90250,0.49500,0.01976,0.98024,0.00000
50.00250,0.49500,0.02021,0.97979,0.00000
50.10250,0.49500,0.01923,0.98077,0.00000
50.20250,0.49500,0.02035,0.97965,0.00000
50.30250,0.49500,0.01960,0.98040,0.00000
50.40250,0.49500,0.02074,0.97926,0.00000
50.50250,0.49500,0.02048,0.97952,0.00000
50.60250,0.49500,0.01954,0.98046,0.00000
50.70250,0.49500,0.01858,0.98142,0.00000
50.80250,0.49500,0.01757,0.98243,0.00000
50.90250,0.49500,0.01849,0.98151,0.00000
51.00250,0.49500,0.01991,0.98009,0.00000
51.10250,0.49500,0.01986,0.98014,0.00000
51.20250,0.49500,0.02086,0.97914,0.00000
51.30250,0.49500,0.01977,0.98023,0.00000
51.40250,0.49500,0.01891,0.98109,0.00000
51.50250,0.49500,0.02044,0.97956,0.00000
51.60250,0.49500,0.01937,0.98063,0.00000
51.70250,0.49500,0.01909,0.98091,0.00000
51.80250,0.49500,0.02046,0.97954,0.00000
51.90250,0.49500,0.01786,0.98214,0.00000
52.00250,0.49500,0.01794,0.98206,0.00000
52.10250,0.49500,0.01737,0.98263,0.00000
52.20250,0.49500,0.01617,0.98383,0.00000
52.30250,0.49500,0.01587,0.98413,0.00000
52.40250,0.49500,0.01922,0.98078,0.00000
52.50250,0.49500,0.02158,0.97842,0.00000
52.60250,0.49500,0.02219,0.97781,0.00000
52.70250,0.49500,0.02360,0.97640,0.00000
52.80250,0.49500,0.02433,0.97567,0.00000
52.90250,0.49500,0.02271,0.97729,0.00000
53.00250,0.49500,0.02283,0.97717,0.00000
53.10250,0.49500,0.02421,0.97579,0.00000
53.20250,0.49500,0.02198,0.97802,0.00000
53.30250,0.49500,0.02411,0.97589,0.00000
53.40250,0.49500,0.02499,0.97501,0.00000
53.50250,0.49500,0.01920,0.98080,0.00000
53.60250,0.49500,0.02374,0.97626,0.00000
53.70250,0.49500,0.01963,0.98037,0.00000
53.80250,0.49500,0.01978,0.98022,0.00000
53.90250,0.49500,0.01951,0.98049,0.00000
54.00250,0.49500,0.02489,0.97511,0.00000
54.10250,0.49500,0.02458,0.97542,0.00000
54.20250,0.49500,0.02594,0.97406,0.00000
54.30250,0.49500,0.02753,0.97247,0.00000
54.40250,0.49500,0.02002,0.97998,0.00000
54.50250,0.49500,0.02063,0.97937,0.00000
54.60250,0.49500,0.02082,0.97918,0.00000
54.70250,0.49500,0.01947,0.98053,0.00000
54.80250,0.49500,0.01960,0.98040,0.00000
54.90250,0.49500,0.01893,0.98107,0.00000
55.00250,0.49500,0.01845,0.98155,0.00000
55.10250,0.49500,0.02114,0.97886,0.00000
55.20250,0.49500,0.01951,0.98049,0.00000
55.30250,0.49500,0.02135,0.97865,0.00000
55.40250,0.49500,0.02120,0.97880,0.00000
55.50250,0.49500,0.01824,0.98176,0.00000
55.60250,0.49500,0.02284,0.97716,0.00000
55.70250,0.49500,0.02380,0.97620,0.00000
55.80250,0.49500,0.02270,0.97730,0.00000
55.90250,0.49500,0.03022,0.96978,0.00000
56.00250,0.49500,0.03047,0.96953,0.00000
56.10250,0.49500,0.02387,0.97613,0.00000
56.20250,0.49500,0.02651,0.97349,0.00000
56.30250,0.49500,0.02039,0.97961,0.00000
56.40250,0.49500,0.02160,0.97840,0.00000
56.50250,0.49500,0.02282,0.97718,0.00000
56.60250,0.49500,0.02384,0.97616,0.00000
56.70250,0.49500,0.02886,0.97114,0.00000
56.80250,0.49500,0.02386,0.97614,0.00000
56.90250,0.49500,0.02050,0.97950,0.00000
57.00250,0.49500,0.01968,0.98032,0.00000
57.10250,0.49500,0.01812,0.98188,0.00000
57.20250,0.49500,0.01733,0.98267,0.00000
57.30250,0.49500,0.01686,0.98314,0.00000
57.40250,0.49500,0.01748,0.98252,0.00000
57.50250,0.49500,0.01877,0.98122,0.00000
57.60250,0.49500,0.01960,0.98040,0.00000
57.70250,0.49500,0.02402,0.97598,0.00000
57.80250,0.49500,0.02525,0.97475,0.00000
57.90250,0.49500,0.02300,0.97700,0.00000
58.00250,0.49500,0.02123,0.97877,0.00000
58.10250,0.49500,0.01561,0.98439,0.00000
58.20250,0.49500,0.01668,0.98332,0.00000
58.30250,0.49500,0.01599,0.98401,0.00000
58.40250,0.49500,0.01699,0.98301,0.00000
58.50250,0.49500,0.02018,0.97982,0.00000
58.60250,0.49500,0.02693,0.97307,0.00000
58.70250,0.49500,0.02496,0.97504,0.00000
58.80250,0.49500,0.02150,0.97850,0.00000
58.90250,0.49500,0.01983,0.98017,0.00000
59.00250,0.49500,0.01517,0.98483,0.00000
59.10250,0.49500,0.01576,0.98424,0.00000
59.20250,0.49500,0.01437,0.98563,0.00000
59.30250,0.49500,0.01960,0.98040,0.00000
59.40250,0.49500,0.01947,0.98053,0.00000
59.50250,0.49500,0.01723,0.98277,0.00000
59.60250,0.49500,0.01794,0.98205,0.00001
59.70250,0.49500,0.02310,0.97690,0.00000
59.80250,0.49500,0.02046,0.97954,0.00000
59.90250,0.49500,0.01905,0.98094,0.00000
60.00250,0.49500,0.01975,0.98025,0.00001
60.10250,0.49500,0.01645,0.98354,0.00001
60.20250,0.49500,0.01505,0.98495,0.00000
60.30250,0.49500,0.01900,0.98100,0.00001
60.40250,0.49500,0.02431,0.97569,0.00000
60.50250,0.49500,0.02923,0.97077,0.00000
60.60250,0.49500,0.02148,0.97852,0.00000
60.70250,0.49500,0.02002,0.97997,0.00000
60.80250,0.49500,0.01799,0.98201,0.00000
60.90250,0.49500,0.01565,0.98435,0.00000
61.00250,0.49500,0.01341,0.98659,0.00000
61.10250,0.49500,0.01290,0.98710,0.00000
61.20250,0.49500,0.01454,0.98546,0.00000
61.30250,0.49500,0.01273,0.98726,0.00000
61.40250,0.49500,0.01385,0.98614,0.00000
61.50250,0.49500,0.01523,0.98476,0.00000
61.60250,0.49500,0.01538,0.98461,0.00000
61.70250,0.49500,0.01661,0.98339,0.00000
61.80250,0.49500,0.01836,0.98164,0.00000
61.90250,0.49500,0.02290,0.97710,0.00000
62.00250,0.49500,0.01774,0.98225,0.00000
62.10250,0.49500,0.02208,0.97792,0.00000
62.20250,0.49500,0.02240,0.97759,0.00000
62.30250,0.49500,0.01940,0.98060,0.00000
62.40250,0.49500,0.01914,0.98086,0.00000
62.50250,0.49500,0.02491,0.97508,0.00000
62.60250,0.49500,0.02359,0.97641,0.00000
62.70250,0.49500,0.02487,0.97513,0.00000
62.80250,0.49500,0.02454,0.97546,0.00000
62.90250,0.49500,0.01899,0.98101,0.00000
63.00250,0.49500,0.02022,0.97978,0.00000
63.10250,0.49500,0.02456,0.97544,0.00000
63.20250,0.49500,0.02424,0.97576,0.00000
63.30250,0.49500,0.02350,0.97650,0.00000
63.40250,0.49500,0.02121,0.97879,0.00000
63.50250,0.49500,0.02166,0.97834,0.00000
63.60250,0.49500,0.02425,0.97575,0.00000
63.70250,0.49500,0.03484,0.96516,0.00000
63.80250,0.49500,0.03604,0.96396,0.00000
63.90250,0.49500,0.02429,0.97571,0.00000
64.00250,0.49500,0.03071,0.96929,0.00000
64.10250,0.49500,0.03183,0.96817,0.00000
64.20250,0.49500,0.02464,0.97536,0.00000
64.30250,0.49500,0.03292,0.96708,0.00000
64.40250,0.49500,0.03204,0.96796,0.00000
64.50250,0.49500,0.02443,0.97557,0.00000
64.60250,0.49500,0.02839,0.97161,0.00000
64.70250,0.49500,0.01795,0.98205,0.00000
64.80250,0.49500,0.02111,0.97889,0.00000
64.90250,0.49500,0.01924,0.98076,0.00000
65.00250,0.49500,0.01729,0.98271,0.00000
65.10250,0.49500,0.02221,0.97779,0.00000
65.20250,0.49500,0.02400,0.97600,0.00000
65.30250,0.49500,0.02318,0.97682,0.00000
65.40250,0.49500,0.02263,0.97736,0.00000
65.50250,0.49500,0.02369,0.97631,0.00000
65.60250,0.49500,0.02584,0.97416,0.00000
65.70250,0.49500,0.02798,0.97202,0.00000
65.80250,0.49500,0.02700,0.97300,0.00000
65.90250,0.49500,0.01950,0.98050,0.00000
66.00250,0.49500,0.01363,0.98637,0.00000
66.10250,0.49500,0.01411,0.98589,0.00000
66.20250,0.49500,0.01288,0.98711,0.00000
66.30250,0.49500,0.01363,0.98636,0.00001
66.40250,0.49500,0.01466,0.98533,0.00000
66.50250,0.49500,0.01714,0.98286,0.00001
66.60250,0.49500,0.01796,0.98204,0.00000
66.70250,0.49500,0.02420,0.97580,0.00000
66.80250,0.49500,0.01782,0.98218,0.00000
66.90250,0.49500,0.02025,0.97975,0.00000
67.00250,0.49500,0.02407,0.97593,0.00000
67.10250,0.49500,0.02880,0.97120,0.00000
67.20250,0.49500,0.03779,0.96221,0.00000
67.30250,0.49500,0.03375,0.96625,0.00000
67.40250,0.49500,0.02954,0.97046,0.00000
67.50250,0.49500,0.02179,0.97821,0.00000
67.60250,0.49500,0.01587,0.98412,0.00000
67.70250,0.49500,0.01790,0.98210,0.00000
67.80250,0.49500,0.01902,0.98098,0.00000
67.90250,0.49500,0.01893,0.98107,0.00000
68.00250,0.49500,0.02120,0.97880,0.00000
68.10250,0.49500,0.01977,0.98023,0.00000
68.20250,0.49500,0.02186,0.97814,0.00000
68.30250,0.49500,0.02968,0.97032,0.00000
68.40250,0.49500,0.02415,0.97585,0.00000
68.50250,0.49500,0.02703,0.97297,0.00000
68.60250,0.49500,0.02835,0.97165,0.00000
68.70250,0.49500,0.02364,0.97636,0.00000
68.80250,0.49500,0.02283,0.97717,0.00000
68.90250,0.49500,0.02396,0.97604,0.00000
69.00250,0.49500,0.02258,0.97742,0.00000
69.10250,0.49500,0.02059,0.97941,0.00000
69.20250,0.49500,0.02455,0.97545,0.00000
69.30250,0.49500,0.02707,0.97293,0.00000
69.40250,0.49500,0.03584,0.96416,0.00000
69.50250,0.49500,0.03842,0.96158,0.00000
69.60250,0.49500,0.04761,0.95239,0.00000
69.70250,0.49500,0.03216,0.96783,0.00000
69.80250,0.49500,0.03307,0.96693,0.00000
69.90250,0.49500,0.01535,0.98464,0.00001
70.00250,0.49500,0.01676,0.98323,0.00001
70.10250,0.49500,0.02857,0.97142,0.00000
70.20250,0.49500,0.02706,0.97294,0.00000
70.30250,0.49500,0.02877,0.97123,0.00000
70.40250,0.49500,0.03369,0.96631,0.00000
70.50250,0.49500,0.02038,0.97962,0.00000
70.60250,0.49500,0.02080,0.97920,0.00000
70.70250,0.49500,0.02451,0.97549,0.00000
70.80250,0.49500,0.02371,0.97629,0.00000
70.90250,0.49500,0.02595,0.97405,0.00000
71.00250,0.49500,0.01916,0.98083,0.00000
71.10250,0.49500,0.01545,0.98455,0.00000
71.20250,0.49500,0.01497,0.98502,0.00000
71.30250,0.49500,0.01559,0.98441,0.00000
71.40250,0.49500,0.01556,0.98444,0.00000
71.50250,0.49500,0.01866,0.98134,0.00000
71.60250,0.49500,0.02363,0.97637,0.00000
71.70250,0.49500,0.02254,0.97746,0.00000
71.80250,0.49500,0.02145,0.97855,0.00000
71.90250,0.49500,0.02571,0.97429,0.00000
72.00250,0.49500,0.01804,0.98196,0.00000
72.10250,0.49500,0.01869,0.98131,0.00000
72.20250,0.49500,0.01635,0.98365,0.00000
72.30250,0.49500,0.01740,0.98260,0.00000
72.40250,0.49500,0.02070,0.97930,0.00000
72.50250,0.49500,0.01837,0.98163,0.00000
72.60250,0.49500,0.02255,0.97745,0.00000
72.70250,0.49500,0.02056,0.97944,0.00000
72.80250,0.49500,0.02100,0.97900,0.00000
72.90250,0.49500,0.02412,0.97588,0.00000
73.00250,0.49500,0.02772,0.97228,0.00000
73.10250,0.49500,0.02338,0.97661,0.00000
73.20250,0.49500,0.02541,0.97459,0.00000
73.30250,0.49500,0.02142,0.97858,0.00000
73.40250,0.49500,0.01990,0.98010,0.00000
73.50250,0.49500,0.01994,0.98006,0.00000
73.60250,0.49500,0.01997,0.98003,0.00000
73.70250,0.49500,0.02003,0.97997,0.00000
73.80250,0.49500,0.02080,0.97920,0.00000
73.90250,0.49500,0.02966,0.97034,0.00000
74.00250,0.49500,0.02515,0.97485,0.00000
74.10250,0.49500,0.02260,0.97740,0.00000
74.20250,0.49500,0.02369,0.97631,0.00000
74.30250,0.49500,0.01719,0.98281,0.00000
74.40250,0.49500,0.01912,0.98088,0.00000
74.50250,0.49500,0.01720,0.98280,0.00000
74.60250,0.49500,0.01641,0.98359,0.00000
74.70250,0.49500,0.01623,0.98377,0.00000
74.80250,0.49500,0.01855,0.98145,0.00000
74.90250,0.49500,0.01777,0.98223,0.00000
75.00250,0.49500,0.01826,0.98174,0.00000
75.10250,0.49500,0.02008,0.97992,0.00000
75.20250,0.49500,0.02170,0.97830,0.00000
75.30250,0.49500,0.02123,0.97877,0.00000
75.40250,0.49500,0.02371,0.97629,0.00000
75.50250,0.49500,0.02534,0.97466,0.00000
75.60250,0.49500,0.02808,0.97192,0.00000
75.70250,0.49500,0.02616,0.97384,0.00000
75.80250,0.49500,0.02690,0.97310,0.00000
75.90250,0.49500,0.02353,0.97647,0.00000
76.00250,0.49500,0.02395,0.97605,0.00000
76.10250,0.49500,0.02388,0.97612,0.00000
76.20250,0.49500,0.02691,0.97309,0.00000
76.30250,0.49500,0.02093,0.97907,0.00000
76.40250,0.49500,0.02897,0.97103,0.00000
76.50250,0.49500,0.02365,0.97635,0.00000
76.60250,0.49500,0.02390,0.97610,0.00000
76.70250,0.49500,0.02476,0.97524,0.00000
76.80250,0.49500,0.02750,0.97250,0.00000
76.90250,0.49500,0.02062,0.97938,0.00000
77.00250,0.49500,0.02410,0.97590,0.00000
77.10250,0.49500,0.02065,0.97935,0.00000
77.20250,0.49500,0.01665,0.98335,0.00000
77.30250,0.49500,0.01939,0.98061,0.00000
77.40250,0.49500,0.01984,0.98016,0.00000
77.50250,0.49500,0.02437,0.97563,0.00000
77.60250,0.49500,0.02854,0.97146,0.00000
77.70250,0.49500,0.02435,0.97565,0.00000
77.80250,0.49500,0.02759,0.97241,0.00000
77.90250,0.49500,0.02236,0.97764,0.00000
78.00250,0.49500,0.01946,0.98054,0.00000
78.10250,0.49500,0.02111,0.97889,0.00000
78.20250,0.49500,0.02104,0.97896,0.00000
78.30250,0.49500,0.02089,0.97911,0.00000
78.40250,0.49500,0.03152,0.96848,0.00000
78.50250,0.49500,0.02463,0.97537,0.00000
78.60250,0.49500,0.02582,0.97418,0.00000
78.70250,0.49500,0.03522,0.96478,0.00000
78.80250,0.49500,0.03465,0.96535,0.00000
78.90250,0.49500,0.02929,0.97071,0.00000
79.00250,0.49500,0.03722,0.96278,0.00000
79.10250,0.49500,0.03159,0.96841,0.00000
79.20250,0.49500,0.02592,0.97407,0.00000
79.30250,0.49500,0.02318,0.97682,0.00000
79.40250,0.49500,0.02165,0.97835,0.00000
79.50250,0.49500,0.02153,0.97847,0.00000
79.60250,0.49500,0.02508,0.97492,0.00000
79.70250,0.49500,0.02282,0.97718,0.00000
79.80250,0.49500,0.02264,0.97736,0.00000
79.90250,0.49500,0.02064,0.97936,0.00000
80.00250,0.49500,0.02260,0.97740,0.00000
80.10250,0.49500,0.02491,0.97509,0.00000
80.20250,0.49500,0.02507,0.97493,0.00000
80.30250,0.49500,0.02150,0.97849,0.00000
80.40250,0.49500,0.01993,0.98007,0.00000
80.50250,0.49500,0.02355,0.97645,0.00000
80.60250,0.49500,0.02572,0.97428,0.00000
80.70250,0.49500,0.02728,0.97272,0.00000
80.80250,0.49500,0.02743,0.97257,0.00000
80.90250,0.49500,0.02532,0.97468,0.00000
81.00250,0.49500,0.02652,0.97348,0.00000
81.10250,0.49500,0.02827,0.97173,0.00000
81.20250,0.49500,0.02578,0.97422,0.00000
81.30250,0.49500,0.02242,0.97758,0.00000
81.40250,0.49500,0.02054,0.97946,0.00000
81.50250,0.49500,0.02655,0.97345,0.00000
81.60250,0.49500,0.03938,0.96062,0.00000
81.70250,0.49500,0.03760,0.96240,0.00000
81.80250,0.49500,0.04276,0.95724,0.00000
81.90250,0.49500,0.04915,0.95085,0.00000
82.00250,0.49500,0.03207,0.96793,0.00000
82.10250,0.49500,0.03193,0.96807,0.00000
82.20250,0.49500,0.03645,0.96355,0.00000
82.30250,0.49500,0.02728,0.97272,0.00000
82.40250,0.49500,0.02362,0.97638,0.00000
82.50250,0.49500,0.02527,0.97473,0.00000
82.60250,0.49500,0.02503,0.97497,0.00000
82.70250,0.49500,0.03285,0.96715,0.00000
82.80250,0.49500,0.03528,0.96472,0.00000
82.90250,0.49500,0.04070,0.95930,0.00000
83.00250,0.49500,0.03729,0.96271,0.00000
83.10250,0.49500,0.02809,0.97191,0.00000
83.20250,0.49500,0.02783,0.97217,0.00000
83.30250,0.49500,0.02589,0.97411,0.00000
83.40250,0.49500,0.03226,0.96774,0.00000
83.50250,0.49500,0.02460,0.97540,0.00000
83.60250,0.49500,0.02230,0.97770,0.00000
83.70250,0.49500,0.02336,0.97664,0.00000
83.80250,0.49500,0.02067,0.97933,0.00000
83.90250,0.49500,0.02090,0.97910,0.00000
84.00250,0.49500,0.02153,0.97847,0.00000
84.10250,0.49500,0.02285,0.97715,0.00000
84.20250,0.49500,0.02681,0.97319,0.00000
84.30250,0.49500,0.02762,0.97238,0.00000
84.40250,0.49500,0.02883,0.97117,0.00000
84.50250,0.49500,0.02934,0.97066,0.00000
84.60250,0.49500,0.02840,0.97160,0.00000
84.70250,0.49500,0.02971,0.97029,0.00000
84.80250,0.49500,0.02557,0.97443,0.00000
84.90250,0.49500,0.03109,0.96891,0.00000
85.00250,0.49500,0.02941,0.97059,0.00000
85.10250,0.49500,0.02517,0.97483,0.00000
85.20250,0.49500,0.02328,0.97672,0.00000
85.30250,0.49500,0.02150,0.97850,0.00000
85.40250,0.49500,0.02511,0.97489,0.00000
85.50250,0.49500,0.02314,0.97686,0.00000
85.60250,0.49500,0.02827,0.97173,0.00000
85.70250,0.49500,0.02807,0.97193,0.00000
85.80250,0.49500,0.02674,0.97326,0.00000
85.90250,0.49500,0.02658,0.97342,0.00000
86.00250,0.49500,0.02170,0.97830,0.00000
86.10250,0.49500,0.02064,0.97936,0.00000
86.20250,0.49500,0.01968,0.98032,0.00000
86.30250,0.49500,0.01931,0.98069,0.00000
86.40250,0.49500,0.01806,0.98194,0.00000
86.50250,0.49500,0.02074,0.97926,0.00000
86.60250,0.49500,0.01838,0.98162,0.00000
86.70250,0.49500,0.01692,0.98307,0.00000
86.80250,0.49500,0.01791,0.98209,0.00000
86.90250,0.49500,0.02156,0.97844,0.00000
87.00250,0.49500,0.02231,0.97769,0.00000
87.10250,0.49500,0.02203,0.97797,0.00000
87.20250,0.49500,0.02154,0.97846,0.00000
87.30250,0.49500,0.02141,0.97859,0.00000
87.40250,0.49500,0.02476,0.97524,0.00000
87.50250,0.49500,0.02476,0.97524,0.00000
87.60250,0.49500,0.02269,0.97731,0.00000
87.70250,0.49500,0.02428,0.97572,0.00000
87.80250,0.49500,0.02333,0.97667,0.00000
87.90250,0.49500,0.02490,0.97510,0.00000
88.00250,0.49500,0.02524,0.97476,0.00000
88.10250,0.49500,0.02654,0.97346,0.00000
88.20250,0.49500,0.02399,0.97601,0.00000
88.30250,0.49500,0.02196,0.97804,0.00000
88.40250,0.49500,0.01950,0.98050,0.00000
88.50250,0.49500,0.01990,0.98010,0.00000
88.60250,0.49500,0.01885,0.98115,0.00000
88.70250,0.49500,0.01761,0.98239,0.00000
88.80250,0.49500,0.01664,0.98336,0.00000
88.90250,0.49500,0.02100,0.97900,0.00000
89.00250,0.49500,0.01934,0.98066,0.00000
89.10250,0.49500,0.02168,0.97832,0.00000
89.20250,0.49500,0.02328,0.97672,0.00000
89.30250,0.49500,0.02263,0.97737,0.00000
89.40250,0.49500,0.02248,0.97752,0.00000
89.50250,0.49500,0.01945,0.98055,0.00000
89.60250,0.49500,0.01681,0.98319,0.00000
89.70250,0.49500,0.01589,0.98411,0.00000
89.80250,0.49500,0.01494,0.98506,0.00000
89.90250,0.49500,0.01681,0.98319,0.00000
90.00250,0.49500,0.01900,0.98100,0.00000
90.10250,0.49500,0.02010,0.97990,0.00000
90.20250,0.49500,0.02139,0.97861,0.00000
90.30250,0.49500,0.02227,0.97773,0.00000
90.40250,0.49500,0.02261,0.97739,0.00000
90.50250,0.49500,0.02173,0.97827,0.00000
90.60250,0.49500,0.02167,0.97833,0.00000
90.70250,0.49500,0.01941,0.98059,0.00000
90.80250,0.49500,0.02097,0.97903,0.00000
90.90250,0.49500,0.01939,0.98061,0.00000
91.00250,0.49500,0.02165,0.97835,0.00000
91.10250,0.49500,0.02388,0.97612,0.00000
91.20250,0.49500,0.02005,0.97995,0.00000
91.30250,0.49500,0.02049,0.97951,0.00000
91.40250,0.49500,0.02109,0.97891,0.00000
91.50250,0.49500,0.01869,0.98131,0.00000
91.60250,0.49500,0.01622,0.98378,0.00000
91.70250,0.49500,0.01690,0.98310,0.00000
91.80250,0.49500,0.01776,0.98224,0.00000
91.90250,0.49500,0.02049,0.97951,0.00000
92.00250,0.49500,0.01962,0.98038,0.00000
92.10250,0.49500,0.01860,0.98140,0.00000
92.20250,0.49500,0.01718,0.98282,0.00000
92.30250,0.49500,0.01690,0.98310,0.00000
92.40250,0.49500,0.01779,0.98221,0.00000
92.50250,0.49500,0.02003,0.97997,0.00000
92.60250,0.49500,0.01990,0.98010,0.00000
92.70250,0.49500,0.02516,0.97484,0.00000
92.80250,0.49500,0.02319,0.97681,0.00000
92.90250,0.49500,0.02321,0.97679,0.00000
93.00250,0.49500,0.02292,0.97708,0.00000
93.10250,0.49500,0.01882,0.98118,0.00000
93.20250,0.49500,0.02239,0.97761,0.00000
93.30250,0.49500,0.01979,0.98021,0.00000
93.40250,0.49500,0.02104,0.97896,0.00000
93.50250,0.49500,0.02139,0.97861,0.00000
93.60250,0.49500,0.02068,0.97932,0.00000
93.70250,0.49500,0.01883,0.98117,0.00000
93.80250,0.49500,0.01820,0.98180,0.00000
93.90250,0.49500,0.01927,0.98073,0.00000
94.00250,0.49500,0.02094,0.97906,0.00000
