Time (seconds), Duration (seconds),pred_(unlabeled),pred_table,pred_empty_box
0.00250,0.99500,0.00000,1.00000,0.00000
1.00250,0.99500,0.00001,0.99999,0.00000
2.00250,0.99500,0.00000,1.00000,0.00000
3.00250,0.99500,0.00000,1.00000,0.00000
4.00250,0.99500,0.00001,0.99999,0.00000
5.00250,0.99500,0.00000,1.00000,0.00000
6.00250,0.99500,0.00004,0.99996,0.00000
7.00250,0.99500,0.00001,0.99999,0.00000
8.00250,0.99500,0.00000,0.99999,0.00000
9.00250,0.99500,0.00002,0.99998,0.00000
10.00250,0.99500,0.00000,1.00000,0.00000
11.00250,0.99500,0.00001,0.99999,0.00000
12.00250,0.99500,0.00146,0.99854,0.00000
13.00250,0.99500,0.00010,0.99987,0.00003
14.00250,0.99500,0.00007,0.99992,0.00001
15.00250,0.99500,0.00009,0.99989,0.00002
16.00250,0.99500,0.00014,0.99963,0.00022
17.00250,0.99500,0.00015,0.99984,0.00001
18.00250,0.99500,0.00031,0.99968,0.00000
19.00250,0.99500,0.00001,0.99998,0.00001
20.00250,0.99500,0.00008,0.99990,0.00002
21.00250,0.99500,0.00075,0.99924,0.00001
22.00250,0.99500,0.00014,0.99986,0.00000
23.00250,0.99500,0.00004,0.99994,0.00001
24.00250,0.99500,0.00007,0.99990,0.00003
25.00250,0.99500,0.00006,0.99992,0.00002
26.00250,0.99500,0.00001,0.99998,0.00000
27.00250,0.99500,0.00002,0.99998,0.00000
28.00250,0.99500,0.00015,0.99985,0.00000
29.00250,0.99500,0.00004,0.99994,0.00002
30.00250,0.99500,0.00000,0.99999,0.00000
31.00250,0.99500,0.00000,0.99998,0.00001
32.00250,0.99500,0.00010,0.99990,0.00000
33.00250,0.99500,0.00005,0.99994,0.00001
34.00250,0.99500,0.00003,0.99988,0.00009
35.00250,0.99500,0.00001,0.99996,0.00003
36.00250,0.99500,0.00062,0.99936,0.00002
37.00250,0.99500,0.00007,0.99990,0.00003
38.00250,0.99500,0.00003,0.99954,0.00042
39.00250,0.99500,0.00002,0.99995,0.00003
40.00250,0.99500,0.00000,0.99997,0.00003
41.00250,0.99500,0.00001,0.99999,0.00001
42.00250,0.99500,0.00000,0.99995,0.00005
43.00250,0.99500,0.00004,0.99979,0.00018
44.00250,0.99500,0.00049,0.99950,0.00000
45.00250,0.99500,0.00000,1.00000,0.00000
46.00250,0.99500,0.00000,0.99999,0.00001
47.00250,0.99500,0.00000,1.00000,0.00000
48.00250,0.99500,0.00001,0.99999,0.00000
49.00250,0.99500,0.00000,0.99999,0.00001
50.00250,0.99500,0.00001,0.99999,0.00000
51.00250,0.99500,0.00000,1.00000,0.00000
52.00250,0.99500,0.00000,0.99999,0.00001
53.00250,0.99500,0.00001,0.99999,0.00000
54.00250,0.99500,0.00001,0.99999,0.00000
55.00250,0.99500,0.00000,1.00000,0.00000
56.00250,0.99500,0.00000,1.00000,0.00000
57.00250,0.99500,0.00002,0.99998,0.00000
58.00250,0.99500,0.00001,0.99996,0.00003
59.00250,0.99500,0.00001,0.99999,0.00001
60.00250,0.99500,0.00009,0.99991,0.00000
61.00250,0.99500,0.00001,0.99989,0.00010
62.00250,0.99500,0.00000,1.00000,0.00000
63.00250,0.99500,0.00003,0.99994,0.00003
64.00250,0.99500,0.00000,1.00000,0.00000
65.00250,0.99500,0.00000,0.99999,0.00000
66.00250,0.99500,0.00001,0.99993,0.00006
67.00250,0.99500,0.00000,0.99999,0.00000
68.00250,0.99500,0.00002,0.99998,0.00000
69.00250,0.99500,0.00000,0.99999,0.00001
70.00250,0.99500,0.00000,0.99998,0.00002
71.00250,0.99500,0.00001,0.99993,0.00006
72.00250,0.99500,0.00005,0.99992,0.00003
73.00250,0.99500,0.00002,0.99998,0.00000
74.00250,0.99500,0.00059,0.99669,0.00271
75.00250,0.99500,0.00009,0.99847,0.00144
76.00250,0.99500,0.00007,0.99915,0.00078
77.00250,0.99500,0.00009,0.99941,0.00051
78.00250,0.99500,0.00001,0.99984,0.00015
79.00250,0.99500,0.00001,0.99980,0.00019
80.00250,0.99500,0.00001,0.99990,0.00010
81.00250,0.99500,0.00013,0.99979,0.00007
82.00250,0.99500,0.00003,0.99968,0.00029
83.00250,0.99500,0.00001,0.99995,0.00004
84.00250,0.99500,0.00001,0.99999,0.00001
85.00250,0.99500,0.00001,0.99982,0.00017
86.00250,0.99500,0.00003,0.99508,0.00489
87.00250,0.99500,0.00011,0.99979,0.00011
88.00250,0.99500,0.00001,0.99986,0.00014
89.00250,0.99500,0.00032,0.99964,0.00005
90.00250,0.99500,0.00014,0.99967,0.00019
91.00250,0.99500,0.00009,0.99802,0.00189
92.00250,0.99500,0.00004,0.99687,0.00308
93.00250,0.99500,0.00018,0.99861,0.00121
94.00250,0.99500,0.00002,0.99975,0.00022
95.00250,0.99500,0.00001,0.99999,0.00000
96.00250,0.99500,0.00001,0.99977,0.00022
97.00250,0.99500,0.00008,0.99990,0.00002
98.00250,0.99500,0.00003,0.99991,0.00006
99.00250,0.99500,0.00000,0.99997,0.00002
100.00250,0.99500,0.00000,0.99997,0.00003
101.00250,0.99500,0.00002,0.99997,0.00001
102.00250,0.99500,0.00001,0.99994,0.00005
103.00250,0.99500,0.00002,0.99993,0.00005
104.00250,0.99500,0.00008,0.99985,0.00007
105.00250,0.99500,0.00001,0.99994,0.00005
106.00250,0.99500,0.00001,0.99998,0.00001
107.00250,0.99500,0.00001,0.99992,0.00007
108.00250,0.99500,0.00001,0.99999,0.00000
109.00250,0.99500,0.00000,0.99979,0.00021
110.00250,0.99500,0.00002,0.99998,0.00001
111.00250,0.99500,0.00004,0.99994,0.00002
112.00250,0.99500,0.00000,0.99996,0.00004
113.00250,0.99500,0.00008,0.99973,0.00019
114.00250,0.99500,0.00004,0.99930,0.00066
115.00250,0.99500,0.00005,0.99974,0.00021
116.00250,0.99500,0.00003,0.99987,0.00010
117.00250,0.99500,0.00000,0.99998,0.00002
118.00250,0.99500,0.00001,0.99993,0.00006
119.00250,0.99500,0.00001,0.99990,0.00009
120.00250,0.99500,0.00001,0.99927,0.00072
121.00250,0.99500,0.00001,0.99998,0.00001
122.00250,0.99500,0.00000,0.99997,0.00003
123.00250,0.99500,0.00000,0.99994,0.00005
124.00250,0.99500,0.00001,0.99987,0.00012
125.00250,0.99500,0.00010,0.99908,0.00082
126.00250,0.99500,0.00002,0.99984,0.00014
127.00250,0.99500,0.00008,0.99989,0.00002
128.00250,0.99500,0.00010,0.99815,0.00175
129.00250,0.99500,0.00056,0.99934,0.00010
130.00250,0.99500,0.00003,0.99864,0.00133
131.00250,0.99500,0.00014,0.99981,0.00004
132.00250,0.99500,0.00003,0.99984,0.00013
133.00250,0.99500,1.00000,0.00000,0.00000
134.00250,0.99500,1.00000,0.00000,0.00000
135.00250,0.99500,1.00000,0.00000,0.00000
136.00250,0.99500,1.00000,0.00000,0.00000
137.00250,0.99500,1.00000,0.00000,0.00000
138.00250,0.99500,1.00000,0.00000,0.00000
139.00250,0.99500,1.00000,0.00000,0.00000
140.00250,0.99500,0.99992,0.00007,0.00001
141.00250,0.99500,1.00000,0.00000,0.00000
142.00250,0.99500,1.00000,0.00000,0.00000
143.00250,0.99500,1.00000,0.00000,0.00000
144.00250,0.99500,1.00000,0.00000,0.00000
145.00250,0.99500,1.00000,0.00000,0.00000
146.00250,0.99500,1.00000,0.00000,0.00000
147.00250,0.99500,1.00000,0.00000,0.00000
148.00250,0.99500,1.00000,0.00000,0.00000
149.00250,0.99500,1.00000,0.00000,0.00000
150.00250,0.99500,0.99999,0.00000,0.00001
151.00250,0.99500,1.00000,0.00000,0.00000
152.00250,0.99500,1.00000,0.00000,0.00000
153.00250,0.99500,1.00000,0.00000,0.00000
154.00250,0.99500,0.99987,0.00013,0.00000
155.00250,0.99500,1.00000,0.00000,0.00000
156.00250,0.99500,1.00000,0.00000,0.00000
157.00250,0.99500,1.00000,0.00000,0.00000
158.00250,0.99500,1.00000,0.00000,0.00000
159.00250,0.99500,1.00000,0.00000,0.00000
160.00250,0.99500,1.00000,0.00000,0.00000
161.00250,0.99500,1.00000,0.00000,0.00000
162.00250,0.99500,1.00000,0.00000,0.00000
163.00250,0.99500,1.00000,0.00000,0.00000
164.00250,0.99500,1.00000,0.00000,0.00000
165.00250,0.99500,1.00000,0.00000,0.00000
166.00250,0.99500,1.00000,0.00000,0.00000
167.00250,0.99500,1.00000,0.00000,0.00000
168.00250,0.99500,1.00000,0.00000,0.00000
169.00250,0.99500,0.99996,0.00002,0.00002
170.00250,0.99500,0.99997,0.00003,0.00000
171.00250,0.99500,0.99999,0.00001,0.00001
172.00250,0.99500,1.00000,0.00000,0.00000
173.00250,0.99500,0.99994,0.00006,0.00000
174.00250,0.99500,1.00000,0.00000,0.00000
175.00250,0.99500,0.99984,0.00016,0.00000
176.00250,0.99500,1.00000,0.00000,0.00000
177.00250,0.99500,0.97095,0.02905,0.00000
178.00250,0.99500,0.99945,0.00055,0.00000
179.00250,0.99500,0.99948,0.00052,0.00000
180.00250,0.99500,1.00000,0.00000,0.00000
181.00250,0.99500,1.00000,0.00000,0.00000
182.00250,0.99500,1.00000,0.00000,0.00000
183.00250,0.99500,0.99999,0.00000,0.00001
184.00250,0.99500,1.00000,0.00000,0.00000
185.00250,0.99500,0.99806,0.00194,0.00000
186.00250,0.99500,0.99736,0.00263,0.00001
187.00250,0.99500,1.00000,0.00000,0.00000
188.00250,0.99500,1.00000,0.00000,0.00000
189.00250,0.99500,1.00000,0.00000,0.00000
190.00250,0.99500,1.00000,0.00000,0.00000
191.00250,0.99500,1.00000,0.00000,0.00000
192.00250,0.99500,0.48387,0.30527,0.21087
193.00250,0.99500,0.99997,0.00003,0.00000
194.00250,0.99500,1.00000,0.00000,0.00000
195.00250,0.99500,1.00000,0.00000,0.00000
196.00250,0.99500,0.99991,0.00008,0.00001
197.00250,0.99500,0.99731,0.00268,0.00000
198.00250,0.99500,0.99745,0.00248,0.00007
199.00250,0.99500,1.00000,0.00000,0.00000
200.00250,0.99500,1.00000,0.00000,0.00000
201.00250,0.99500,1.00000,0.00000,0.00000
202.00250,0.99500,1.00000,0.00000,0.00000
203.00250,0.99500,0.99999,0.00001,0.00000
204.00250,0.99500,0.99800,0.00175,0.00026
205.00250,0.99500,1.00000,0.00000,0.00000
206.00250,0.99500,0.99999,0.00001,0.00000
207.00250,0.99500,0.99999,0.00001,0.00000
208.00250,0.99500,0.99999,0.00001,0.00000
209.00250,0.99500,0.99993,0.00007,0.00000
210.00250,0.99500,0.99998,0.00002,0.00000
211.00250,0.99500,1.00000,0.00000,0.00000
212.00250,0.99500,1.00000,0.00000,0.00000
213.00250,0.99500,1.00000,0.00000,0.00000
214.00250,0.99500,1.00000,0.00000,0.00000
215.00250,0.99500,1.00000,0.00000,0.00000
216.00250,0.99500,1.00000,0.00000,0.00000
217.00250,0.99500,1.00000,0.00000,0.00000
218.00250,0.99500,0.99954,0.00046,0.00000
219.00250,0.99500,1.00000,0.00000,0.00000
220.00250,0.99500,1.00000,0.00000,0.00000
221.00250,0.99500,1.00000,0.00000,0.00000
222.00250,0.99500,1.00000,0.00000,0.00000
223.00250,0.99500,0.99988,0.00004,0.00008
224.00250,0.99500,1.00000,0.00000,0.00000
225.00250,0.99500,1.00000,0.00000,0.00000
226.00250,0.99500,1.00000,0.00000,0.00000
227.00250,0.99500,0.76269,0.23664,0.00067
228.00250,0.99500,0.99759,0.00240,0.00001
229.00250,0.99500,1.00000,0.00000,0.00000
230.00250,0.99500,1.00000,0.00000,0.00000
231.00250,0.99500,1.00000,0.00000,0.00000
232.00250,0.99500,0.99999,0.00001,0.00000
233.00250,0.99500,1.00000,0.00000,0.00000
234.00250,0.99500,1.00000,0.00000,0.00000
235.00250,0.99500,1.00000,0.00000,0.00000
236.00250,0.99500,1.00000,0.00000,0.00000
237.00250,0.99500,1.00000,0.00000,0.00000
238.00250,0.99500,1.00000,0.00000,0.00000
239.00250,0.99500,1.00000,0.00000,0.00000
240.00250,0.99500,0.99602,0.00181,0.00217
241.00250,0.99500,1.00000,0.00000,0.00000
242.00250,0.99500,1.00000,0.00000,0.00000
243.00250,0.99500,1.00000,0.00000,0.00000
244.00250,0.99500,1.00000,0.00000,0.00000
245.00250,0.99500,0.99992,0.00008,0.00000
246.00250,0.99500,1.00000,0.00000,0.00000
247.00250,0.99500,1.00000,0.00000,0.00000
248.00250,0.99500,1.00000,0.00000,0.00000
249.00250,0.99500,1.00000,0.00000,0.00000
250.00250,0.99500,1.00000,0.00000,0.00000
251.00250,0.99500,1.00000,0.00000,0.00000
252.00250,0.99500,1.00000,0.00000,0.00000
253.00250,0.99500,1.00000,0.00000,0.00000
254.00250,0.99500,1.00000,0.00000,0.00000
255.00250,0.99500,0.99982,0.00018,0.00000
256.00250,0.99500,1.00000,0.00000,0.00000
257.00250,0.99500,1.00000,0.00000,0.00000
258.00250,0.99500,1.00000,0.00000,0.00000
259.00250,0.99500,1.00000,0.00000,0.00000
260.00250,0.99500,0.99991,0.00009,0.00000
261.00250,0.99500,1.00000,0.00000,0.00000
262.00250,0.99500,0.99135,0.00140,0.00725
263.00250,0.99500,0.30311,0.34234,0.35455
264.00250,0.99500,0.18683,0.01062,0.80255
265.00250,0.99500,0.15247,0.01661,0.83092
266.00250,0.99500,0.77364,0.01206,0.21431
267.00250,0.99500,0.74491,0.04788,0.20721
268.00250,0.99500,0.01767,0.68313,0.29920
269.00250,0.99500,0.01372,0.00393,0.98235
270.00250,0.99500,0.01971,0.00027,0.98001
271.00250,0.99500,0.00271,0.00086,0.99643
272.00250,0.99500,0.01123,0.00090,0.98786
273.00250,0.99500,0.01263,0.00041,0.98696
274.00250,0.99500,0.03013,0.00118,0.96869
275.00250,0.99500,0.07544,0.00682,0.91774
276.00250,0.99500,0.01660,0.01535,0.96806
277.00250,0.99500,0.01410,0.00024,0.98565
278.00250,0.99500,0.04494,0.01878,0.93628
279.00250,0.99500,0.28079,0.00579,0.71343
280.00250,0.99500,0.12779,0.01453,0.85767
281.00250,0.99500,0.32532,0.05878,0.61589
282.00250,0.99500,0.03330,0.60015,0.36655
283.00250,0.99500,0.12029,0.11795,0.76177
284.00250,0.99500,0.18810,0.06823,0.74367
285.00250,0.99500,0.02150,0.00690,0.97160
286.00250,0.99500,0.01210,0.00517,0.98273
287.00250,0.99500,0.03990,0.00395,0.95614
288.00250,0.99500,0.00701,0.10358,0.88942
289.00250,0.99500,0.02440,0.00716,0.96844
290.00250,0.99500,0.03242,0.01696,0.95062
291.00250,0.99500,0.02164,0.00054,0.97782
292.00250,0.99500,0.00562,0.00109,0.99329
293.00250,0.99500,0.00639,0.00129,0.99232
294.00250,0.99500,0.01339,0.00164,0.98498
295.00250,0.99500,0.02685,0.00210,0.97105
296.00250,0.99500,0.00562,0.07293,0.92145
297.00250,0.99500,0.00528,0.03015,0.96457
298.00250,0.99500,0.01450,0.03790,0.94760
299.00250,0.99500,0.11738,0.04890,0.83372
