Time (seconds), Duration (seconds),pred_(unlabeled),pred_table,pred_empty_box
0.00250,0.99500,0.00665,0.80440,0.18895
1.00250,0.99500,0.00293,0.98129,0.01578
2.00250,0.99500,0.01782,0.64175,0.34042
3.00250,0.99500,0.01490,0.51273,0.47236
4.00250,0.99500,0.00230,0.98779,0.00991
5.00250,0.99500,0.00642,0.56178,0.43180
6.00250,0.99500,0.00136,0.99422,0.00442
7.00250,0.99500,0.01340,0.94074,0.04586
8.00250,0.99500,0.00759,0.93609,0.05633
9.00250,0.99500,0.00125,0.98680,0.01195
10.00250,0.99500,0.00298,0.95389,0.04314
11.00250,0.99500,0.01224,0.86080,0.12696
12.00250,0.99500,0.02009,0.41944,0.56047
13.00250,0.99500,0.00856,0.81043,0.18101
14.00250,0.99500,0.01953,0.77453,0.20594
15.00250,0.99500,0.01131,0.74142,0.24727
16.00250,0.99500,0.03248,0.80335,0.16417
17.00250,0.99500,0.00644,0.81986,0.17369
18.00250,0.99500,0.00116,0.98733,0.01151
19.00250,0.99500,0.00925,0.86430,0.12645
20.00250,0.99500,0.00827,0.95017,0.04155
21.00250,0.99500,0.00311,0.95577,0.04113
22.00250,0.99500,0.01566,0.56809,0.41625
23.00250,0.99500,0.00960,0.97325,0.01714
24.00250,0.99500,0.00504,0.91969,0.07527
25.00250,0.99500,0.00563,0.86643,0.12794
26.00250,0.99500,0.00150,0.96815,0.03035
27.00250,0.99500,0.01239,0.65719,0.33042
28.00250,0.99500,0.02133,0.55307,0.42560
29.00250,0.99500,0.01007,0.70499,0.28494
30.00250,0.99500,0.00950,0.94077,0.04973
31.00250,0.99500,0.01766,0.17337,0.80897
32.00250,0.99500,0.03289,0.64685,0.32025
33.00250,0.99500,0.06819,0.45716,0.47465
34.00250,0.99500,0.00644,0.51516,0.47839
35.00250,0.99500,0.01147,0.83899,0.14954
36.00250,0.99500,0.00053,0.99801,0.00146
37.00250,0.99500,0.00999,0.55042,0.43959
38.00250,0.99500,0.01986,0.04003,0.94011
39.00250,0.99500,0.00691,0.89683,0.09627
40.00250,0.99500,0.00996,0.47146,0.51858
41.00250,0.99500,0.01149,0.15740,0.83111
42.00250,0.99500,0.04128,0.04193,0.91679
43.00250,0.99500,0.02342,0.33395,0.64262
44.00250,0.99500,0.04654,0.27679,0.67667
45.00250,0.99500,0.01906,0.04757,0.93337
46.00250,0.99500,0.06680,0.01246,0.92073
47.00250,0.99500,0.03631,0.01915,0.94453
48.00250,0.99500,0.01165,0.01463,0.97372
49.00250,0.99500,0.02310,0.09288,0.88402
50.00250,0.99500,0.05966,0.06361,0.87673
51.00250,0.99500,0.02693,0.42784,0.54524
52.00250,0.99500,0.02016,0.32669,0.65315
53.00250,0.99500,0.00975,0.68211,0.30814
54.00250,0.99500,0.00324,0.84188,0.15489
55.00250,0.99500,0.00876,0.93589,0.05534
56.00250,0.99500,0.00255,0.98647,0.01098
57.00250,0.99500,0.03086,0.19502,0.77412
58.00250,0.99500,0.02599,0.42705,0.54695
59.00250,0.99500,0.00581,0.97396,0.02022
60.00250,0.99500,0.00573,0.90175,0.09252
61.00250,0.99500,0.00099,0.98408,0.01493
62.00250,0.99500,0.01212,0.46660,0.52128
63.00250,0.99500,0.01625,0.63894,0.34481
64.00250,0.99500,0.02522,0.59921,0.37558
65.00250,0.99500,0.01457,0.52670,0.45873
66.00250,0.99500,0.01293,0.60190,0.38516
67.00250,0.99500,0.01878,0.71400,0.26722
68.00250,0.99500,0.01491,0.51243,0.47265
69.00250,0.99500,0.00524,0.83711,0.15765
70.00250,0.99500,0.00430,0.83000,0.16569
71.00250,0.99500,0.01778,0.46155,0.52068
72.00250,0.99500,0.02039,0.19609,0.78352
73.00250,0.99500,0.02422,0.32777,0.64800
74.00250,0.99500,0.00372,0.91319,0.08309
75.00250,0.99500,0.03841,0.10698,0.85462
76.00250,0.99500,0.03899,0.21524,0.74577
77.00250,0.99500,0.02988,0.31068,0.65944
78.00250,0.99500,0.01853,0.27458,0.70689
79.00250,0.99500,0.00245,0.98481,0.01274
80.00250,0.99500,0.01142,0.85839,0.13019
81.00250,0.99500,0.00692,0.90502,0.08805
82.00250,0.99500,0.00622,0.80246,0.19132
83.00250,0.99500,0.00950,0.72515,0.26535
84.00250,0.99500,0.02744,0.23523,0.73732
85.00250,0.99500,0.00996,0.05229,0.93775
86.00250,0.99500,0.01648,0.07761,0.90591
87.00250,0.99500,0.03555,0.71278,0.25168
88.00250,0.99500,0.89330,0.00656,0.10014
89.00250,0.99500,1.00000,0.00000,0.00000
90.00250,0.99500,1.00000,0.00000,0.00000
91.00250,0.99500,0.04929,0.00003,0.95069
92.00250,0.99500,0.00840,0.00001,0.99159
93.00250,0.99500,0.01520,0.00001,0.98479
94.00250,0.99500,0.01005,0.00001,0.98994
95.00250,0.99500,0.01219,0.00002,0.98780
96.00250,0.99500,0.01571,0.00002,0.98427
97.00250,0.99500,0.01249,0.00001,0.98749
98.00250,0.99500,0.01524,0.00001,0.98475
99.00250,0.99500,0.02604,0.00002,0.97394
100.00250,0.99500,0.01386,0.00001,0.98613
101.00250,0.99500,0.01826,0.00002,0.98172
102.00250,0.99500,0.01347,0.00001,0.98652
103.00250,0.99500,0.01253,0.00001,0.98746
104.00250,0.99500,0.01200,0.00001,0.98799
105.00250,0.99500,0.00715,0.00001,0.99284
106.00250,0.99500,0.01270,0.00001,0.98729
107.00250,0.99500,0.04622,0.00004,0.95375
108.00250,0.99500,0.02898,0.00002,0.97100
109.00250,0.99500,0.01075,0.00001,0.98924
110.00250,0.99500,0.01035,0.00001,0.98964
111.00250,0.99500,0.01407,0.00002,0.98591
112.00250,0.99500,0.01315,0.00003,0.98683
113.00250,0.99500,0.00987,0.00001,0.99012
114.00250,0.99500,0.02648,0.00002,0.97350
115.00250,0.99500,0.01152,0.00001,0.98846
116.00250,0.99500,0.00843,0.00001,0.99156
117.00250,0.99500,0.01074,0.00003,0.98923
118.00250,0.99500,0.00718,0.00002,0.99281
119.00250,0.99500,0.04114,0.00006,0.95879
120.00250,0.99500,0.00826,0.00001,0.99173
121.00250,0.99500,0.01256,0.00003,0.98741
122.00250,0.99500,0.01847,0.00004,0.98149
123.00250,0.99500,0.02212,0.00003,0.97785
124.00250,0.99500,0.01228,0.00003,0.98769
125.00250,0.99500,0.00976,0.00002,0.99022
126.00250,0.99500,0.01017,0.00001,0.98982
127.00250,0.99500,0.00839,0.00002,0.99160
128.00250,0.99500,0.01292,0.00002,0.98705
129.00250,0.99500,0.00843,0.00001,0.99156
130.00250,0.99500,0.01696,0.00005,0.98299
131.00250,0.99500,0.02687,0.00005,0.97308
132.00250,0.99500,0.01026,0.00002,0.98972
133.00250,0.99500,0.01568,0.00003,0.98429
134.00250,0.99500,0.00899,0.00001,0.99099
135.00250,0.99500,0.02727,0.00004,0.97269
136.00250,0.99500,0.01749,0.00003,0.98248
137.00250,0.99500,0.01332,0.00002,0.98666
138.00250,0.99500,0.01359,0.00003,0.98638
139.00250,0.99500,0.00769,0.00000,0.99230
140.00250,0.99500,0.02687,0.00004,0.97308
141.00250,0.99500,0.01196,0.00001,0.98803
142.00250,0.99500,0.01775,0.00001,0.98224
143.00250,0.99500,0.01102,0.00001,0.98897
144.00250,0.99500,0.01619,0.00003,0.98377
145.00250,0.99500,0.01544,0.00002,0.98454
146.00250,0.99500,0.02302,0.00002,0.97696
147.00250,0.99500,0.01250,0.00001,0.98749
148.00250,0.99500,0.01429,0.00002,0.98568
149.00250,0.99500,0.02750,0.00003,0.97247
150.00250,0.99500,0.01863,0.00002,0.98135
151.00250,0.99500,0.01689,0.00004,0.98307
152.00250,0.99500,0.01266,0.00003,0.98731
153.00250,0.99500,0.00959,0.00002,0.99038
154.00250,0.99500,0.00627,0.00001,0.99372
155.00250,0.99500,0.01278,0.00001,0.98721
156.00250,0.99500,0.02006,0.00004,0.97990
157.00250,0.99500,0.00754,0.00002,0.99244
158.00250,0.99500,0.00875,0.00002,0.99122
159.00250,0.99500,0.03769,0.00006,0.96225
160.00250,0.99500,0.01239,0.00002,0.98759
161.00250,0.99500,0.00881,0.00002,0.99117
162.00250,0.99500,0.01911,0.00001,0.98088
163.00250,0.99500,0.01477,0.00001,0.98522
164.00250,0.99500,0.01434,0.00003,0.98563
165.00250,0.99500,0.55724,0.00629,0.43648
166.00250,0.99500,1.00000,0.00000,0.00000
167.00250,0.99500,0.99999,0.00000,0.00001
168.00250,0.99500,0.04757,0.00016,0.95227
169.00250,0.99500,0.05789,0.07113,0.87098
170.00250,0.99500,0.12365,0.65954,0.21681
171.00250,0.99500,0.01451,0.75190,0.23359
172.00250,0.99500,0.10049,0.31332,0.58619
173.00250,0.99500,0.02788,0.74109,0.23103
174.00250,0.99500,0.01655,0.10466,0.87879
175.00250,0.99500,0.01930,0.84626,0.13443
176.00250,0.99500,0.05383,0.02908,0.91710
177.00250,0.99500,0.05940,0.09196,0.84863
178.00250,0.99500,0.01605,0.12043,0.86352
179.00250,0.99500,0.09590,0.12944,0.77466
180.00250,0.99500,0.02051,0.03247,0.94701
181.00250,0.99500,0.08996,0.39441,0.51563
182.00250,0.99500,0.11491,0.06249,0.82260
183.00250,0.99500,0.06794,0.50622,0.42584
184.00250,0.99500,0.01948,0.66169,0.31883
185.00250,0.99500,0.04123,0.23494,0.72383
186.00250,0.99500,0.05852,0.35528,0.58620
187.00250,0.99500,0.01045,0.81560,0.17395
188.00250,0.99500,0.03502,0.12317,0.84181
189.00250,0.99500,0.10604,0.04290,0.85106
190.00250,0.99500,0.23808,0.18751,0.57441
191.00250,0.99500,0.04340,0.91553,0.04108
192.00250,0.99500,0.00405,0.97099,0.02496
193.00250,0.99500,0.00705,0.98288,0.01007
194.00250,0.99500,0.02375,0.97499,0.00126
195.00250,0.99500,0.00888,0.92389,0.06723
196.00250,0.99500,0.00501,0.98399,0.01100
197.00250,0.99500,0.00175,0.99706,0.00119
198.00250,0.99500,0.00895,0.96250,0.02855
199.00250,0.99500,0.01064,0.87497,0.11439
200.00250,0.99500,0.00282,0.98824,0.00894
201.00250,0.99500,0.02808,0.95485,0.01708
202.00250,0.99500,0.10123,0.26111,0.63767
203.00250,0.99500,0.02576,0.61740,0.35684
204.00250,0.99500,0.06287,0.23451,0.70262
205.00250,0.99500,0.01687,0.43105,0.55209
206.00250,0.99500,0.10629,0.77473,0.11898
207.00250,0.99500,0.02236,0.84033,0.13731
208.00250,0.99500,0.08763,0.43266,0.47971
209.00250,0.99500,0.00500,0.95433,0.04067
210.00250,0.99500,0.01429,0.91452,0.07119
211.00250,0.99500,0.00480,0.99392,0.00129
212.00250,0.99500,0.03129,0.89902,0.06969
213.00250,0.99500,0.06840,0.01504,0.91656
214.00250,0.99500,0.03088,0.43067,0.53845
215.00250,0.99500,0.02137,0.68836,0.29027
216.00250,0.99500,0.09027,0.58942,0.32031
217.00250,0.99500,0.00779,0.90148,0.09072
218.00250,0.99500,0.03314,0.25583,0.71104
219.00250,0.99500,0.01948,0.84443,0.13610
220.00250,0.99500,0.02523,0.94028,0.03449
221.00250,0.99500,0.00283,0.99193,0.00524
222.00250,0.99500,0.20110,0.20475,0.59415
223.00250,0.99500,0.03830,0.08483,0.87687
224.00250,0.99500,0.23848,0.08605,0.67547
225.00250,0.99500,0.01008,0.10775,0.88218
226.00250,0.99500,0.01663,0.27403,0.70934
227.00250,0.99500,0.03906,0.02421,0.93673
228.00250,0.99500,0.03542,0.41332,0.55126
229.00250,0.99500,0.02233,0.03092,0.94675
230.00250,0.99500,0.07043,0.12806,0.80151
231.00250,0.99500,0.05014,0.24312,0.70674
232.00250,0.99500,0.03273,0.29062,0.67665
233.00250,0.99500,0.03831,0.03610,0.92559
234.00250,0.99500,0.04340,0.59350,0.36310
235.00250,0.99500,0.10550,0.08212,0.81237
236.00250,0.99500,0.00874,0.96136,0.02989
237.00250,0.99500,0.04092,0.90569,0.05338
238.00250,0.99500,0.02050,0.97595,0.00355
239.00250,0.99500,0.23112,0.16443,0.60445
240.00250,0.99500,0.01755,0.46055,0.52190
241.00250,0.99500,0.04180,0.57018,0.38802
242.00250,0.99500,0.02288,0.77550,0.20162
243.00250,0.99500,0.04327,0.39324,0.56349
244.00250,0.99500,0.02090,0.73213,0.24697
245.00250,0.99500,0.02940,0.84055,0.13005
246.00250,0.99500,0.12779,0.18838,0.68383
247.00250,0.99500,0.02778,0.12571,0.84651
248.00250,0.99500,0.01394,0.78195,0.20411
249.00250,0.99500,0.99999,0.00000,0.00001
250.00250,0.99500,1.00000,0.00000,0.00000
251.00250,0.99500,1.00000,0.00000,0.00000
252.00250,0.99500,0.97712,0.02288,0.00000
253.00250,0.99500,1.00000,0.00000,0.00000
254.00250,0.99500,1.00000,0.00000,0.00000
255.00250,0.99500,1.00000,0.00000,0.00000
256.00250,0.99500,1.00000,0.00000,0.00000
257.00250,0.99500,1.00000,0.00000,0.00000
258.00250,0.99500,1.00000,0.00000,0.00000
259.00250,0.99500,1.00000,0.00000,0.00000
260.00250,0.99500,1.00000,0.00000,0.00000
261.00250,0.99500,1.00000,0.00000,0.00000
262.00250,0.99500,1.00000,0.00000,0.00000
263.00250,0.99500,0.99864,0.00000,0.00136
264.00250,0.99500,1.00000,0.00000,0.00000
265.00250,0.99500,0.99997,0.00003,0.00000
266.00250,0.99500,1.00000,0.00000,0.00000
267.00250,0.99500,0.99998,0.00002,0.00000
268.00250,0.99500,1.00000,0.00000,0.00000
269.00250,0.99500,1.00000,0.00000,0.00000
270.00250,0.99500,1.00000,0.00000,0.00000
271.00250,0.99500,0.99977,0.00022,0.00001
272.00250,0.99500,0.99977,0.00011,0.00012
273.00250,0.99500,1.00000,0.00000,0.00000
274.00250,0.99500,1.00000,0.00000,0.00000
275.00250,0.99500,0.99980,0.00000,0.00020
276.00250,0.99500,1.00000,0.00000,0.00000
277.00250,0.99500,0.99999,0.00001,0.00000
278.00250,0.99500,0.99803,0.00000,0.00197
279.00250,0.99500,1.00000,0.00000,0.00000
280.00250,0.99500,1.00000,0.00000,0.00000
281.00250,0.99500,0.99542,0.00002,0.00456
282.00250,0.99500,1.00000,0.00000,0.00000
283.00250,0.99500,0.99467,0.00533,0.00000
284.00250,0.99500,1.00000,0.00000,0.00000
285.00250,0.99500,1.00000,0.00000,0.00000
286.00250,0.99500,1.00000,0.00000,0.00000
287.00250,0.99500,1.00000,0.00000,0.00000
288.00250,0.99500,1.00000,0.00000,0.00000
289.00250,0.99500,1.00000,0.00000,0.00000
290.00250,0.99500,1.00000,0.00000,0.00000
291.00250,0.99500,1.00000,0.00000,0.00000
292.00250,0.99500,1.00000,0.00000,0.00000
293.00250,0.99500,1.00000,0.00000,0.00000
294.00250,0.99500,1.00000,0.00000,0.00000
295.00250,0.99500,1.00000,0.00000,0.00000
296.00250,0.99500,0.99985,0.00000,0.00015
297.00250,0.99500,1.00000,0.00000,0.00000
298.00250,0.99500,1.00000,0.00000,0.00000
299.00250,0.99500,1.00000,0.00000,0.00000
