Time (seconds), Duration (seconds),pred_(unlabeled),pred_table,pred_empty_box
0.00250,0.99500,0.00003,0.00032,0.99964
1.00250,0.99500,0.00003,0.00083,0.99913
2.00250,0.99500,0.00034,0.00451,0.99515
3.00250,0.99500,0.00011,0.00035,0.99953
4.00250,0.99500,0.00815,0.00007,0.99177
5.00250,0.99500,0.00062,0.00085,0.99853
6.00250,0.99500,0.00022,0.00006,0.99972
7.00250,0.99500,0.00136,0.00035,0.99829
8.00250,0.99500,0.00052,0.00004,0.99944
9.00250,0.99500,0.00041,0.00040,0.99920
10.00250,0.99500,0.00821,0.00022,0.99157
11.00250,0.99500,0.94431,0.00002,0.05567
12.00250,0.99500,1.00000,0.00000,0.00000
13.00250,0.99500,0.99912,0.00000,0.00088
14.00250,0.99500,0.07590,0.90532,0.01878
15.00250,0.99500,0.21669,0.76659,0.01672
16.00250,0.99500,0.00609,0.99366,0.00025
17.00250,0.99500,0.00138,0.18171,0.81690
18.00250,0.99500,0.00163,0.02969,0.96868
19.00250,0.99500,0.03819,0.93792,0.02389
20.00250,0.99500,0.00640,0.03628,0.95732
21.00250,0.99500,0.00424,0.50772,0.48805
22.00250,0.99500,0.01794,0.65944,0.32262
23.00250,0.99500,0.00092,0.00905,0.99003
24.00250,0.99500,0.03864,0.43934,0.52201
25.00250,0.99500,0.08109,0.49486,0.42404
26.00250,0.99500,0.00376,0.98885,0.00740
27.00250,0.99500,0.00091,0.99865,0.00045
28.00250,0.99500,0.01723,0.98055,0.00222
29.00250,0.99500,0.00889,0.97735,0.01376
30.00250,0.99500,0.02650,0.97280,0.00070
31.00250,0.99500,0.04799,0.93091,0.02111
32.00250,0.99500,0.00044,0.13647,0.86309
33.00250,0.99500,0.02006,0.96327,0.01667
34.00250,0.99500,0.00054,0.99264,0.00682
35.00250,0.99500,0.00126,0.95175,0.04699
36.00250,0.99500,0.00260,0.99711,0.00029
37.00250,0.99500,0.04526,0.92953,0.02520
38.00250,0.99500,0.00082,0.08793,0.91126
39.00250,0.99500,0.06997,0.21586,0.71417
40.00250,0.99500,0.02494,0.42139,0.55367
41.00250,0.99500,0.00296,0.21750,0.77953
42.00250,0.99500,0.00949,0.56281,0.42770
43.00250,0.99500,0.01844,0.88851,0.09305
44.00250,0.99500,0.00016,0.00942,0.99042
45.00250,0.99500,0.01745,0.76386,0.21869
46.00250,0.99500,0.00209,0.06323,0.93468
47.00250,0.99500,0.02242,0.09226,0.88532
48.00250,0.99500,0.03207,0.93678,0.03115
49.00250,0.99500,0.16042,0.00739,0.83219
50.00250,0.99500,0.05886,0.00056,0.94058
51.00250,0.99500,0.74067,0.25107,0.00826
52.00250,0.99500,0.50071,0.48933,0.00996
53.00250,0.99500,0.18225,0.09992,0.71783
54.00250,0.99500,0.12862,0.86952,0.00186
55.00250,0.99500,0.18800,0.75402,0.05798
56.00250,0.99500,0.00199,0.99102,0.00699
57.00250,0.99500,0.08016,0.81511,0.10473
58.00250,0.99500,0.16661,0.30180,0.53159
59.00250,0.99500,0.02494,0.83784,0.13723
60.00250,0.99500,0.01896,0.00587,0.97517
61.00250,0.99500,0.01631,0.62223,0.36146
62.00250,0.99500,0.01210,0.08519,0.90271
63.00250,0.99500,0.01204,0.68727,0.30069
64.00250,0.99500,0.16576,0.73743,0.09681
65.00250,0.99500,0.54509,0.43795,0.01695
66.00250,0.99500,0.04681,0.29546,0.65772
67.00250,0.99500,0.01080,0.45174,0.53746
68.00250,0.99500,0.04888,0.93285,0.01827
69.00250,0.99500,0.01370,0.98426,0.00204
70.00250,0.99500,0.01305,0.96411,0.02284
71.00250,0.99500,1.00000,0.00000,0.00000
72.00250,0.99500,1.00000,0.00000,0.00000
73.00250,0.99500,1.00000,0.00000,0.00000
74.00250,0.99500,0.01017,0.79701,0.19282
75.00250,0.99500,0.00688,0.09928,0.89384
76.00250,0.99500,0.00521,0.98897,0.00582
77.00250,0.99500,0.00124,0.97449,0.02427
78.00250,0.99500,0.00631,0.98202,0.01168
79.00250,0.99500,0.00142,0.95069,0.04789
80.00250,0.99500,0.00025,0.84809,0.15167
81.00250,0.99500,0.00027,0.93421,0.06551
82.00250,0.99500,0.00063,0.99927,0.00010
83.00250,0.99500,0.00011,0.20835,0.79154
84.00250,0.99500,0.00046,0.64717,0.35237
85.00250,0.99500,0.00002,0.02387,0.97611
86.00250,0.99500,0.00011,0.86838,0.13150
87.00250,0.99500,0.00010,0.52080,0.47910
88.00250,0.99500,0.00215,0.83142,0.16643
89.00250,0.99500,0.00031,0.99199,0.00770
90.00250,0.99500,0.00008,0.99182,0.00810
91.00250,0.99500,0.00007,0.99755,0.00238
92.00250,0.99500,0.00009,0.99334,0.00658
93.00250,0.99500,0.00036,0.95379,0.04585
94.00250,0.99500,0.00045,0.88862,0.11093
95.00250,0.99500,0.00018,0.99601,0.00380
96.00250,0.99500,0.00001,0.99563,0.00435
97.00250,0.99500,0.00001,0.99707,0.00292
98.00250,0.99500,0.00000,0.79337,0.20662
99.00250,0.99500,0.00001,0.99400,0.00598
100.00250,0.99500,0.00153,0.64667,0.35180
101.00250,0.99500,0.00004,0.82110,0.17887
102.00250,0.99500,0.00020,0.92655,0.07326
103.00250,0.99500,0.00013,0.74316,0.25671
104.00250,0.99500,0.00065,0.22047,0.77887
105.00250,0.99500,0.00227,0.31253,0.68520
106.00250,0.99500,0.00009,0.10007,0.89984
107.00250,0.99500,0.00023,0.00671,0.99306
108.00250,0.99500,0.01775,0.72914,0.25312
109.00250,0.99500,0.00064,0.05115,0.94821
110.00250,0.99500,0.01956,0.55322,0.42722
111.00250,0.99500,0.01490,0.05865,0.92645
112.00250,0.99500,0.00331,0.76345,0.23324
113.00250,0.99500,0.01100,0.72405,0.26494
114.00250,0.99500,0.00068,0.44241,0.55692
115.00250,0.99500,0.01833,0.98133,0.00034
116.00250,0.99500,0.00177,0.84885,0.14938
117.00250,0.99500,0.03439,0.49360,0.47200
118.00250,0.99500,0.00293,0.85386,0.14321
119.00250,0.99500,0.00075,0.97970,0.01954
120.00250,0.99500,0.00078,0.89529,0.10394
121.00250,0.99500,0.00014,0.90615,0.09372
122.00250,0.99500,0.00877,0.79414,0.19709
123.00250,0.99500,0.00309,0.99583,0.00108
124.00250,0.99500,0.00144,0.81532,0.18324
125.00250,0.99500,0.00007,0.12784,0.87209
126.00250,0.99500,0.00052,0.24051,0.75897
127.00250,0.99500,0.00003,0.81214,0.18784
128.00250,0.99500,0.00008,0.05088,0.94904
129.00250,0.99500,0.00387,0.26134,0.73479
130.00250,0.99500,0.00004,0.68506,0.31490
131.00250,0.99500,0.00081,0.05550,0.94369
132.00250,0.99500,0.00007,0.89984,0.10009
133.00250,0.99500,0.00363,0.34240,0.65396
134.00250,0.99500,0.00019,0.92758,0.07223
135.00250,0.99500,0.02721,0.96435,0.00844
136.00250,0.99500,0.00304,0.96451,0.03244
137.00250,0.99500,0.00038,0.55465,0.44497
138.00250,0.99500,0.39718,0.58703,0.01579
139.00250,0.99500,0.36310,0.28059,0.35631
140.00250,0.99500,0.01445,0.02502,0.96052
141.00250,0.99500,0.00039,0.86062,0.13899
142.00250,0.99500,0.00672,0.98203,0.01125
143.00250,0.99500,0.87881,0.11159,0.00960
144.00250,0.99500,0.83450,0.12827,0.03723
145.00250,0.99500,0.33150,0.57360,0.09490
146.00250,0.99500,0.37480,0.61731,0.00789
147.00250,0.99500,0.02787,0.70125,0.27088
148.00250,0.99500,0.22965,0.76438,0.00597
149.00250,0.99500,0.79375,0.19954,0.00671
150.00250,0.99500,0.03193,0.35490,0.61317
151.00250,0.99500,0.00064,0.03049,0.96887
152.00250,0.99500,0.02602,0.93770,0.03627
153.00250,0.99500,0.00605,0.98871,0.00523
154.00250,0.99500,0.02293,0.90465,0.07242
155.00250,0.99500,0.00151,0.98756,0.01094
156.00250,0.99500,0.03926,0.91128,0.04946
157.00250,0.99500,0.00439,0.68917,0.30643
158.00250,0.99500,0.00314,0.21096,0.78590
159.00250,0.99500,0.00037,0.70817,0.29145
160.00250,0.99500,0.00025,0.99143,0.00832
161.00250,0.99500,0.00065,0.77441,0.22495
162.00250,0.99500,0.00094,0.61332,0.38573
163.00250,0.99500,0.00440,0.81955,0.17606
164.00250,0.99500,0.00694,0.67236,0.32070
165.00250,0.99500,0.01089,0.96237,0.02674
166.00250,0.99500,0.03928,0.96022,0.00051
167.00250,0.99500,0.01105,0.98628,0.00267
168.00250,0.99500,0.00139,0.81001,0.18860
169.00250,0.99500,0.00751,0.89875,0.09373
170.00250,0.99500,0.00200,0.92988,0.06812
171.00250,0.99500,0.00046,0.99686,0.00268
172.00250,0.99500,0.01982,0.15931,0.82087
173.00250,0.99500,0.00224,0.99635,0.00141
174.00250,0.99500,0.01211,0.98725,0.00064
175.00250,0.99500,0.00185,0.96310,0.03505
176.00250,0.99500,0.00153,0.95412,0.04435
177.00250,0.99500,0.00825,0.91988,0.07187
178.00250,0.99500,1.00000,0.00000,0.00000
179.00250,0.99500,1.00000,0.00000,0.00000
180.00250,0.99500,1.00000,0.00000,0.00000
181.00250,0.99500,1.00000,0.00000,0.00000
182.00250,0.99500,1.00000,0.00000,0.00000
183.00250,0.99500,1.00000,0.00000,0.00000
184.00250,0.99500,0.99983,0.00005,0.00012
185.00250,0.99500,1.00000,0.00000,0.00000
186.00250,0.99500,0.99998,0.00001,0.00001
187.00250,0.99500,0.97676,0.02287,0.00036
188.00250,0.99500,1.00000,0.00000,0.00000
189.00250,0.99500,1.00000,0.00000,0.00000
190.00250,0.99500,1.00000,0.00000,0.00000
191.00250,0.99500,0.99690,0.00001,0.00309
192.00250,0.99500,0.98625,0.01374,0.00001
193.00250,0.99500,0.99986,0.00000,0.00014
194.00250,0.99500,0.99992,0.00003,0.00005
195.00250,0.99500,1.00000,0.00000,0.00000
196.00250,0.99500,0.63235,0.00012,0.36754
197.00250,0.99500,0.99985,0.00010,0.00005
198.00250,0.99500,0.99998,0.00000,0.00002
199.00250,0.99500,1.00000,0.00000,0.00000
200.00250,0.99500,0.98895,0.00001,0.01105
201.00250,0.99500,1.00000,0.00000,0.00000
202.00250,0.99500,1.00000,0.00000,0.00000
203.00250,0.99500,1.00000,0.00000,0.00000
204.00250,0.99500,0.99986,0.00000,0.00014
205.00250,0.99500,1.00000,0.00000,0.00000
206.00250,0.99500,1.00000,0.00000,0.00000
207.00250,0.99500,1.00000,0.00000,0.00000
208.00250,0.99500,1.00000,0.00000,0.00000
209.00250,0.99500,1.00000,0.00000,0.00000
210.00250,0.99500,1.00000,0.00000,0.00000
211.00250,0.99500,0.99999,0.00000,0.00001
212.00250,0.99500,1.00000,0.00000,0.00000
213.00250,0.99500,1.00000,0.00000,0.00000
214.00250,0.99500,1.00000,0.00000,0.00000
215.00250,0.99500,1.00000,0.00000,0.00000
216.00250,0.99500,0.99886,0.00000,0.00114
217.00250,0.99500,0.99980,0.00012,0.00008
218.00250,0.99500,1.00000,0.00000,0.00000
219.00250,0.99500,0.99999,0.00001,0.00000
220.00250,0.99500,1.00000,0.00000,0.00000
221.00250,0.99500,1.00000,0.00000,0.00000
222.00250,0.99500,1.00000,0.00000,0.00000
223.00250,0.99500,1.00000,0.00000,0.00000
224.00250,0.99500,0.97290,0.02702,0.00008
225.00250,0.99500,1.00000,0.00000,0.00000
226.00250,0.99500,0.99985,0.00015,0.00000
227.00250,0.99500,1.00000,0.00000,0.00000
228.00250,0.99500,1.00000,0.00000,0.00000
229.00250,0.99500,1.00000,0.00000,0.00000
230.00250,0.99500,1.00000,0.00000,0.00000
231.00250,0.99500,0.99996,0.00003,0.00000
232.00250,0.99500,1.00000,0.00000,0.00000
233.00250,0.99500,1.00000,0.00000,0.00000
234.00250,0.99500,1.00000,0.00000,0.00000
235.00250,0.99500,1.00000,0.00000,0.00000
236.00250,0.99500,0.99278,0.00722,0.00000
237.00250,0.99500,0.99998,0.00002,0.00000
238.00250,0.99500,1.00000,0.00000,0.00000
239.00250,0.99500,0.99265,0.00735,0.00000
240.00250,0.99500,1.00000,0.00000,0.00000
241.00250,0.99500,1.00000,0.00000,0.00000
242.00250,0.99500,1.00000,0.00000,0.00000
243.00250,0.99500,1.00000,0.00000,0.00000
244.00250,0.99500,1.00000,0.00000,0.00000
245.00250,0.99500,1.00000,0.00000,0.00000
246.00250,0.99500,1.00000,0.00000,0.00000
247.00250,0.99500,1.00000,0.00000,0.00000
248.00250,0.99500,1.00000,0.00000,0.00000
249.00250,0.99500,1.00000,0.00000,0.00000
250.00250,0.99500,1.00000,0.00000,0.00000
251.00250,0.99500,1.00000,0.00000,0.00000
252.00250,0.99500,0.33378,0.50396,0.16226
253.00250,0.99500,0.00316,0.00613,0.99071
254.00250,0.99500,0.07724,0.09172,0.83105
255.00250,0.99500,0.87668,0.01520,0.10812
256.00250,0.99500,0.66448,0.00939,0.32613
257.00250,0.99500,0.36062,0.62011,0.01928
258.00250,0.99500,0.14193,0.83523,0.02284
259.00250,0.99500,0.76584,0.16162,0.07254
260.00250,0.99500,0.59650,0.36472,0.03879
261.00250,0.99500,0.06156,0.44010,0.49833
262.00250,0.99500,0.11603,0.77812,0.10585
263.00250,0.99500,0.05010,0.94175,0.00815
264.00250,0.99500,0.09441,0.28566,0.61993
265.00250,0.99500,0.35826,0.32726,0.31447
266.00250,0.99500,0.19131,0.71250,0.09619
267.00250,0.99500,0.06198,0.90743,0.03058
268.00250,0.99500,0.04234,0.19410,0.76356
269.00250,0.99500,0.17045,0.14464,0.68491
270.00250,0.99500,0.15726,0.75367,0.08907
271.00250,0.99500,0.04268,0.85086,0.10645
272.00250,0.99500,0.01863,0.51117,0.47020
273.00250,0.99500,0.56482,0.30122,0.13396
274.00250,0.99500,0.09718,0.58423,0.31859
275.00250,0.99500,0.57197,0.13913,0.28890
276.00250,0.99500,0.14811,0.71334,0.13855
277.00250,0.99500,0.21536,0.66897,0.11567
278.00250,0.99500,0.10341,0.17599,0.72059
279.00250,0.99500,0.21415,0.10933,0.67653
280.00250,0.99500,0.64601,0.34452,0.00947
281.00250,0.99500,0.06132,0.74325,0.19543
282.00250,0.99500,0.04515,0.95447,0.00038
283.00250,0.99500,0.03469,0.27249,0.69282
284.00250,0.99500,0.16431,0.47210,0.36359
285.00250,0.99500,0.65912,0.08721,0.25368
286.00250,0.99500,0.01584,0.03365,0.95052
287.00250,0.99500,0.06814,0.40620,0.52566
288.00250,0.99500,0.02441,0.95931,0.01628
289.00250,0.99500,0.11339,0.78025,0.10636
290.00250,0.99500,0.35411,0.52800,0.11788
291.00250,0.99500,0.22799,0.22395,0.54806
292.00250,0.99500,0.08039,0.13650,0.78310
293.00250,0.99500,0.31668,0.61708,0.06625
294.00250,0.99500,0.24353,0.68958,0.06690
295.00250,0.99500,0.27358,0.72432,0.00210
296.00250,0.99500,0.04344,0.81899,0.13757
297.00250,0.99500,0.02012,0.29055,0.68932
298.00250,0.99500,0.07838,0.91832,0.00330
299.00250,0.99500,0.37495,0.61843,0.00662
