Time (seconds), Duration (seconds),pred_(unlabeled),pred_table,pred_empty_box
0.00250,0.99500,0.03894,0.16967,0.79139
1.00250,0.99500,0.14166,0.06598,0.79237
2.00250,0.99500,0.07450,0.58147,0.34403
3.00250,0.99500,0.01857,0.51320,0.46823
4.00250,0.99500,0.04909,0.16843,0.78248
5.00250,0.99500,0.02623,0.95628,0.01749
6.00250,0.99500,0.00377,0.99458,0.00165
7.00250,0.99500,0.07747,0.24866,0.67387
8.00250,0.99500,0.01919,0.74554,0.23527
9.00250,0.99500,0.01032,0.60460,0.38508
10.00250,0.99500,0.01360,0.66464,0.32176
11.00250,0.99500,0.05262,0.25105,0.69633
12.00250,0.99500,0.02978,0.57938,0.39084
13.00250,0.99500,0.02188,0.72354,0.25458
14.00250,0.99500,0.00840,0.31703,0.67457
15.00250,0.99500,0.01451,0.79469,0.19081
16.00250,0.99500,0.01110,0.64741,0.34149
17.00250,0.99500,0.05885,0.42321,0.51794
18.00250,0.99500,0.01869,0.29855,0.68276
19.00250,0.99500,0.06728,0.09670,0.83602
20.00250,0.99500,0.02728,0.20764,0.76508
21.00250,0.99500,0.01661,0.84475,0.13864
22.00250,0.99500,0.05211,0.51327,0.43463
23.00250,0.99500,0.04666,0.41981,0.53353
24.00250,0.99500,0.09505,0.48623,0.41872
25.00250,0.99500,0.00560,0.96194,0.03246
26.00250,0.99500,0.03111,0.86297,0.10592
27.00250,0.99500,0.10019,0.41961,0.48021
28.00250,0.99500,0.02270,0.07756,0.89975
29.00250,0.99500,0.03062,0.42461,0.54477
30.00250,0.99500,0.01081,0.93079,0.05840
31.00250,0.99500,0.11993,0.19291,0.68716
32.00250,0.99500,0.03817,0.34336,0.61847
33.00250,0.99500,0.04674,0.15173,0.80153
34.00250,0.99500,0.02662,0.59090,0.38247
35.00250,0.99500,0.04325,0.41058,0.54617
36.00250,0.99500,0.03761,0.66124,0.30115
37.00250,0.99500,0.03455,0.06962,0.89583
38.00250,0.99500,0.02010,0.16497,0.81493
39.00250,0.99500,0.03535,0.12284,0.84181
40.00250,0.99500,0.04183,0.48084,0.47732
41.00250,0.99500,0.00255,0.99383,0.00362
42.00250,0.99500,0.02995,0.42443,0.54562
43.00250,0.99500,0.02114,0.09168,0.88718
44.00250,0.99500,0.05451,0.61292,0.33258
45.00250,0.99500,0.02318,0.49644,0.48037
46.00250,0.99500,0.02124,0.39645,0.58231
47.00250,0.99500,0.03373,0.40336,0.56291
48.00250,0.99500,0.04370,0.13025,0.82605
49.00250,0.99500,0.02783,0.80557,0.16661
50.00250,0.99500,0.05118,0.54191,0.40690
51.00250,0.99500,0.01095,0.83194,0.15710
52.00250,0.99500,0.03302,0.47574,0.49124
53.00250,0.99500,0.04690,0.69812,0.25498
54.00250,0.99500,0.00641,0.94031,0.05328
55.00250,0.99500,0.00880,0.21409,0.77711
56.00250,0.99500,0.02149,0.04162,0.93689
57.00250,0.99500,0.03425,0.12072,0.84503
58.00250,0.99500,0.00910,0.01231,0.97859
59.00250,0.99500,0.05326,0.11092,0.83582
60.00250,0.99500,0.02320,0.43986,0.53693
61.00250,0.99500,0.01219,0.00824,0.97957
62.00250,0.99500,0.02162,0.23233,0.74604
63.00250,0.99500,0.01675,0.06169,0.92157
64.00250,0.99500,0.02341,0.16721,0.80938
65.00250,0.99500,0.00628,0.91703,0.07669
66.00250,0.99500,0.01349,0.82679,0.15972
67.00250,0.99500,0.03855,0.23272,0.72873
68.00250,0.99500,0.00993,0.75478,0.23530
69.00250,0.99500,0.01069,0.92453,0.06478
70.00250,0.99500,0.00391,0.98993,0.00616
71.00250,0.99500,0.01261,0.83599,0.15140
72.00250,0.99500,0.01935,0.80928,0.17137
73.00250,0.99500,0.01153,0.77980,0.20867
74.00250,0.99500,0.01574,0.52803,0.45624
75.00250,0.99500,0.01944,0.50916,0.47140
76.00250,0.99500,0.02900,0.67298,0.29802
77.00250,0.99500,0.01094,0.88723,0.10183
78.00250,0.99500,0.00391,0.95329,0.04281
79.00250,0.99500,0.04217,0.62797,0.32987
80.00250,0.99500,0.10691,0.69194,0.20115
81.00250,0.99500,0.00366,0.98319,0.01315
82.00250,0.99500,0.11897,0.64867,0.23237
83.00250,0.99500,0.00445,0.97396,0.02159
84.00250,0.99500,0.01544,0.41616,0.56840
85.00250,0.99500,0.01099,0.04300,0.94601
86.00250,0.99500,0.00681,0.43259,0.56060
87.00250,0.99500,0.00829,0.08392,0.90780
88.00250,0.99500,0.00583,0.00218,0.99199
89.00250,0.99500,0.03720,0.06312,0.89968
90.00250,0.99500,0.03741,0.18940,0.77320
91.00250,0.99500,0.01459,0.09975,0.88565
92.00250,0.99500,0.02591,0.03366,0.94043
93.00250,0.99500,0.03163,0.42510,0.54326
94.00250,0.99500,0.02176,0.15766,0.82058
95.00250,0.99500,0.04361,0.14231,0.81407
96.00250,0.99500,0.01070,0.28242,0.70688
97.00250,0.99500,0.01823,0.31256,0.66921
98.00250,0.99500,0.08949,0.14443,0.76608
99.00250,0.99500,0.03778,0.31042,0.65180
100.00250,0.99500,0.01063,0.49116,0.49821
101.00250,0.99500,0.00993,0.02578,0.96429
102.00250,0.99500,0.04472,0.23887,0.71641
103.00250,0.99500,0.03100,0.21572,0.75329
104.00250,0.99500,0.04197,0.31084,0.64719
105.00250,0.99500,0.02775,0.53398,0.43827
106.00250,0.99500,0.01932,0.47315,0.50753
107.00250,0.99500,0.13113,0.09277,0.77610
108.00250,0.99500,0.02171,0.05962,0.91866
109.00250,0.99500,0.02361,0.02159,0.95480
110.00250,0.99500,0.19352,0.62797,0.17852
111.00250,0.99500,1.00000,0.00000,0.00000
112.00250,0.99500,0.03539,0.00009,0.96453
113.00250,0.99500,0.01575,0.00015,0.98410
114.00250,0.99500,0.03463,0.00013,0.96524
115.00250,0.99500,0.03071,0.00012,0.96917
116.00250,0.99500,0.01266,0.00013,0.98720
117.00250,0.99500,0.01319,0.00012,0.98668
118.00250,0.99500,0.01204,0.00008,0.98788
119.00250,0.99500,0.02051,0.00008,0.97941
120.00250,0.99500,0.01964,0.00019,0.98017
121.00250,0.99500,0.00671,0.00003,0.99326
122.00250,0.99500,0.01703,0.00014,0.98283
123.00250,0.99500,0.01981,0.00011,0.98009
124.00250,0.99500,0.01898,0.00009,0.98093
125.00250,0.99500,0.00802,0.00006,0.99192
126.00250,0.99500,0.01746,0.00005,0.98249
127.00250,0.99500,0.04666,0.00011,0.95323
128.00250,0.99500,0.03657,0.00022,0.96322
129.00250,0.99500,0.01351,0.00010,0.98639
130.00250,0.99500,0.02045,0.00005,0.97950
131.00250,0.99500,0.01884,0.00008,0.98108
132.00250,0.99500,0.03431,0.00008,0.96561
133.00250,0.99500,0.03813,0.00012,0.96175
134.00250,0.99500,0.01365,0.00007,0.98628
135.00250,0.99500,0.02292,0.00013,0.97695
136.00250,0.99500,0.02685,0.00053,0.97262
137.00250,0.99500,0.01991,0.00029,0.97980
138.00250,0.99500,0.01612,0.00037,0.98351
139.00250,0.99500,0.02693,0.00023,0.97285
140.00250,0.99500,0.01169,0.00028,0.98803
141.00250,0.99500,0.01801,0.00026,0.98173
142.00250,0.99500,0.00765,0.00024,0.99212
143.00250,0.99500,0.00371,0.00007,0.99622
144.00250,0.99500,0.01866,0.00070,0.98064
145.00250,0.99500,0.01855,0.00051,0.98093
146.00250,0.99500,0.04722,0.00016,0.95262
147.00250,0.99500,0.01479,0.00012,0.98509
148.00250,0.99500,0.02328,0.00067,0.97605
149.00250,0.99500,0.01226,0.00054,0.98720
150.00250,0.99500,0.01816,0.00036,0.98148
151.00250,0.99500,0.02759,0.00191,0.97050
152.00250,0.99500,0.01082,0.00016,0.98901
153.00250,0.99500,0.02006,0.00094,0.97900
154.00250,0.99500,0.01835,0.00035,0.98131
155.00250,0.99500,0.01270,0.00037,0.98693
156.00250,0.99500,0.01518,0.00032,0.98450
157.00250,0.99500,0.02285,0.00021,0.97694
158.00250,0.99500,0.02205,0.00010,0.97785
159.00250,0.99500,0.02139,0.00018,0.97843
160.00250,0.99500,0.02766,0.00017,0.97218
161.00250,0.99500,0.02896,0.00043,0.97061
162.00250,0.99500,0.01744,0.00019,0.98237
163.00250,0.99500,0.02909,0.00009,0.97082
164.00250,0.99500,0.02104,0.00013,0.97883
165.00250,0.99500,0.01781,0.00007,0.98212
166.00250,0.99500,0.02741,0.00036,0.97224
167.00250,0.99500,0.01113,0.00010,0.98877
168.00250,0.99500,0.01946,0.00011,0.98043
169.00250,0.99500,0.01439,0.00009,0.98552
170.00250,0.99500,0.04422,0.00022,0.95557
171.00250,0.99500,0.01394,0.00013,0.98593
172.00250,0.99500,0.03738,0.00010,0.96252
173.00250,0.99500,0.02242,0.00018,0.97740
174.00250,0.99500,0.02003,0.00009,0.97988
175.00250,0.99500,0.02271,0.00025,0.97704
176.00250,0.99500,0.01197,0.00036,0.98767
177.00250,0.99500,0.00324,0.00003,0.99673
178.00250,0.99500,0.01606,0.00014,0.98380
179.00250,0.99500,0.01074,0.00020,0.98906
180.00250,0.99500,0.01536,0.00004,0.98460
181.00250,0.99500,0.02723,0.00010,0.97268
182.00250,0.99500,0.02117,0.00024,0.97859
183.00250,0.99500,0.04161,0.00025,0.95814
184.00250,0.99500,0.20649,0.00019,0.79332
185.00250,0.99500,0.99994,0.00000,0.00006
186.00250,0.99500,1.00000,0.00000,0.00000
187.00250,0.99500,0.03965,0.00024,0.96011
188.00250,0.99500,0.02287,0.00037,0.97676
189.00250,0.99500,0.01908,0.00009,0.98083
190.00250,0.99500,0.02810,0.00017,0.97173
191.00250,0.99500,0.01751,0.00012,0.98237
192.00250,0.99500,0.01390,0.00005,0.98605
193.00250,0.99500,0.01929,0.00011,0.98060
194.00250,0.99500,0.03772,0.00023,0.96204
195.00250,0.99500,0.00998,0.00023,0.98980
196.00250,0.99500,0.01736,0.00016,0.98248
197.00250,0.99500,0.03534,0.00021,0.96445
198.00250,0.99500,0.03260,0.00050,0.96690
199.00250,0.99500,0.02154,0.00019,0.97827
200.00250,0.99500,0.03309,0.00005,0.96685
201.00250,0.99500,0.01795,0.00009,0.98196
202.00250,0.99500,0.01971,0.00013,0.98017
203.00250,0.99500,0.03319,0.00030,0.96651
204.00250,0.99500,0.01920,0.00012,0.98068
205.00250,0.99500,0.01676,0.00006,0.98319
206.00250,0.99500,0.04095,0.00018,0.95887
207.00250,0.99500,0.05082,0.00015,0.94903
208.00250,0.99500,0.02913,0.00019,0.97068
209.00250,0.99500,0.05869,0.00088,0.94042
210.00250,0.99500,0.04648,0.00023,0.95329
211.00250,0.99500,0.03072,0.00005,0.96922
212.00250,0.99500,0.03752,0.00020,0.96229
213.00250,0.99500,0.02377,0.00016,0.97607
214.00250,0.99500,0.03208,0.00009,0.96783
215.00250,0.99500,0.01111,0.00006,0.98883
216.00250,0.99500,0.01097,0.00008,0.98895
217.00250,0.99500,0.03350,0.00022,0.96628
218.00250,0.99500,0.05607,0.00012,0.94381
219.00250,0.99500,0.93260,0.00030,0.06710
220.00250,0.99500,0.99997,0.00000,0.00003
221.00250,0.99500,0.99862,0.00136,0.00002
222.00250,0.99500,1.00000,0.00000,0.00000
223.00250,0.99500,0.89972,0.00000,0.10028
224.00250,0.99500,1.00000,0.00000,0.00000
225.00250,0.99500,0.85763,0.00000,0.14237
226.00250,0.99500,0.99479,0.00003,0.00518
227.00250,0.99500,0.99685,0.00000,0.00315
228.00250,0.99500,0.99998,0.00000,0.00002
229.00250,0.99500,0.99963,0.00000,0.00037
230.00250,0.99500,0.99996,0.00003,0.00001
231.00250,0.99500,1.00000,0.00000,0.00000
232.00250,0.99500,0.99988,0.00000,0.00012
233.00250,0.99500,0.99726,0.00000,0.00274
234.00250,0.99500,0.97881,0.00248,0.01871
235.00250,0.99500,1.00000,0.00000,0.00000
236.00250,0.99500,1.00000,0.00000,0.00000
237.00250,0.99500,0.04728,0.00312,0.94960
238.00250,0.99500,0.99999,0.00001,0.00001
239.00250,0.99500,1.00000,0.00000,0.00000
240.00250,0.99500,1.00000,0.00000,0.00000
241.00250,0.99500,0.99982,0.00000,0.00018
242.00250,0.99500,1.00000,0.00000,0.00000
243.00250,0.99500,1.00000,0.00000,0.00000
244.00250,0.99500,0.99988,0.00012,0.00000
245.00250,0.99500,0.95574,0.04400,0.00026
246.00250,0.99500,0.99814,0.00185,0.00001
247.00250,0.99500,0.99844,0.00144,0.00012
248.00250,0.99500,1.00000,0.00000,0.00000
249.00250,0.99500,1.00000,0.00000,0.00000
250.00250,0.99500,0.99964,0.00022,0.00014
251.00250,0.99500,1.00000,0.00000,0.00000
252.00250,0.99500,0.99999,0.00000,0.00000
253.00250,0.99500,1.00000,0.00000,0.00000
254.00250,0.99500,1.00000,0.00000,0.00000
255.00250,0.99500,0.99999,0.00001,0.00000
256.00250,0.99500,1.00000,0.00000,0.00000
257.00250,0.99500,1.00000,0.00000,0.00000
258.00250,0.99500,1.00000,0.00000,0.00000
259.00250,0.99500,0.99922,0.00077,0.00001
260.00250,0.99500,0.99982,0.00018,0.00000
261.00250,0.99500,1.00000,0.00000,0.00000
262.00250,0.99500,1.00000,0.00000,0.00000
263.00250,0.99500,1.00000,0.00000,0.00000
264.00250,0.99500,0.99936,0.00030,0.00034
265.00250,0.99500,1.00000,0.00000,0.00000
266.00250,0.99500,1.00000,0.00000,0.00000
267.00250,0.99500,1.00000,0.00000,0.00000
268.00250,0.99500,1.00000,0.00000,0.00000
269.00250,0.99500,0.99994,0.00006,0.00000
270.00250,0.99500,1.00000,0.00000,0.00000
271.00250,0.99500,1.00000,0.00000,0.00000
272.00250,0.99500,1.00000,0.00000,0.00000
273.00250,0.99500,1.00000,0.00000,0.00000
274.00250,0.99500,0.99981,0.00013,0.00006
275.00250,0.99500,1.00000,0.00000,0.00000
276.00250,0.99500,1.00000,0.00000,0.00000
277.00250,0.99500,1.00000,0.00000,0.00000
278.00250,0.99500,1.00000,0.00000,0.00000
279.00250,0.99500,1.00000,0.00000,0.00000
280.00250,0.99500,0.99986,0.00000,0.00014
281.00250,0.99500,1.00000,0.00000,0.00000
282.00250,0.99500,1.00000,0.00000,0.00000
283.00250,0.99500,0.99996,0.00004,0.00000
284.00250,0.99500,1.00000,0.00000,0.00000
285.00250,0.99500,1.00000,0.00000,0.00000
286.00250,0.99500,1.00000,0.00000,0.00000
287.00250,0.99500,1.00000,0.00000,0.00000
288.00250,0.99500,1.00000,0.00000,0.00000
289.00250,0.99500,1.00000,0.00000,0.00000
290.00250,0.99500,1.00000,0.00000,0.00000
291.00250,0.99500,0.99997,0.00003,0.00000
292.00250,0.99500,1.00000,0.00000,0.00000
293.00250,0.99500,1.00000,0.00000,0.00000
294.00250,0.99500,1.00000,0.00000,0.00000
295.00250,0.99500,1.00000,0.00000,0.00000
296.00250,0.99500,1.00000,0.00000,0.00000
297.00250,0.99500,1.00000,0.00000,0.00000
298.00250,0.99500,1.00000,0.00000,0.00000
299.00250,0.99500,1.00000,0.00000,0.00000
