Time (seconds), Duration (seconds),pred_(unlabeled),pred_empty_box,pred_table
0.00250,0.49500,0.00577,0.99099,0.00324
0.10250,0.49500,0.01086,0.98671,0.00244
0.20250,0.49500,0.01111,0.98621,0.00268
0.30250,0.49500,0.01797,0.97846,0.00357
0.40250,0.49500,0.01621,0.98133,0.00246
0.50250,0.49500,0.00550,0.98961,0.00489
0.60250,0.49500,0.00671,0.99006,0.00323
0.70250,0.49500,0.00430,0.99122,0.00448
0.80250,0.49500,0.00331,0.99395,0.00274
0.90250,0.49500,0.00732,0.99078,0.00190
1.00250,0.49500,0.01293,0.98516,0.00192
1.10250,0.49500,0.01419,0.98459,0.00123
1.20250,0.49500,0.00506,0.99250,0.00244
1.30250,0.49500,0.01210,0.98484,0.00306
1.40250,0.49500,0.00502,0.99159,0.00339
1.50250,0.49500,0.00457,0.99256,0.00287
1.60250,0.49500,0.00260,0.99432,0.00308
1.70250,0.49500,0.00434,0.99246,0.00320
1.80250,0.49500,0.00373,0.99230,0.00397
1.90250,0.49500,0.00378,0.99089,0.00534
2.00250,0.49500,0.00326,0.98838,0.00836
2.10250,0.49500,0.00659,0.98455,0.00886
2.20250,0.49500,0.01031,0.98635,0.00334
2.30250,0.49500,0.01023,0.97994,0.00983
2.40250,0.49500,0.01237,0.98551,0.00212
2.50250,0.49500,0.00391,0.99363,0.00246
2.60250,0.49500,0.00425,0.99383,0.00192
2.70250,0.49500,0.00377,0.99286,0.00338
2.80250,0.49500,0.00457,0.99275,0.00268
2.90250,0.49500,0.00630,0.98845,0.00525
3.00250,0.49500,0.01065,0.98444,0.00490
3.10250,0.49500,0.00897,0.98733,0.00370
3.20250,0.49500,0.01162,0.98629,0.00209
3.30250,0.49500,0.01488,0.98406,0.00107
3.40250,0.49500,0.02273,0.97577,0.00149
3.50250,0.49500,0.01876,0.98022,0.00102
3.60250,0.49500,0.01587,0.98064,0.00349
3.70250,0.49500,0.04463,0.95340,0.00197
3.80250,0.49500,0.02066,0.97335,0.00599
3.90250,0.49500,0.02205,0.97529,0.00265
4.00250,0.49500,0.00881,0.98455,0.00664
4.10250,0.49500,0.00347,0.99514,0.00139
4.20250,0.49500,0.00978,0.98663,0.00359
4.30250,0.49500,0.00958,0.98818,0.00224
4.40250,0.49500,0.00583,0.99180,0.00237
4.50250,0.49500,0.00369,0.99404,0.00227
4.60250,0.49500,0.00260,0.99330,0.00410
4.70250,0.49500,0.00157,0.99515,0.00328
4.80250,0.49500,0.00344,0.99202,0.00454
4.90250,0.49500,0.00536,0.99088,0.00376
5.00250,0.49500,0.00868,0.98700,0.00432
5.10250,0.49500,0.00652,0.99169,0.00179
5.20250,0.49500,0.00497,0.99293,0.00211
5.30250,0.49500,0.00320,0.99516,0.00164
5.40250,0.49500,0.00246,0.99591,0.00163
5.50250,0.49500,0.00526,0.99383,0.00091
5.60250,0.49500,0.00446,0.99432,0.00121
5.70250,0.49500,0.00877,0.98993,0.00129
5.80250,0.49500,0.00693,0.99167,0.00140
5.90250,0.49500,0.00920,0.98783,0.00296
6.00250,0.49500,0.13482,0.86211,0.00307
6.10250,0.49500,0.22074,0.77450,0.00475
6.20250,0.49500,0.13779,0.86137,0.00085
6.30250,0.49500,0.06903,0.92965,0.00131
6.40250,0.49500,0.01142,0.98628,0.00230
6.50250,0.49500,0.03546,0.96373,0.00081
6.60250,0.49500,0.05984,0.93842,0.00174
6.70250,0.49500,0.34921,0.64961,0.00117
6.80250,0.49500,0.38956,0.60843,0.00201
6.90250,0.49500,0.34914,0.64270,0.00816
7.00250,0.49500,0.40987,0.58672,0.00341
7.10250,0.49500,0.01963,0.97734,0.00302
7.20250,0.49500,0.00938,0.98588,0.00475
7.30250,0.49500,0.02434,0.97433,0.00133
7.40250,0.49500,0.01619,0.97837,0.00544
7.50250,0.49500,0.02617,0.97326,0.00057
7.60250,0.49500,0.01102,0.98470,0.00428
7.70250,0.49500,0.01248,0.98639,0.00113
7.80250,0.49500,0.00759,0.98871,0.00369
7.90250,0.49500,0.00867,0.99030,0.00102
8.00250,0.49500,0.00822,0.98741,0.00438
8.10250,0.49500,0.00839,0.99075,0.00086
8.20250,0.49500,0.00935,0.98911,0.00155
8.30250,0.49500,0.01178,0.98552,0.00270
8.40250,0.49500,0.00614,0.99159,0.00227
8.50250,0.49500,0.00980,0.98665,0.00355
8.60250,0.49500,0.01861,0.97567,0.00572
8.70250,0.49500,0.01762,0.97818,0.00421
8.80250,0.49500,0.02100,0.97160,0.00740
8.90250,0.49500,0.16911,0.82960,0.00129
9.00250,0.49500,0.36489,0.62267,0.01244
9.10250,0.49500,0.89408,0.10592,0.00000
9.20250,0.49500,0.99999,0.00001,0.00000
9.30250,0.49500,0.98799,0.01201,0.00000
9.40250,0.49500,1.00000,0.00000,0.00000
9.50250,0.49500,1.00000,0.00000,0.00000
9.60250,0.49500,1.00000,0.00000,0.00000
9.70250,0.49500,1.00000,0.00000,0.00000
9.80250,0.49500,1.00000,0.00000,0.00000
9.90250,0.49500,1.00000,0.00000,0.00000
10.00250,0.49500,1.00000,0.00000,0.00000
10.10250,0.49500,1.00000,0.00000,0.00000
10.20250,0.49500,1.00000,0.00000,0.00000
10.30250,0.49500,1.00000,0.00000,0.00000
10.40250,0.49500,1.00000,0.00000,0.00000
10.50250,0.49500,1.00000,0.00000,0.00000
10.60250,0.49500,1.00000,0.00000,0.00000
10.70250,0.49500,0.99969,0.00031,0.00000
10.80250,0.49500,0.99976,0.00024,0.00000
10.90250,0.49500,0.99997,0.00003,0.00000
11.00250,0.49500,0.99936,0.00063,0.00000
11.10250,0.49500,0.93845,0.06155,0.00000
11.20250,0.49500,0.97746,0.02254,0.00000
11.30250,0.49500,0.95349,0.04650,0.00001
11.40250,0.49500,0.97233,0.01376,0.01391
11.50250,0.49500,0.99048,0.00932,0.00020
11.60250,0.49500,0.99603,0.00005,0.00392
11.70250,0.49500,0.99996,0.00003,0.00000
11.80250,0.49500,0.71866,0.02933,0.25201
11.90250,0.49500,0.64560,0.20027,0.15414
12.00250,0.49500,0.45097,0.53212,0.01692
12.10250,0.49500,0.06792,0.92131,0.01077
12.20250,0.49500,0.14549,0.85444,0.00007
12.30250,0.49500,0.57578,0.42422,0.00000
12.40250,0.49500,0.91472,0.08526,0.00002
12.50250,0.49500,0.82974,0.17026,0.00000
12.60250,0.49500,0.47476,0.52523,0.00001
12.70250,0.49500,0.07695,0.92305,0.00000
12.80250,0.49500,0.13100,0.86900,0.00000
12.90250,0.49500,0.06686,0.93314,0.00000
13.00250,0.49500,0.02605,0.97395,0.00000
13.10250,0.49500,0.04353,0.95647,0.00000
13.20250,0.49500,0.01841,0.98159,0.00000
13.30250,0.49500,0.04478,0.95522,0.00000
13.40250,0.49500,0.03991,0.96009,0.00000
13.50250,0.49500,0.06139,0.93861,0.00000
13.60250,0.49500,0.03612,0.96388,0.00000
13.70250,0.49500,0.00658,0.99342,0.00000
13.80250,0.49500,0.00565,0.99435,0.00000
13.90250,0.49500,0.03501,0.96499,0.00000
14.00250,0.49500,0.02030,0.97970,0.00000
14.10250,0.49500,0.04136,0.95864,0.00000
14.20250,0.49500,0.03926,0.96074,0.00000
14.30250,0.49500,0.01208,0.98792,0.00000
14.40250,0.49500,0.01480,0.98520,0.00000
14.50250,0.49500,0.00874,0.99126,0.00000
14.60250,0.49500,0.01592,0.98408,0.00000
14.70250,0.49500,0.01817,0.98183,0.00000
14.80250,0.49500,0.06837,0.93163,0.00000
14.90250,0.49500,0.03447,0.96553,0.00000
15.00250,0.49500,0.01443,0.98557,0.00000
15.10250,0.49500,0.01564,0.98436,0.00000
15.20250,0.49500,0.01191,0.98809,0.00000
15.30250,0.49500,0.02704,0.97296,0.00000
15.40250,0.49500,0.11639,0.88361,0.00000
15.50250,0.49500,0.03398,0.96602,0.00000
15.60250,0.49500,0.03380,0.96620,0.00000
15.70250,0.49500,0.01138,0.98862,0.00000
15.80250,0.49500,0.01949,0.98051,0.00000
15.90250,0.49500,0.00557,0.99443,0.00000
16.00250,0.49500,0.01092,0.98908,0.00000
16.10250,0.49500,0.00914,0.99086,0.00000
16.20250,0.49500,0.01213,0.98787,0.00000
16.30250,0.49500,0.01389,0.98611,0.00000
16.40250,0.49500,0.01013,0.98987,0.00000
16.50250,0.49500,0.00638,0.99362,0.00000
16.60250,0.49500,0.00452,0.99548,0.00000
16.70250,0.49500,0.00921,0.99079,0.00000
16.80250,0.49500,0.01868,0.98132,0.00000
16.90250,0.49500,0.02927,0.97073,0.00000
17.00250,0.49500,0.00755,0.99245,0.00000
17.10250,0.49500,0.01068,0.98932,0.00000
17.20250,0.49500,0.00732,0.99268,0.00000
17.30250,0.49500,0.01616,0.98384,0.00000
17.40250,0.49500,0.00743,0.99257,0.00000
17.50250,0.49500,0.02617,0.97383,0.00000
17.60250,0.49500,0.00929,0.99071,0.00000
17.70250,0.49500,0.01214,0.98786,0.00000
17.80250,0.49500,0.01177,0.98823,0.00000
17.90250,0.49500,0.01758,0.98242,0.00000
18.00250,0.49500,0.00870,0.99130,0.00000
18.10250,0.49500,0.00791,0.99209,0.00000
18.20250,0.49500,0.00994,0.99006,0.00000
18.30250,0.49500,0.00378,0.99622,0.00000
18.40250,0.49500,0.00865,0.99135,0.00000
18.50250,0.49500,0.01011,0.98989,0.00000
18.60250,0.49500,0.00801,0.99199,0.00000
18.70250,0.49500,0.01177,0.98823,0.00000
18.80250,0.49500,0.00930,0.99070,0.00000
18.90250,0.49500,0.00904,0.99096,0.00000
19.00250,0.49500,0.01118,0.98882,0.00000
19.10250,0.49500,0.02544,0.97456,0.00000
19.20250,0.49500,0.01589,0.98411,0.00000
19.30250,0.49500,0.01515,0.98485,0.00000
19.40250,0.49500,0.00758,0.99242,0.00000
19.50250,0.49500,0.00628,0.99372,0.00000
19.60250,0.49500,0.00557,0.99443,0.00000
19.70250,0.49500,0.00456,0.99544,0.00000
19.80250,0.49500,0.01005,0.98995,0.00000
19.90250,0.49500,0.01822,0.98178,0.00000
20.00250,0.49500,0.02069,0.97931,0.00000
20.10250,0.49500,0.05109,0.94891,0.00000
20.20250,0.49500,0.01825,0.98175,0.00000
20.30250,0.49500,0.01412,0.98588,0.00000
20.40250,0.49500,0.02763,0.97237,0.00000
20.50250,0.49500,0.01577,0.98423,0.00000
20.60250,0.49500,0.00434,0.99566,0.00000
20.70250,0.49500,0.01376,0.98624,0.00000
20.80250,0.49500,0.00602,0.99398,0.00000
20.90250,0.49500,0.01244,0.98756,0.00000
21.00250,0.49500,0.01115,0.98885,0.00000
21.10250,0.49500,0.02190,0.97810,0.00000
21.20250,0.49500,0.00690,0.99310,0.00000
21.30250,0.49500,0.00722,0.99278,0.00000
21.40250,0.49500,0.00464,0.99536,0.00000
21.50250,0.49500,0.00902,0.99098,0.00000
21.60250,0.49500,0.00878,0.99122,0.00000
21.70250,0.49500,0.00987,0.99013,0.00000
21.80250,0.49500,0.04156,0.95844,0.00000
21.90250,0.49500,0.01856,0.98144,0.00000
22.00250,0.49500,0.01857,0.98143,0.00000
22.10250,0.49500,0.03142,0.96858,0.00000
22.20250,0.49500,0.00962,0.99038,0.00000
22.30250,0.49500,0.02003,0.97997,0.00000
22.40250,0.49500,0.02438,0.97562,0.00000
22.50250,0.49500,0.01569,0.98431,0.00000
22.60250,0.49500,0.01970,0.98030,0.00000
22.70250,0.49500,0.00737,0.99263,0.00000
22.80250,0.49500,0.01206,0.98794,0.00000
22.90250,0.49500,0.00348,0.99652,0.00000
23.00250,0.49500,0.00287,0.99713,0.00000
23.10250,0.49500,0.00632,0.99368,0.00000
23.20250,0.49500,0.00922,0.99078,0.00000
23.30250,0.49500,0.01419,0.98581,0.00000
23.40250,0.49500,0.01880,0.98120,0.00000
23.50250,0.49500,0.01255,0.98745,0.00000
23.60250,0.49500,0.01025,0.98975,0.00000
23.70250,0.49500,0.00456,0.99544,0.00000
23.80250,0.49500,0.00653,0.99347,0.00000
23.90250,0.49500,0.00839,0.99161,0.00000
24.00250,0.49500,0.00669,0.99331,0.00000
24.10250,0.49500,0.01399,0.98601,0.00000
24.20250,0.49500,0.01542,0.98458,0.00000
24.30250,0.49500,0.01076,0.98924,0.00000
24.40250,0.49500,0.01329,0.98671,0.00000
24.50250,0.49500,0.00969,0.99031,0.00000
24.60250,0.49500,0.00999,0.99001,0.00000
24.70250,0.49500,0.01021,0.98979,0.00000
24.80250,0.49500,0.01324,0.98676,0.00000
24.90250,0.49500,0.01394,0.98606,0.00000
25.00250,0.49500,0.01083,0.98917,0.00000
25.10250,0.49500,0.00984,0.99016,0.00000
25.20250,0.49500,0.01596,0.98404,0.00000
25.30250,0.49500,0.02155,0.97845,0.00000
25.40250,0.49500,0.02077,0.97923,0.00000
25.50250,0.49500,0.01913,0.98087,0.00000
25.60250,0.49500,0.00834,0.99166,0.00000
25.70250,0.49500,0.01078,0.98922,0.00000
25.80250,0.49500,0.01038,0.98962,0.00000
25.90250,0.49500,0.03284,0.96716,0.00000
26.00250,0.49500,0.05188,0.94812,0.00000
26.10250,0.49500,0.31206,0.68794,0.00000
26.20250,0.49500,0.80930,0.19070,0.00000
26.30250,0.49500,0.99999,0.00001,0.00000
26.40250,0.49500,1.00000,0.00000,0.00000
26.50250,0.49500,1.00000,0.00000,0.00000
26.60250,0.49500,1.00000,0.00000,0.00000
26.70250,0.49500,1.00000,0.00000,0.00000
26.80250,0.49500,1.00000,0.00000,0.00000
26.90250,0.49500,0.99999,0.00001,0.00000
27.00250,0.49500,0.99999,0.00001,0.00000
27.10250,0.49500,1.00000,0.00000,0.00000
27.20250,0.49500,1.00000,0.00000,0.00000
27.30250,0.49500,1.00000,0.00000,0.00000
27.40250,0.49500,1.00000,0.00000,0.00000
27.50250,0.49500,1.00000,0.00000,0.00000
27.60250,0.49500,0.99989,0.00003,0.00007
27.70250,0.49500,0.99932,0.00067,0.00002
27.80250,0.49500,0.99978,0.00004,0.00018
27.90250,0.49500,0.99778,0.00046,0.00176
28.00250,0.49500,0.74173,0.12567,0.13260
28.10250,0.49500,0.45348,0.03103,0.51549
28.20250,0.49500,0.13549,0.12624,0.73827
28.30250,0.49500,0.09318,0.27543,0.63139
28.40250,0.49500,0.08940,0.22693,0.68366
28.50250,0.49500,0.05055,0.15879,0.79066
28.60250,0.49500,0.08902,0.14089,0.77009
28.70250,0.49500,0.07751,0.08922,0.83327
28.80250,0.49500,0.03727,0.09888,0.86385
28.90250,0.49500,0.02225,0.07667,0.90108
29.00250,0.49500,0.01712,0.07029,0.91259
29.10250,0.49500,0.01231,0.08073,0.90696
29.20250,0.49500,0.01503,0.02612,0.95885
29.30250,0.49500,0.03904,0.02359,0.93737
29.40250,0.49500,0.18636,0.05959,0.75405
29.50250,0.49500,0.20968,0.04999,0.74033
29.60250,0.49500,0.36789,0.09839,0.53372
29.70250,0.49500,0.18234,0.11034,0.70732
29.80250,0.49500,0.14469,0.07368,0.78163
29.90250,0.49500,0.09752,0.02812,0.87436
30.00250,0.49500,0.01121,0.01596,0.97283
30.10250,0.49500,0.01479,0.02246,0.96275
30.20250,0.49500,0.02906,0.01802,0.95292
30.30250,0.49500,0.02352,0.01726,0.95922
30.40250,0.49500,0.01389,0.01218,0.97394
30.50250,0.49500,0.02757,0.03090,0.94153
30.60250,0.49500,0.01261,0.02603,0.96136
30.70250,0.49500,0.01092,0.01957,0.96951
30.80250,0.49500,0.01357,0.02325,0.96319
30.90250,0.49500,0.00467,0.01489,0.98044
31.00250,0.49500,0.01085,0.01362,0.97553
31.10250,0.49500,0.00959,0.01486,0.97555
31.20250,0.49500,0.02294,0.01784,0.95921
31.30250,0.49500,0.00963,0.00435,0.98602
31.40250,0.49500,0.00674,0.00441,0.98884
31.50250,0.49500,0.00386,0.00322,0.99293
31.60250,0.49500,0.00508,0.00751,0.98741
31.70250,0.49500,0.00546,0.01627,0.97826
31.80250,0.49500,0.00442,0.03302,0.96256
31.90250,0.49500,0.00293,0.03440,0.96267
32.00250,0.49500,0.00376,0.00992,0.98632
32.10250,0.49500,0.00341,0.00723,0.98936
32.20250,0.49500,0.00610,0.00219,0.99171
32.30250,0.49500,0.00936,0.00247,0.98817
32.40250,0.49500,0.00641,0.00119,0.99240
32.50250,0.49500,0.00349,0.00145,0.99506
32.60250,0.49500,0.00387,0.00131,0.99482
32.70250,0.49500,0.00356,0.00138,0.99505
32.80250,0.49500,0.00242,0.00299,0.99459
32.90250,0.49500,0.00322,0.00316,0.99362
33.00250,0.49500,0.00517,0.00379,0.99105
33.10250,0.49500,0.00668,0.01052,0.98280
33.20250,0.49500,0.01764,0.01506,0.96730
33.30250,0.49500,0.02716,0.02945,0.94339
33.40250,0.49500,0.01855,0.02087,0.96057
33.50250,0.49500,0.01420,0.04971,0.93608
33.60250,0.49500,0.00823,0.03334,0.95843
33.70250,0.49500,0.00888,0.02524,0.96588
33.80250,0.49500,0.00466,0.02024,0.97510
33.90250,0.49500,0.00345,0.00781,0.98874
34.00250,0.49500,0.00447,0.00490,0.99062
34.10250,0.49500,0.00757,0.00976,0.98267
34.20250,0.49500,0.01447,0.01167,0.97386
34.30250,0.49500,0.01215,0.01965,0.96821
34.40250,0.49500,0.00772,0.04202,0.95027
34.50250,0.49500,0.00893,0.05214,0.93893
34.60250,0.49500,0.00401,0.01637,0.97961
34.70250,0.49500,0.00403,0.01347,0.98250
34.80250,0.49500,0.00184,0.00260,0.99555
34.90250,0.49500,0.00624,0.00183,0.99193
35.00250,0.49500,0.00981,0.00224,0.98794
35.10250,0.49500,0.00981,0.00230,0.98790
35.20250,0.49500,0.02917,0.00748,0.96334
35.30250,0.49500,0.02685,0.01013,0.96302
35.40250,0.49500,0.01275,0.00477,0.98248
35.50250,0.49500,0.00908,0.00451,0.98641
35.60250,0.49500,0.00787,0.01327,0.97886
35.70250,0.49500,0.00326,0.00667,0.99007
35.80250,0.49500,0.00299,0.00702,0.99000
35.90250,0.49500,0.00271,0.00692,0.99037
36.00250,0.49500,0.00309,0.00375,0.99316
36.10250,0.49500,0.03547,0.02234,0.94219
36.20250,0.49500,0.04922,0.02651,0.92427
36.30250,0.49500,0.02286,0.01985,0.95729
36.40250,0.49500,0.00848,0.01369,0.97783
36.50250,0.49500,0.00285,0.01161,0.98554
36.60250,0.49500,0.00398,0.02108,0.97494
36.70250,0.49500,0.00311,0.02798,0.96890
36.80250,0.49500,0.01558,0.04695,0.93748
36.90250,0.49500,0.03061,0.05356,0.91583
37.00250,0.49500,0.09727,0.05669,0.84604
37.10250,0.49500,0.15074,0.02459,0.82466
37.20250,0.49500,0.16586,0.02042,0.81372
37.30250,0.49500,0.09857,0.03150,0.86993
37.40250,0.49500,0.06792,0.04330,0.88878
37.50250,0.49500,0.02913,0.01672,0.95415
37.60250,0.49500,0.01469,0.02622,0.95909
37.70250,0.49500,0.00657,0.01074,0.98269
37.80250,0.49500,0.01257,0.01562,0.97180
37.90250,0.49500,0.03057,0.03835,0.93108
38.00250,0.49500,0.06101,0.03234,0.90666
38.10250,0.49500,0.04110,0.02639,0.93251
38.20250,0.49500,0.05247,0.04682,0.90072
38.30250,0.49500,0.05638,0.03970,0.90393
38.40250,0.49500,0.04293,0.05253,0.90454
38.50250,0.49500,0.13969,0.08040,0.77991
38.60250,0.49500,0.11566,0.13092,0.75342
38.70250,0.49500,0.03338,0.04934,0.91728
38.80250,0.49500,0.02288,0.05803,0.91909
38.90250,0.49500,0.00658,0.09704,0.89638
39.00250,0.49500,0.01591,0.09305,0.89104
39.10250,0.49500,0.12974,0.08726,0.78301
39.20250,0.49500,0.33872,0.08574,0.57554
39.30250,0.49500,0.56208,0.05501,0.38290
39.40250,0.49500,0.97556,0.00381,0.02063
39.50250,0.49500,0.99813,0.00102,0.00085
39.60250,0.49500,0.99989,0.00004,0.00007
39.70250,0.49500,0.99997,0.00001,0.00002
39.80250,0.49500,0.99987,0.00003,0.00010
39.90250,0.49500,0.99991,0.00001,0.00008
40.00250,0.49500,0.99999,0.00000,0.00001
40.10250,0.49500,0.99997,0.00002,0.00000
40.20250,0.49500,0.99992,0.00004,0.00005
40.30250,0.49500,1.00000,0.00000,0.00000
40.40250,0.49500,0.99997,0.00003,0.00000
40.50250,0.49500,0.99965,0.00012,0.00024
40.60250,0.49500,0.99998,0.00001,0.00001
40.70250,0.49500,0.99921,0.00079,0.00000
40.80250,0.49500,0.99066,0.00934,0.00000
40.90250,0.49500,0.99357,0.00640,0.00003
41.00250,0.49500,0.94706,0.05294,0.00000
41.10250,0.49500,0.51401,0.48599,0.00000
41.20250,0.49500,0.42127,0.57873,0.00000
41.30250,0.49500,0.09982,0.90017,0.00000
41.40250,0.49500,0.04324,0.95676,0.00000
41.50250,0.49500,0.01698,0.98302,0.00000
41.60250,0.49500,0.20558,0.79442,0.00000
41.70250,0.49500,0.17120,0.82880,0.00000
41.80250,0.49500,0.42563,0.57437,0.00000
41.90250,0.49500,0.37294,0.62706,0.00000
42.00250,0.49500,0.30409,0.69583,0.00007
42.10250,0.49500,0.02727,0.97272,0.00001
42.20250,0.49500,0.01200,0.98798,0.00001
42.30250,0.49500,0.02848,0.97150,0.00002
42.40250,0.49500,0.02233,0.97766,0.00001
42.50250,0.49500,0.01732,0.98267,0.00001
42.60250,0.49500,0.01888,0.98109,0.00003
42.70250,0.49500,0.06533,0.93465,0.00002
42.80250,0.49500,0.04571,0.95428,0.00001
42.90250,0.49500,0.15369,0.84629,0.00002
43.00250,0.49500,0.02830,0.97169,0.00001
43.10250,0.49500,0.01148,0.98852,0.00000
43.20250,0.49500,0.01756,0.98241,0.00003
43.30250,0.49500,0.02772,0.97227,0.00001
43.40250,0.49500,0.01344,0.98654,0.00002
43.50250,0.49500,0.01142,0.98858,0.00000
43.60250,0.49500,0.01291,0.98707,0.00002
43.70250,0.49500,0.01698,0.98301,0.00000
43.80250,0.49500,0.01246,0.98753,0.00001
43.90250,0.49500,0.00808,0.99192,0.00000
44.00250,0.49500,0.00577,0.99423,0.00000
44.10250,0.49500,0.00682,0.99318,0.00001
44.20250,0.49500,0.00633,0.99367,0.00001
44.30250,0.49500,0.00372,0.99627,0.00000
44.40250,0.49500,0.01041,0.98958,0.00001
44.50250,0.49500,0.01307,0.98693,0.00001
44.60250,0.49500,0.09809,0.90189,0.00002
44.70250,0.49500,0.01752,0.98247,0.00001
44.80250,0.49500,0.03174,0.96826,0.00000
44.90250,0.49500,0.00591,0.99408,0.00001
45.00250,0.49500,0.00548,0.99452,0.00000
45.10250,0.49500,0.00443,0.99556,0.00001
45.20250,0.49500,0.00543,0.99457,0.00000
45.30250,0.49500,0.00844,0.99156,0.00000
45.40250,0.49500,0.02194,0.97805,0.00000
45.50250,0.49500,0.01758,0.98242,0.00000
45.60250,0.49500,0.01955,0.98044,0.00001
45.70250,0.49500,0.01573,0.98424,0.00003
45.80250,0.49500,0.00606,0.99394,0.00000
45.90250,0.49500,0.00321,0.99678,0.00001
46.00250,0.49500,0.00551,0.99448,0.00001
46.10250,0.49500,0.02053,0.97947,0.00000
46.20250,0.49500,0.04813,0.95186,0.00001
46.30250,0.49500,0.01507,0.98492,0.00001
46.40250,0.49500,0.01781,0.98217,0.00002
46.50250,0.49500,0.00462,0.99538,0.00000
46.60250,0.49500,0.01358,0.98642,0.00000
46.70250,0.49500,0.01487,0.98513,0.00000
46.80250,0.49500,0.01021,0.98979,0.00000
46.90250,0.49500,0.01193,0.98807,0.00000
47.00250,0.49500,0.01533,0.98467,0.00000
47.10250,0.49500,0.01929,0.98071,0.00000
47.20250,0.49500,0.01326,0.98673,0.00000
47.30250,0.49500,0.01130,0.98870,0.00000
47.40250,0.49500,0.00547,0.99453,0.00001
47.50250,0.49500,0.00655,0.99345,0.00001
47.60250,0.49500,0.00664,0.99335,0.00001
47.70250,0.49500,0.00635,0.99364,0.00000
47.80250,0.49500,0.00868,0.99132,0.00000
47.90250,0.49500,0.00207,0.99792,0.00000
48.00250,0.49500,0.00217,0.99782,0.00000
48.10250,0.49500,0.00644,0.99356,0.00000
48.20250,0.49500,0.02835,0.97164,0.00001
48.30250,0.49500,0.02611,0.97388,0.00001
48.40250,0.49500,0.01071,0.98928,0.00001
48.50250,0.49500,0.02313,0.97687,0.00000
48.60250,0.49500,0.01225,0.98775,0.00001
48.70250,0.49500,0.02635,0.97365,0.00000
48.80250,0.49500,0.02478,0.97522,0.00001
48.90250,0.49500,0.01816,0.98183,0.00000
49.00250,0.49500,0.02306,0.97693,0.00001
49.10250,0.49500,0.00363,0.99637,0.00000
49.20250,0.49500,0.00720,0.99279,0.00001
49.30250,0.49500,0.00581,0.99418,0.00000
49.40250,0.49500,0.00394,0.99606,0.00000
49.50250,0.49500,0.00413,0.99587,0.00000
49.60250,0.49500,0.01388,0.98611,0.00001
49.70250,0.49500,0.01597,0.98403,0.00000
49.80250,0.49500,0.02087,0.97912,0.00001
49.90250,0.49500,0.01971,0.98028,0.00000
50.00250,0.49500,0.01977,0.98023,0.00001
50.10250,0.49500,0.01895,0.98104,0.00001
50.20250,0.49500,0.02516,0.97483,0.00001
50.30250,0.49500,0.00612,0.99388,0.00000
50.40250,0.49500,0.00631,0.99369,0.00000
50.50250,0.49500,0.01030,0.98969,0.00001
50.60250,0.49500,0.01044,0.98955,0.00001
50.70250,0.49500,0.00602,0.99397,0.00000
50.80250,0.49500,0.00276,0.99723,0.00001
50.90250,0.49500,0.00707,0.99292,0.00001
51.00250,0.49500,0.00485,0.99513,0.00002
51.10250,0.49500,0.01115,0.98884,0.00001
51.20250,0.49500,0.01247,0.98753,0.00001
51.30250,0.49500,0.02645,0.97354,0.00001
51.40250,0.49500,0.04290,0.95709,0.00002
51.50250,0.49500,0.05991,0.94009,0.00000
51.60250,0.49500,0.01876,0.98124,0.00000
51.70250,0.49500,0.02803,0.97197,0.00000
51.80250,0.49500,0.01864,0.98136,0.00000
51.90250,0.49500,0.03217,0.96782,0.00000
52.00250,0.49500,0.01598,0.98402,0.00000
52.10250,0.49500,0.00683,0.99317,0.00000
52.20250,0.49500,0.00642,0.99358,0.00001
52.30250,0.49500,0.00814,0.99185,0.00001
52.40250,0.49500,0.01398,0.98601,0.00000
52.50250,0.49500,0.00743,0.99257,0.00000
52.60250,0.49500,0.00766,0.99234,0.00000
52.70250,0.49500,0.00362,0.99638,0.00000
52.80250,0.49500,0.00926,0.99074,0.00000
52.90250,0.49500,0.01165,0.98834,0.00000
53.00250,0.49500,0.01172,0.98827,0.00000
53.10250,0.49500,0.01365,0.98634,0.00000
53.20250,0.49500,0.00486,0.99514,0.00001
53.30250,0.49500,0.00392,0.99608,0.00000
53.40250,0.49500,0.00363,0.99636,0.00001
53.50250,0.49500,0.00304,0.99695,0.00000
53.60250,0.49500,0.00334,0.99665,0.00000
53.70250,0.49500,0.00631,0.99368,0.00000
53.80250,0.49500,0.01470,0.98529,0.00000
53.90250,0.49500,0.02993,0.97006,0.00000
54.00250,0.49500,0.01216,0.98784,0.00000
54.10250,0.49500,0.01811,0.98188,0.00000
54.20250,0.49500,0.00591,0.99409,0.00000
54.30250,0.49500,0.00827,0.99173,0.00001
54.40250,0.49500,0.00995,0.99004,0.00001
54.50250,0.49500,0.00813,0.99186,0.00000
54.60250,0.49500,0.00780,0.99219,0.00001
54.70250,0.49500,0.00479,0.99520,0.00001
54.80250,0.49500,0.00653,0.99347,0.00001
54.90250,0.49500,0.00942,0.99057,0.00001
55.00250,0.49500,0.00590,0.99409,0.00000
55.10250,0.49500,0.00412,0.99587,0.00000
55.20250,0.49500,0.00541,0.99458,0.00001
55.30250,0.49500,0.00516,0.99483,0.00000
55.40250,0.49500,0.00477,0.99523,0.00000
55.50250,0.49500,0.00777,0.99222,0.00001
55.60250,0.49500,0.00778,0.99220,0.00002
55.70250,0.49500,0.00525,0.99474,0.00001
55.80250,0.49500,0.00790,0.99210,0.00000
55.90250,0.49500,0.00333,0.99667,0.00001
56.00250,0.49500,0.00529,0.99471,0.00000
56.10250,0.49500,0.00730,0.99270,0.00000
56.20250,0.49500,0.00434,0.99565,0.00000
56.30250,0.49500,0.00339,0.99661,0.00000
56.40250,0.49500,0.00355,0.99644,0.00000
56.50250,0.49500,0.00385,0.99615,0.00000
56.60250,0.49500,0.00658,0.99341,0.00000
56.70250,0.49500,0.00730,0.99269,0.00000
56.80250,0.49500,0.00544,0.99456,0.00000
56.90250,0.49500,0.00661,0.99339,0.00000
57.00250,0.49500,0.00494,0.99506,0.00000
57.10250,0.49500,0.00290,0.99710,0.00000
57.20250,0.49500,0.00468,0.99532,0.00000
57.30250,0.49500,0.00334,0.99666,0.00000
57.40250,0.49500,0.00487,0.99513,0.00000
57.50250,0.49500,0.00636,0.99364,0.00000
57.60250,0.49500,0.00562,0.99438,0.00000
57.70250,0.49500,0.00424,0.99576,0.00000
57.80250,0.49500,0.00267,0.99733,0.00000
57.90250,0.49500,0.00183,0.99817,0.00000
58.00250,0.49500,0.00348,0.99652,0.00000
58.10250,0.49500,0.00391,0.99609,0.00000
58.20250,0.49500,0.00278,0.99722,0.00000
58.30250,0.49500,0.00199,0.99801,0.00000
58.40250,0.49500,0.00445,0.99555,0.00000
58.50250,0.49500,0.00388,0.99612,0.00000
58.60250,0.49500,0.00489,0.99511,0.00000
58.70250,0.49500,0.00304,0.99696,0.00000
58.80250,0.49500,0.00628,0.99371,0.00000
58.90250,0.49500,0.00536,0.99464,0.00000
59.00250,0.49500,0.00619,0.99381,0.00000
59.10250,0.49500,0.00798,0.99201,0.00001
59.20250,0.49500,0.00686,0.99313,0.00000
59.30250,0.49500,0.01701,0.98299,0.00000
59.40250,0.49500,0.00249,0.99751,0.00000
59.50250,0.49500,0.00591,0.99409,0.00000
59.60250,0.49500,0.00979,0.99020,0.00000
59.70250,0.49500,0.00680,0.99320,0.00000
59.80250,0.49500,0.00650,0.99350,0.00000
59.90250,0.49500,0.00466,0.99534,0.00001
60.00250,0.49500,0.00502,0.99497,0.00000
60.10250,0.49500,0.00878,0.99121,0.00000
60.20250,0.49500,0.00524,0.99475,0.00000
60.30250,0.49500,0.00276,0.99724,0.00000
60.40250,0.49500,0.00533,0.99467,0.00000
60.50250,0.49500,0.00630,0.99370,0.00000
60.60250,0.49500,0.00500,0.99500,0.00000
60.70250,0.49500,0.00365,0.99635,0.00000
60.80250,0.49500,0.00299,0.99701,0.00000
60.90250,0.49500,0.00293,0.99707,0.00000
61.00250,0.49500,0.00397,0.99602,0.00000
61.10250,0.49500,0.00191,0.99808,0.00001
61.20250,0.49500,0.00401,0.99599,0.00000
61.30250,0.49500,0.00705,0.99294,0.00001
61.40250,0.49500,0.01794,0.98206,0.00000
61.50250,0.49500,0.02326,0.97674,0.00000
61.60250,0.49500,0.00831,0.99168,0.00000
61.70250,0.49500,0.00506,0.99494,0.00000
61.80250,0.49500,0.00376,0.99624,0.00000
61.90250,0.49500,0.00161,0.99839,0.00000
62.00250,0.49500,0.00357,0.99643,0.00001
62.10250,0.49500,0.00736,0.99263,0.00001
62.20250,0.49500,0.00912,0.99086,0.00002
62.30250,0.49500,0.00611,0.99388,0.00001
62.40250,0.49500,0.02085,0.97912,0.00002
62.50250,0.49500,0.03542,0.96456,0.00001
62.60250,0.49500,0.02050,0.97948,0.00002
62.70250,0.49500,0.01969,0.98030,0.00001
62.80250,0.49500,0.07214,0.92785,0.00001
62.90250,0.49500,0.34209,0.65791,0.00000
63.00250,0.49500,0.51019,0.48981,0.00000
63.10250,0.49500,0.95242,0.04758,0.00000
63.20250,0.49500,0.96615,0.03385,0.00000
63.30250,0.49500,0.99990,0.00010,0.00000
63.40250,0.49500,0.99997,0.00003,0.00000
63.50250,0.49500,0.99999,0.00001,0.00000
63.60250,0.49500,0.99845,0.00155,0.00000
63.70250,0.49500,0.99235,0.00746,0.00019
63.80250,0.49500,0.91511,0.08489,0.00000
63.90250,0.49500,0.99999,0.00001,0.00000
64.00250,0.49500,0.99984,0.00016,0.00000
64.10250,0.49500,1.00000,0.00000,0.00000
64.20250,0.49500,1.00000,0.00000,0.00000
64.30250,0.49500,0.99978,0.00022,0.00000
64.40250,0.49500,0.99853,0.00147,0.00000
64.50250,0.49500,0.99953,0.00047,0.00000
64.60250,0.49500,0.99584,0.00416,0.00000
64.70250,0.49500,0.93491,0.06509,0.00000
64.80250,0.49500,0.85682,0.14318,0.00001
64.90250,0.49500,0.94433,0.05566,0.00001
65.00250,0.49500,0.62613,0.37386,0.00000
65.10250,0.49500,0.92025,0.07975,0.00000
65.20250,0.49500,0.99938,0.00062,0.00000
65.30250,0.49500,0.93476,0.06524,0.00000
65.40250,0.49500,0.99975,0.00025,0.00000
65.50250,0.49500,0.99998,0.00002,0.00000
65.60250,0.49500,0.99999,0.00001,0.00000
65.70250,0.49500,1.00000,0.00000,0.00000
65.80250,0.49500,1.00000,0.00000,0.00000
65.90250,0.49500,1.00000,0.00000,0.00000
66.00250,0.49500,0.99939,0.00061,0.00000
66.10250,0.49500,0.94465,0.05535,0.00000
66.20250,0.49500,0.51186,0.48814,0.00000
66.30250,0.49500,0.69413,0.30587,0.00000
66.40250,0.49500,0.86821,0.13179,0.00001
66.50250,0.49500,0.16489,0.83505,0.00006
66.60250,0.49500,0.20836,0.78594,0.00571
66.70250,0.49500,0.38024,0.61846,0.00130
66.80250,0.49500,0.44393,0.55483,0.00124
66.90250,0.49500,0.51353,0.48609,0.00038
67.00250,0.49500,0.41577,0.57801,0.00621
67.10250,0.49500,0.22623,0.72578,0.04799
67.20250,0.49500,0.07534,0.91698,0.00768
67.30250,0.49500,0.00487,0.99151,0.00362
67.40250,0.49500,0.01540,0.97591,0.00870
67.50250,0.49500,0.09143,0.90242,0.00615
67.60250,0.49500,0.08128,0.88308,0.03564
67.70250,0.49500,0.32661,0.66591,0.00748
67.80250,0.49500,0.23668,0.74669,0.01662
67.90250,0.49500,0.22638,0.74773,0.02589
68.00250,0.49500,0.20579,0.77839,0.01582
68.10250,0.49500,0.04453,0.91948,0.03599
68.20250,0.49500,0.02581,0.96090,0.01329
68.30250,0.49500,0.02879,0.95927,0.01194
68.40250,0.49500,0.03606,0.95320,0.01075
68.50250,0.49500,0.04128,0.94252,0.01620
68.60250,0.49500,0.06735,0.90315,0.02950
68.70250,0.49500,0.09752,0.88693,0.01555
68.80250,0.49500,0.03018,0.95615,0.01367
68.90250,0.49500,0.08076,0.90657,0.01267
69.00250,0.49500,0.06368,0.91923,0.01709
69.10250,0.49500,0.03134,0.95743,0.01124
69.20250,0.49500,0.03832,0.93349,0.02819
69.30250,0.49500,0.00907,0.98594,0.00500
69.40250,0.49500,0.00815,0.98589,0.00595
69.50250,0.49500,0.00656,0.98315,0.01029
69.60250,0.49500,0.01296,0.97478,0.01226
69.70250,0.49500,0.00946,0.98008,0.01046
69.80250,0.49500,0.00752,0.98797,0.00450
69.90250,0.49500,0.00572,0.98705,0.00724
70.00250,0.49500,0.01399,0.97807,0.00795
70.10250,0.49500,0.01718,0.97024,0.01258
70.20250,0.49500,0.01915,0.97125,0.00960
70.30250,0.49500,0.00548,0.99035,0.00416
70.40250,0.49500,0.00365,0.98881,0.00754
70.50250,0.49500,0.00582,0.98662,0.00756
70.60250,0.49500,0.01875,0.97732,0.00393
70.70250,0.49500,0.02556,0.96354,0.01090
70.80250,0.49500,0.01999,0.97062,0.00939
70.90250,0.49500,0.01177,0.98122,0.00701
71.00250,0.49500,0.02694,0.96320,0.00986
71.10250,0.49500,0.01037,0.98145,0.00818
71.20250,0.49500,0.00502,0.98810,0.00689
71.30250,0.49500,0.00651,0.98129,0.01219
71.40250,0.49500,0.00709,0.97833,0.01458
71.50250,0.49500,0.02422,0.96889,0.00689
71.60250,0.49500,0.02031,0.97274,0.00695
71.70250,0.49500,0.00813,0.98596,0.00591
71.80250,0.49500,0.00254,0.99155,0.00591
71.90250,0.49500,0.00615,0.98743,0.00641
72.00250,0.49500,0.00428,0.99091,0.00481
72.10250,0.49500,0.00324,0.99216,0.00460
72.20250,0.49500,0.00709,0.98381,0.00910
72.30250,0.49500,0.00936,0.97402,0.01661
72.40250,0.49500,0.00444,0.98477,0.01078
72.50250,0.49500,0.01117,0.98150,0.00733
72.60250,0.49500,0.00846,0.98094,0.01060
72.70250,0.49500,0.00832,0.98498,0.00670
72.80250,0.49500,0.00910,0.98142,0.00948
72.90250,0.49500,0.01277,0.97923,0.00801
73.00250,0.49500,0.02158,0.96272,0.01570
73.10250,0.49500,0.01836,0.97582,0.00582
73.20250,0.49500,0.00580,0.98689,0.00731
73.30250,0.49500,0.00837,0.98640,0.00523
73.40250,0.49500,0.01249,0.97856,0.00896
73.50250,0.49500,0.01345,0.97820,0.00836
73.60250,0.49500,0.01732,0.96395,0.01872
73.70250,0.49500,0.01511,0.97789,0.00700
73.80250,0.49500,0.02632,0.96737,0.00631
73.90250,0.49500,0.04238,0.94137,0.01626
74.00250,0.49500,0.04638,0.94757,0.00605
74.10250,0.49500,0.01729,0.94606,0.03666
74.20250,0.49500,0.02993,0.96278,0.00730
74.30250,0.49500,0.01519,0.97234,0.01247
74.40250,0.49500,0.00710,0.98700,0.00591
74.50250,0.49500,0.00743,0.97259,0.01998
74.60250,0.49500,0.00407,0.98738,0.00855
74.70250,0.49500,0.01250,0.97510,0.01240
74.80250,0.49500,0.00899,0.97849,0.01252
74.90250,0.49500,0.00554,0.98573,0.00873
75.00250,0.49500,0.02210,0.93294,0.04497
75.10250,0.49500,0.01378,0.98025,0.00597
75.20250,0.49500,0.02123,0.97283,0.00594
75.30250,0.49500,0.02172,0.96155,0.01673
75.40250,0.49500,0.01043,0.97930,0.01028
75.50250,0.49500,0.01192,0.97796,0.01012
75.60250,0.49500,0.00480,0.99008,0.00512
75.70250,0.49500,0.00605,0.98752,0.00644
75.80250,0.49500,0.01199,0.95572,0.03229
75.90250,0.49500,0.01018,0.98193,0.00789
76.00250,0.49500,0.00690,0.98451,0.00859
76.10250,0.49500,0.01404,0.97389,0.01207
76.20250,0.49500,0.00448,0.98950,0.00601
76.30250,0.49500,0.00637,0.98851,0.00511
76.40250,0.49500,0.01340,0.98013,0.00647
76.50250,0.49500,0.01103,0.97987,0.00910
76.60250,0.49500,0.01858,0.97252,0.00890
76.70250,0.49500,0.00523,0.98340,0.01137
76.80250,0.49500,0.01452,0.98046,0.00502
76.90250,0.49500,0.01613,0.97763,0.00624
77.00250,0.49500,0.01259,0.97967,0.00774
77.10250,0.49500,0.01221,0.98206,0.00573
77.20250,0.49500,0.00738,0.97876,0.01386
77.30250,0.49500,0.00862,0.97893,0.01245
77.40250,0.49500,0.00789,0.97600,0.01611
77.50250,0.49500,0.00718,0.98211,0.01070
77.60250,0.49500,0.00606,0.97237,0.02156
77.70250,0.49500,0.00611,0.98738,0.00651
77.80250,0.49500,0.01077,0.98251,0.00672
77.90250,0.49500,0.00771,0.98337,0.00893
78.00250,0.49500,0.00532,0.98724,0.00743
78.10250,0.49500,0.00702,0.98225,0.01073
78.20250,0.49500,0.00904,0.98139,0.00957
78.30250,0.49500,0.01173,0.98059,0.00768
78.40250,0.49500,0.00903,0.98192,0.00905
78.50250,0.49500,0.01346,0.96795,0.01860
78.60250,0.49500,0.01814,0.97603,0.00583
78.70250,0.49500,0.01008,0.97897,0.01095
78.80250,0.49500,0.00810,0.98518,0.00673
78.90250,0.49500,0.01222,0.96301,0.02478
79.00250,0.49500,0.00850,0.97796,0.01354
79.10250,0.49500,0.00435,0.98472,0.01094
79.20250,0.49500,0.00418,0.97947,0.01635
79.30250,0.49500,0.00406,0.98354,0.01240
79.40250,0.49500,0.01000,0.97201,0.01799
79.50250,0.49500,0.00534,0.98482,0.00984
79.60250,0.49500,0.00426,0.98975,0.00599
79.70250,0.49500,0.00538,0.97542,0.01921
79.80250,0.49500,0.00395,0.99019,0.00586
79.90250,0.49500,0.00478,0.98637,0.00885
80.00250,0.49500,0.00451,0.98875,0.00675
80.10250,0.49500,0.00462,0.98919,0.00619
80.20250,0.49500,0.00438,0.98432,0.01131
80.30250,0.49500,0.00332,0.99090,0.00578
80.40250,0.49500,0.00240,0.99217,0.00543
80.50250,0.49500,0.00251,0.99222,0.00527
80.60250,0.49500,0.00847,0.98375,0.00778
80.70250,0.49500,0.01175,0.97771,0.01054
80.80250,0.49500,0.00886,0.98539,0.00575
80.90250,0.49500,0.00948,0.97917,0.01135
81.00250,0.49500,0.00793,0.98644,0.00562
81.10250,0.49500,0.00639,0.98436,0.00924
81.20250,0.49500,0.01777,0.97227,0.00996
81.30250,0.49500,0.01116,0.97907,0.00977
81.40250,0.49500,0.00696,0.98595,0.00709
81.50250,0.49500,0.00623,0.98119,0.01258
81.60250,0.49500,0.00795,0.98563,0.00641
81.70250,0.49500,0.03207,0.94547,0.02246
81.80250,0.49500,0.01504,0.97105,0.01391
81.90250,0.49500,0.01981,0.95758,0.02261
82.00250,0.49500,0.03003,0.95437,0.01561
82.10250,0.49500,0.02546,0.95670,0.01784
82.20250,0.49500,0.11645,0.86692,0.01663
82.30250,0.49500,0.08276,0.89307,0.02417
82.40250,0.49500,0.27675,0.70290,0.02036
82.50250,0.49500,0.25874,0.71257,0.02869
82.60250,0.49500,0.84683,0.15249,0.00068
82.70250,0.49500,0.98579,0.01383,0.00038
82.80250,0.49500,0.99998,0.00002,0.00000
82.90250,0.49500,0.99999,0.00001,0.00000
83.00250,0.49500,0.99996,0.00004,0.00000
83.10250,0.49500,0.99995,0.00005,0.00000
83.20250,0.49500,0.99901,0.00099,0.00000
83.30250,0.49500,0.99845,0.00155,0.00000
83.40250,0.49500,0.92876,0.07124,0.00000
83.50250,0.49500,0.99998,0.00002,0.00000
83.60250,0.49500,0.99981,0.00019,0.00000
83.70250,0.49500,1.00000,0.00000,0.00000
83.80250,0.49500,1.00000,0.00000,0.00000
83.90250,0.49500,1.00000,0.00000,0.00000
84.00250,0.49500,1.00000,0.00000,0.00000
84.10250,0.49500,1.00000,0.00000,0.00000
84.20250,0.49500,0.99951,0.00049,0.00000
84.30250,0.49500,0.75882,0.24118,0.00000
84.40250,0.49500,0.38983,0.61017,0.00000
84.50250,0.49500,0.12471,0.87529,0.00000
84.60250,0.49500,0.10372,0.89628,0.00000
84.70250,0.49500,0.01498,0.98502,0.00000
84.80250,0.49500,0.00854,0.99146,0.00000
84.90250,0.49500,0.00392,0.99608,0.00000
85.00250,0.49500,0.01676,0.98324,0.00000
85.10250,0.49500,0.02062,0.97938,0.00000
85.20250,0.49500,0.02998,0.97002,0.00000
85.30250,0.49500,0.01428,0.98572,0.00000
85.40250,0.49500,0.02081,0.97919,0.00000
85.50250,0.49500,0.01266,0.98734,0.00000
85.60250,0.49500,0.01203,0.98797,0.00000
85.70250,0.49500,0.03705,0.96295,0.00000
85.80250,0.49500,0.01268,0.98732,0.00000
85.90250,0.49500,0.01647,0.98353,0.00000
86.00250,0.49500,0.00766,0.99234,0.00000
86.10250,0.49500,0.00470,0.99530,0.00000
86.20250,0.49500,0.00371,0.99629,0.00000
86.30250,0.49500,0.00957,0.99043,0.00000
86.40250,0.49500,0.00630,0.99370,0.00000
86.50250,0.49500,0.00831,0.99169,0.00000
86.60250,0.49500,0.00973,0.99027,0.00000
86.70250,0.49500,0.00687,0.99313,0.00000
86.80250,0.49500,0.00378,0.99622,0.00000
86.90250,0.49500,0.00455,0.99545,0.00000
87.00250,0.49500,0.00365,0.99635,0.00000
87.10250,0.49500,0.00352,0.99648,0.00000
87.20250,0.49500,0.00555,0.99445,0.00000
87.30250,0.49500,0.00747,0.99253,0.00000
87.40250,0.49500,0.00699,0.99301,0.00000
87.50250,0.49500,0.01323,0.98677,0.00000
87.60250,0.49500,0.01269,0.98731,0.00000
87.70250,0.49500,0.03824,0.96176,0.00000
87.80250,0.49500,0.04232,0.95768,0.00000
87.90250,0.49500,0.02214,0.97786,0.00000
88.00250,0.49500,0.00283,0.99717,0.00000
88.10250,0.49500,0.00291,0.99709,0.00000
88.20250,0.49500,0.00317,0.99683,0.00000
88.30250,0.49500,0.00370,0.99630,0.00000
88.40250,0.49500,0.00462,0.99538,0.00000
88.50250,0.49500,0.00705,0.99295,0.00000
88.60250,0.49500,0.00318,0.99682,0.00000
88.70250,0.49500,0.00269,0.99731,0.00000
88.80250,0.49500,0.00388,0.99612,0.00000
88.90250,0.49500,0.00196,0.99804,0.00000
89.00250,0.49500,0.00522,0.99478,0.00000
89.10250,0.49500,0.00634,0.99366,0.00000
89.20250,0.49500,0.00610,0.99390,0.00000
89.30250,0.49500,0.00750,0.99250,0.00000
89.40250,0.49500,0.00369,0.99631,0.00000
89.50250,0.49500,0.00317,0.99683,0.00000
89.60250,0.49500,0.00400,0.99600,0.00000
89.70250,0.49500,0.00535,0.99465,0.00000
89.80250,0.49500,0.00935,0.99065,0.00000
89.90250,0.49500,0.01143,0.98857,0.00000
90.00250,0.49500,0.00494,0.99506,0.00000
90.10250,0.49500,0.00392,0.99608,0.00000
90.20250,0.49500,0.00424,0.99576,0.00000
90.30250,0.49500,0.00367,0.99633,0.00000
90.40250,0.49500,0.00830,0.99170,0.00000
90.50250,0.49500,0.00582,0.99418,0.00000
90.60250,0.49500,0.00433,0.99567,0.00000
90.70250,0.49500,0.00306,0.99694,0.00000
90.80250,0.49500,0.00402,0.99598,0.00000
90.90250,0.49500,0.00508,0.99492,0.00000
91.00250,0.49500,0.00321,0.99679,0.00000
91.10250,0.49500,0.00488,0.99512,0.00000
91.20250,0.49500,0.00428,0.99572,0.00000
91.30250,0.49500,0.00465,0.99535,0.00000
91.40250,0.49500,0.00526,0.99474,0.00000
91.50250,0.49500,0.00348,0.99652,0.00000
91.60250,0.49500,0.00426,0.99574,0.00000
91.70250,0.49500,0.01964,0.98036,0.00000
91.80250,0.49500,0.01000,0.99000,0.00000
91.90250,0.49500,0.00548,0.99452,0.00000
92.00250,0.49500,0.00354,0.99646,0.00000
92.10250,0.49500,0.00217,0.99783,0.00000
92.20250,0.49500,0.00224,0.99776,0.00000
92.30250,0.49500,0.00236,0.99764,0.00000
92.40250,0.49500,0.00229,0.99771,0.00000
92.50250,0.49500,0.00301,0.99699,0.00000
92.60250,0.49500,0.00521,0.99479,0.00000
92.70250,0.49500,0.00829,0.99171,0.00000
92.80250,0.49500,0.01208,0.98792,0.00000
92.90250,0.49500,0.01095,0.98905,0.00000
93.00250,0.49500,0.00544,0.99456,0.00000
93.10250,0.49500,0.01218,0.98782,0.00000
93.20250,0.49500,0.00427,0.99573,0.00000
93.30250,0.49500,0.04517,0.95483,0.00000
93.40250,0.49500,0.03626,0.96374,0.00000
93.50250,0.49500,0.01668,0.98332,0.00000
93.60250,0.49500,0.01505,0.98495,0.00000
93.70250,0.49500,0.00975,0.99025,0.00000
93.80250,0.49500,0.00595,0.99405,0.00000
93.90250,0.49500,0.01188,0.98812,0.00000
94.00250,0.49500,0.01086,0.98914,0.00000
94.10250,0.49500,0.00685,0.99315,0.00000
94.20250,0.49500,0.00711,0.99289,0.00000
94.30250,0.49500,0.00673,0.99327,0.00000
94.40250,0.49500,0.00343,0.99657,0.00000
94.50250,0.49500,0.00485,0.99515,0.00000
94.60250,0.49500,0.00351,0.99649,0.00000
94.70250,0.49500,0.00360,0.99640,0.00000
94.80250,0.49500,0.00500,0.99500,0.00000
94.90250,0.49500,0.00573,0.99427,0.00000
95.00250,0.49500,0.00979,0.99021,0.00000
95.10250,0.49500,0.00566,0.99434,0.00000
95.20250,0.49500,0.00340,0.99660,0.00000
95.30250,0.49500,0.00403,0.99597,0.00000
95.40250,0.49500,0.00209,0.99791,0.00000
95.50250,0.49500,0.00198,0.99802,0.00000
95.60250,0.49500,0.00218,0.99782,0.00000
95.70250,0.49500,0.00210,0.99790,0.00000
95.80250,0.49500,0.00168,0.99832,0.00000
95.90250,0.49500,0.00241,0.99759,0.00000
96.00250,0.49500,0.00316,0.99685,0.00000
96.10250,0.49500,0.00395,0.99605,0.00000
96.20250,0.49500,0.00477,0.99523,0.00000
96.30250,0.49500,0.00390,0.99610,0.00000
96.40250,0.49500,0.00287,0.99713,0.00000
96.50250,0.49500,0.00273,0.99727,0.00000
96.60250,0.49500,0.00296,0.99704,0.00000
96.70250,0.49500,0.00593,0.99407,0.00000
96.80250,0.49500,0.00568,0.99432,0.00000
96.90250,0.49500,0.00496,0.99504,0.00000
97.00250,0.49500,0.00699,0.99301,0.00000
97.10250,0.49500,0.00273,0.99727,0.00000
97.20250,0.49500,0.00357,0.99643,0.00000
97.30250,0.49500,0.00238,0.99762,0.00000
97.40250,0.49500,0.00421,0.99579,0.00000
97.50250,0.49500,0.00252,0.99748,0.00000
97.60250,0.49500,0.00488,0.99512,0.00000
97.70250,0.49500,0.00421,0.99579,0.00000
97.80250,0.49500,0.00506,0.99494,0.00000
97.90250,0.49500,0.00361,0.99639,0.00000
98.00250,0.49500,0.00509,0.99491,0.00000
98.10250,0.49500,0.00561,0.99439,0.00000
98.20250,0.49500,0.00513,0.99487,0.00000
98.30250,0.49500,0.00453,0.99547,0.00000
98.40250,0.49500,0.00399,0.99601,0.00000
98.50250,0.49500,0.00431,0.99569,0.00000
98.60250,0.49500,0.00805,0.99195,0.00000
98.70250,0.49500,0.00708,0.99292,0.00000
98.80250,0.49500,0.00887,0.99113,0.00000
98.90250,0.49500,0.01197,0.98803,0.00000
99.00250,0.49500,0.00669,0.99332,0.00000
99.10250,0.49500,0.00497,0.99503,0.00000
99.20250,0.49500,0.00588,0.99412,0.00000
99.30250,0.49500,0.01119,0.98881,0.00000
99.40250,0.49500,0.00954,0.99046,0.00000
99.50250,0.49500,0.01029,0.98971,0.00000
99.60250,0.49500,0.01501,0.98499,0.00000
99.70250,0.49500,0.00907,0.99093,0.00000
99.80250,0.49500,0.01564,0.98436,0.00000
99.90250,0.49500,0.02654,0.97346,0.00000
100.00250,0.49500,0.02715,0.97285,0.00000
100.10250,0.49500,0.01497,0.98503,0.00000
100.20250,0.49500,0.00855,0.99145,0.00000
100.30250,0.49500,0.00330,0.99670,0.00000
100.40250,0.49500,0.00381,0.99619,0.00000
100.50250,0.49500,0.00591,0.99409,0.00000
100.60250,0.49500,0.00717,0.99283,0.00000
100.70250,0.49500,0.01840,0.98160,0.00000
100.80250,0.49500,0.02096,0.97904,0.00000
100.90250,0.49500,0.01841,0.98159,0.00000
101.00250,0.49500,0.00939,0.99061,0.00000
101.10250,0.49500,0.01071,0.98929,0.00000
101.20250,0.49500,0.00505,0.99495,0.00000
101.30250,0.49500,0.00699,0.99301,0.00000
101.40250,0.49500,0.00482,0.99518,0.00000
101.50250,0.49500,0.00388,0.99613,0.00000
101.60250,0.49500,0.00277,0.99723,0.00000
101.70250,0.49500,0.00326,0.99674,0.00000
101.80250,0.49500,0.01261,0.98739,0.00000
101.90250,0.49500,0.01605,0.98395,0.00000
102.00250,0.49500,0.01059,0.98941,0.00000
102.10250,0.49500,0.00618,0.99382,0.00000
102.20250,0.49500,0.00611,0.99389,0.00000
102.30250,0.49500,0.01231,0.98769,0.00000
102.40250,0.49500,0.00508,0.99492,0.00000
102.50250,0.49500,0.00844,0.99156,0.00000
102.60250,0.49500,0.00509,0.99491,0.00000
102.70250,0.49500,0.01068,0.98932,0.00000
102.80250,0.49500,0.00793,0.99207,0.00000
102.90250,0.49500,0.00360,0.99640,0.00000
103.00250,0.49500,0.00603,0.99397,0.00000
103.10250,0.49500,0.00563,0.99437,0.00000
103.20250,0.49500,0.01798,0.98202,0.00000
103.30250,0.49500,0.01182,0.98818,0.00000
103.40250,0.49500,0.01114,0.98886,0.00000
103.50250,0.49500,0.01066,0.98934,0.00000
103.60250,0.49500,0.00497,0.99503,0.00000
103.70250,0.49500,0.00887,0.99113,0.00000
103.80250,0.49500,0.00525,0.99475,0.00000
103.90250,0.49500,0.00635,0.99365,0.00000
104.00250,0.49500,0.00556,0.99444,0.00000
104.10250,0.49500,0.00384,0.99616,0.00000
104.20250,0.49500,0.01065,0.98935,0.00000
104.30250,0.49500,0.00788,0.99212,0.00000
104.40250,0.49500,0.00755,0.99245,0.00000
104.50250,0.49500,0.00346,0.99654,0.00000
104.60250,0.49500,0.00424,0.99576,0.00000
104.70250,0.49500,0.00312,0.99688,0.00000
104.80250,0.49500,0.00596,0.99404,0.00000
104.90250,0.49500,0.00240,0.99760,0.00000
105.00250,0.49500,0.00413,0.99587,0.00000
105.10250,0.49500,0.00342,0.99658,0.00000
105.20250,0.49500,0.00224,0.99776,0.00000
105.30250,0.49500,0.00412,0.99588,0.00000
105.40250,0.49500,0.00546,0.99454,0.00000
105.50250,0.49500,0.00406,0.99594,0.00000
105.60250,0.49500,0.00339,0.99661,0.00000
105.70250,0.49500,0.00382,0.99618,0.00000
105.80250,0.49500,0.00347,0.99653,0.00000
105.90250,0.49500,0.00651,0.99349,0.00000
106.00250,0.49500,0.00517,0.99483,0.00000
106.10250,0.49500,0.00745,0.99255,0.00000
106.20250,0.49500,0.00427,0.99573,0.00000
106.30250,0.49500,0.00819,0.99181,0.00000
106.40250,0.49500,0.00825,0.99175,0.00000
106.50250,0.49500,0.00586,0.99414,0.00000
106.60250,0.49500,0.00497,0.99503,0.00000
106.70250,0.49500,0.00452,0.99548,0.00000
106.80250,0.49500,0.00444,0.99556,0.00000
106.90250,0.49500,0.05686,0.94314,0.00000
107.00250,0.49500,0.27390,0.72610,0.00000
107.10250,0.49500,0.27356,0.72644,0.00000
107.20250,0.49500,0.39632,0.60368,0.00000
107.30250,0.49500,0.09645,0.90355,0.00000
107.40250,0.49500,0.31816,0.68184,0.00000
107.50250,0.49500,0.52739,0.47261,0.00000
107.60250,0.49500,0.98360,0.01640,0.00000
107.70250,0.49500,0.99795,0.00205,0.00000
107.80250,0.49500,1.00000,0.00000,0.00000
107.90250,0.49500,1.00000,0.00000,0.00000
108.00250,0.49500,1.00000,0.00000,0.00000
108.10250,0.49500,1.00000,0.00000,0.00000
108.20250,0.49500,1.00000,0.00000,0.00000
108.30250,0.49500,1.00000,0.00000,0.00000
108.40250,0.49500,1.00000,0.00000,0.00000
108.50250,0.49500,1.00000,0.00000,0.00000
108.60250,0.49500,1.00000,0.00000,0.00000
108.70250,0.49500,1.00000,0.00000,0.00000
108.80250,0.49500,1.00000,0.00000,0.00000
108.90250,0.49500,1.00000,0.00000,0.00000
109.00250,0.49500,0.99995,0.00005,0.00000
109.10250,0.49500,0.99997,0.00003,0.00000
109.20250,0.49500,0.59988,0.40012,0.00000
109.30250,0.49500,0.42012,0.57988,0.00000
109.40250,0.49500,0.17950,0.82050,0.00000
109.50250,0.49500,0.24734,0.75266,0.00000
109.60250,0.49500,0.31917,0.68084,0.00000
109.70250,0.49500,0.13937,0.86063,0.00000
109.80250,0.49500,0.03801,0.96199,0.00000
109.90250,0.49500,0.04647,0.95353,0.00000
110.00250,0.49500,0.02580,0.97420,0.00000
110.10250,0.49500,0.01659,0.98341,0.00000
110.20250,0.49500,0.02295,0.97705,0.00000
110.30250,0.49500,0.02894,0.97106,0.00000
110.40250,0.49500,0.12147,0.87853,0.00000
110.50250,0.49500,0.26478,0.73522,0.00000
110.60250,0.49500,0.15941,0.84059,0.00000
110.70250,0.49500,0.10159,0.89841,0.00000
110.80250,0.49500,0.17410,0.82590,0.00000
110.90250,0.49500,0.33498,0.66502,0.00000
111.00250,0.49500,0.25124,0.74876,0.00000
111.10250,0.49500,0.06034,0.93966,0.00000
111.20250,0.49500,0.00830,0.99170,0.00000
111.30250,0.49500,0.00722,0.99278,0.00000
111.40250,0.49500,0.01039,0.98961,0.00000
111.50250,0.49500,0.03806,0.96194,0.00000
111.60250,0.49500,0.02452,0.97548,0.00000
111.70250,0.49500,0.03084,0.96916,0.00000
111.80250,0.49500,0.02249,0.97751,0.00000
111.90250,0.49500,0.01885,0.98115,0.00000
112.00250,0.49500,0.01929,0.98071,0.00000
112.10250,0.49500,0.01224,0.98776,0.00000
112.20250,0.49500,0.00946,0.99054,0.00000
112.30250,0.49500,0.00963,0.99037,0.00000
112.40250,0.49500,0.01000,0.99000,0.00000
112.50250,0.49500,0.00906,0.99094,0.00000
112.60250,0.49500,0.01524,0.98476,0.00000
112.70250,0.49500,0.00528,0.99472,0.00000
112.80250,0.49500,0.00454,0.99546,0.00000
112.90250,0.49500,0.00567,0.99433,0.00000
113.00250,0.49500,0.00439,0.99561,0.00000
113.10250,0.49500,0.00902,0.99098,0.00000
113.20250,0.49500,0.01373,0.98627,0.00000
113.30250,0.49500,0.02323,0.97677,0.00000
113.40250,0.49500,0.00505,0.99495,0.00000
113.50250,0.49500,0.00868,0.99132,0.00000
113.60250,0.49500,0.00816,0.99184,0.00000
113.70250,0.49500,0.00876,0.99124,0.00000
113.80250,0.49500,0.01788,0.98212,0.00000
113.90250,0.49500,0.00959,0.99041,0.00000
114.00250,0.49500,0.01103,0.98897,0.00000
114.10250,0.49500,0.00804,0.99196,0.00000
114.20250,0.49500,0.00732,0.99268,0.00000
114.30250,0.49500,0.00407,0.99593,0.00000
114.40250,0.49500,0.00475,0.99525,0.00000
114.50250,0.49500,0.00383,0.99617,0.00000
114.60250,0.49500,0.00366,0.99634,0.00000
114.70250,0.49500,0.00556,0.99444,0.00000
114.80250,0.49500,0.00330,0.99670,0.00000
114.90250,0.49500,0.00812,0.99188,0.00000
115.00250,0.49500,0.00532,0.99468,0.00000
115.10250,0.49500,0.00687,0.99313,0.00000
115.20250,0.49500,0.00537,0.99463,0.00000
115.30250,0.49500,0.00510,0.99490,0.00000
115.40250,0.49500,0.00507,0.99493,0.00000
115.50250,0.49500,0.00700,0.99300,0.00000
115.60250,0.49500,0.00720,0.99280,0.00000
115.70250,0.49500,0.00413,0.99587,0.00000
115.80250,0.49500,0.00375,0.99625,0.00000
115.90250,0.49500,0.00502,0.99498,0.00000
116.00250,0.49500,0.00530,0.99470,0.00000
116.10250,0.49500,0.00627,0.99373,0.00000
116.20250,0.49500,0.00612,0.99388,0.00000
116.30250,0.49500,0.00342,0.99658,0.00000
116.40250,0.49500,0.00404,0.99596,0.00000
116.50250,0.49500,0.00367,0.99633,0.00000
116.60250,0.49500,0.00569,0.99431,0.00000
116.70250,0.49500,0.00377,0.99623,0.00000
116.80250,0.49500,0.00717,0.99283,0.00000
116.90250,0.49500,0.00450,0.99550,0.00000
117.00250,0.49500,0.00996,0.99004,0.00000
117.10250,0.49500,0.00751,0.99249,0.00000
117.20250,0.49500,0.00612,0.99388,0.00000
117.30250,0.49500,0.00536,0.99464,0.00000
117.40250,0.49500,0.00285,0.99715,0.00000
117.50250,0.49500,0.00354,0.99646,0.00000
117.60250,0.49500,0.00309,0.99691,0.00000
117.70250,0.49500,0.00447,0.99553,0.00000
117.80250,0.49500,0.00421,0.99579,0.00000
117.90250,0.49500,0.00260,0.99740,0.00000
118.00250,0.49500,0.00445,0.99555,0.00000
118.10250,0.49500,0.00453,0.99547,0.00000
118.20250,0.49500,0.01317,0.98683,0.00000
118.30250,0.49500,0.01210,0.98790,0.00000
118.40250,0.49500,0.02148,0.97852,0.00000
118.50250,0.49500,0.00862,0.99138,0.00000
118.60250,0.49500,0.01048,0.98952,0.00000
118.70250,0.49500,0.00687,0.99313,0.00000
118.80250,0.49500,0.00699,0.99301,0.00000
118.90250,0.49500,0.00409,0.99591,0.00000
119.00250,0.49500,0.00963,0.99037,0.00000
119.10250,0.49500,0.00465,0.99535,0.00000
119.20250,0.49500,0.01007,0.98993,0.00000
119.30250,0.49500,0.00511,0.99489,0.00000
119.40250,0.49500,0.00599,0.99401,0.00000
119.50250,0.49500,0.00927,0.99073,0.00000
119.60250,0.49500,0.00847,0.99153,0.00000
119.70250,0.49500,0.00510,0.99490,0.00000
119.80250,0.49500,0.00383,0.99617,0.00000
119.90250,0.49500,0.00394,0.99606,0.00000
120.00250,0.49500,0.00771,0.99229,0.00000
120.10250,0.49500,0.01069,0.98931,0.00000
120.20250,0.49500,0.01158,0.98842,0.00000
120.30250,0.49500,0.00360,0.99640,0.00000
120.40250,0.49500,0.01000,0.99000,0.00000
120.50250,0.49500,0.00758,0.99242,0.00000
120.60250,0.49500,0.00840,0.99160,0.00000
120.70250,0.49500,0.00579,0.99421,0.00000
120.80250,0.49500,0.00656,0.99344,0.00000
120.90250,0.49500,0.00385,0.99615,0.00000
121.00250,0.49500,0.00549,0.99451,0.00000
121.10250,0.49500,0.00621,0.99379,0.00000
121.20250,0.49500,0.00615,0.99385,0.00000
121.30250,0.49500,0.00342,0.99658,0.00000
121.40250,0.49500,0.00584,0.99416,0.00000
121.50250,0.49500,0.00512,0.99488,0.00000
121.60250,0.49500,0.00782,0.99218,0.00000
121.70250,0.49500,0.00607,0.99393,0.00000
121.80250,0.49500,0.00937,0.99063,0.00000
121.90250,0.49500,0.00535,0.99465,0.00000
122.00250,0.49500,0.00802,0.99198,0.00000
122.10250,0.49500,0.01068,0.98932,0.00000
122.20250,0.49500,0.00997,0.99003,0.00000
122.30250,0.49500,0.01560,0.98440,0.00000
122.40250,0.49500,0.00375,0.99625,0.00000
122.50250,0.49500,0.00629,0.99371,0.00000
122.60250,0.49500,0.00767,0.99233,0.00000
122.70250,0.49500,0.00811,0.99189,0.00000
122.80250,0.49500,0.00833,0.99167,0.00000
122.90250,0.49500,0.00540,0.99460,0.00000
123.00250,0.49500,0.01640,0.98360,0.00000
123.10250,0.49500,0.00566,0.99434,0.00000
123.20250,0.49500,0.01254,0.98746,0.00000
123.30250,0.49500,0.01374,0.98626,0.00000
123.40250,0.49500,0.01771,0.98229,0.00000
123.50250,0.49500,0.02259,0.97741,0.00000
123.60250,0.49500,0.01297,0.98703,0.00000
123.70250,0.49500,0.01702,0.98298,0.00000
123.80250,0.49500,0.01004,0.98996,0.00000
123.90250,0.49500,0.00802,0.99198,0.00000
124.00250,0.49500,0.00774,0.99226,0.00000
124.10250,0.49500,0.01708,0.98292,0.00000
124.20250,0.49500,0.01388,0.98612,0.00000
124.30250,0.49500,0.02359,0.97641,0.00000
124.40250,0.49500,0.00713,0.99287,0.00000
124.50250,0.49500,0.01013,0.98987,0.00000
124.60250,0.49500,0.01153,0.98847,0.00000
124.70250,0.49500,0.01418,0.98582,0.00000
124.80250,0.49500,0.01245,0.98755,0.00000
124.90250,0.49500,0.01193,0.98807,0.00000
125.00250,0.49500,0.00812,0.99188,0.00000
125.10250,0.49500,0.00496,0.99504,0.00000
125.20250,0.49500,0.00408,0.99592,0.00000
125.30250,0.49500,0.00554,0.99446,0.00000
125.40250,0.49500,0.00448,0.99552,0.00000
125.50250,0.49500,0.00479,0.99521,0.00000
125.60250,0.49500,0.00365,0.99635,0.00000
125.70250,0.49500,0.00685,0.99315,0.00000
125.80250,0.49500,0.00909,0.99091,0.00000
125.90250,0.49500,0.00551,0.99449,0.00000
126.00250,0.49500,0.00606,0.99394,0.00000
126.10250,0.49500,0.00847,0.99153,0.00000
126.20250,0.49500,0.01472,0.98528,0.00000
126.30250,0.49500,0.00885,0.99115,0.00000
126.40250,0.49500,0.01260,0.98740,0.00000
126.50250,0.49500,0.00661,0.99339,0.00000
126.60250,0.49500,0.00550,0.99450,0.00000
126.70250,0.49500,0.06801,0.93199,0.00000
126.80250,0.49500,0.55594,0.44406,0.00000
126.90250,0.49500,0.65235,0.34765,0.00000
127.00250,0.49500,0.87178,0.12822,0.00000
127.10250,0.49500,0.99859,0.00141,0.00000
127.20250,0.49500,1.00000,0.00000,0.00000
127.30250,0.49500,0.99996,0.00004,0.00000
127.40250,0.49500,0.99994,0.00006,0.00000
127.50250,0.49500,1.00000,0.00000,0.00000
127.60250,0.49500,1.00000,0.00000,0.00000
127.70250,0.49500,1.00000,0.00000,0.00000
127.80250,0.49500,1.00000,0.00000,0.00000
127.90250,0.49501,1.00000,0.00000,0.00000
128.00250,0.49500,1.00000,0.00000,0.00000
128.10249,0.49501,1.00000,0.00000,0.00000
128.20250,0.49500,1.00000,0.00000,0.00000
128.30251,0.49500,0.99999,0.00001,0.00000
128.40250,0.49501,0.97770,0.02230,0.00000
128.50250,0.49500,0.59893,0.40107,0.00000
128.60249,0.49501,0.29677,0.70323,0.00000
128.70250,0.49500,0.04963,0.95037,0.00000
128.80251,0.49500,0.02527,0.97473,0.00000
128.90250,0.49501,0.01234,0.98766,0.00000
129.00250,0.49500,0.00253,0.99747,0.00000
129.10249,0.49501,0.00636,0.99364,0.00000
129.20250,0.49500,0.00794,0.99206,0.00000
129.30251,0.49500,0.00977,0.99023,0.00000
129.40250,0.49501,0.01603,0.98397,0.00000
129.50250,0.49500,0.01682,0.98318,0.00000
129.60249,0.49501,0.02187,0.97812,0.00000
129.70250,0.49500,0.01288,0.98712,0.00000
129.80251,0.49500,0.00632,0.99368,0.00000
129.90250,0.49501,0.01578,0.98422,0.00000
130.00250,0.49500,0.01749,0.98251,0.00000
130.10249,0.49501,0.02096,0.97904,0.00000
130.20250,0.49500,0.03507,0.96493,0.00000
130.30251,0.49500,0.01130,0.98870,0.00000
130.40250,0.49501,0.01045,0.98955,0.00000
130.50250,0.49500,0.00595,0.99405,0.00000
130.60249,0.49501,0.00533,0.99467,0.00000
130.70250,0.49500,0.00769,0.99231,0.00000
130.80251,0.49500,0.00421,0.99578,0.00000
130.90250,0.49501,0.00838,0.99162,0.00000
131.00250,0.49500,0.00273,0.99727,0.00000
131.10249,0.49501,0.00571,0.99429,0.00000
131.20250,0.49500,0.00331,0.99669,0.00000
131.30251,0.49500,0.01454,0.98546,0.00000
131.40250,0.49501,0.01124,0.98876,0.00000
131.50250,0.49500,0.02124,0.97876,0.00000
131.60249,0.49501,0.01429,0.98571,0.00000
131.70250,0.49500,0.00532,0.99468,0.00000
131.80251,0.49500,0.00638,0.99361,0.00000
131.90250,0.49501,0.01186,0.98814,0.00000
132.00250,0.49500,0.01007,0.98993,0.00000
132.10249,0.49501,0.01493,0.98507,0.00000
132.20250,0.49500,0.00480,0.99520,0.00000
132.30251,0.49500,0.00506,0.99494,0.00000
132.40250,0.49501,0.00686,0.99314,0.00000
132.50250,0.49500,0.01409,0.98591,0.00000
132.60249,0.49501,0.00447,0.99553,0.00000
132.70250,0.49500,0.00561,0.99439,0.00000
132.80251,0.49500,0.00240,0.99760,0.00000
132.90250,0.49501,0.00420,0.99580,0.00000
133.00250,0.49500,0.00618,0.99382,0.00000
133.10249,0.49501,0.00315,0.99685,0.00000
133.20250,0.49500,0.01542,0.98458,0.00000
133.30251,0.49500,0.00592,0.99408,0.00000
133.40250,0.49501,0.00734,0.99266,0.00000
133.50250,0.49500,0.00624,0.99376,0.00000
133.60249,0.49501,0.00359,0.99641,0.00000
133.70250,0.49500,0.00277,0.99723,0.00000
133.80251,0.49500,0.00375,0.99625,0.00000
133.90250,0.49501,0.00433,0.99567,0.00000
134.00250,0.49500,0.00331,0.99669,0.00000
134.10249,0.49501,0.00536,0.99464,0.00000
134.20250,0.49500,0.00668,0.99332,0.00000
134.30251,0.49500,0.00961,0.99039,0.00000
134.40250,0.49501,0.01344,0.98656,0.00000
134.50250,0.49500,0.00798,0.99202,0.00000
134.60249,0.49501,0.01023,0.98977,0.00000
134.70250,0.49500,0.01274,0.98726,0.00000
134.80251,0.49500,0.01274,0.98726,0.00000
134.90250,0.49501,0.01957,0.98043,0.00000
135.00250,0.49500,0.01207,0.98793,0.00000
135.10249,0.49501,0.01128,0.98872,0.00000
135.20250,0.49500,0.00734,0.99266,0.00000
135.30251,0.49500,0.00418,0.99582,0.00000
135.40250,0.49501,0.00484,0.99515,0.00000
135.50250,0.49500,0.00293,0.99707,0.00000
135.60249,0.49501,0.00509,0.99491,0.00000
135.70250,0.49500,0.01966,0.98034,0.00000
135.80251,0.49500,0.00845,0.99155,0.00000
135.90250,0.49501,0.01155,0.98845,0.00000
136.00250,0.49500,0.00882,0.99118,0.00000
136.10249,0.49501,0.00704,0.99296,0.00000
136.20250,0.49500,0.00297,0.99702,0.00000
136.30251,0.49500,0.00731,0.99269,0.00000
136.40250,0.49501,0.00764,0.99236,0.00000
136.50250,0.49500,0.00708,0.99292,0.00000
136.60249,0.49501,0.00410,0.99590,0.00000
136.70250,0.49500,0.00380,0.99620,0.00000
136.80251,0.49500,0.00508,0.99492,0.00000
136.90250,0.49501,0.00572,0.99428,0.00000
137.00250,0.49500,0.00327,0.99673,0.00000
137.10249,0.49501,0.00406,0.99594,0.00000
137.20250,0.49500,0.00422,0.99578,0.00000
137.30251,0.49500,0.00388,0.99612,0.00000
137.40250,0.49501,0.00480,0.99520,0.00000
137.50250,0.49500,0.00691,0.99309,0.00000
137.60249,0.49501,0.00260,0.99740,0.00000
137.70250,0.49500,0.00360,0.99640,0.00000
137.80251,0.49500,0.00297,0.99702,0.00000
137.90250,0.49501,0.00622,0.99378,0.00000
138.00250,0.49500,0.00390,0.99610,0.00000
138.10249,0.49501,0.00916,0.99084,0.00000
138.20250,0.49500,0.00410,0.99590,0.00000
138.30251,0.49500,0.00438,0.99562,0.00000
138.40250,0.49501,0.01316,0.98684,0.00000
138.50250,0.49500,0.00506,0.99494,0.00000
138.60249,0.49501,0.01449,0.98551,0.00000
138.70250,0.49500,0.01137,0.98863,0.00000
138.80251,0.49500,0.00524,0.99476,0.00000
138.90250,0.49501,0.00311,0.99689,0.00000
139.00250,0.49500,0.00329,0.99671,0.00000
139.10249,0.49501,0.00535,0.99465,0.00000
139.20250,0.49500,0.00570,0.99430,0.00000
139.30251,0.49500,0.00542,0.99458,0.00000
139.40250,0.49501,0.00204,0.99796,0.00000
139.50250,0.49500,0.00173,0.99827,0.00000
139.60249,0.49501,0.00397,0.99603,0.00000
139.70250,0.49500,0.00389,0.99611,0.00000
139.80251,0.49500,0.00416,0.99584,0.00000
139.90250,0.49501,0.00536,0.99464,0.00000
140.00250,0.49500,0.00485,0.99515,0.00000
140.10249,0.49501,0.00807,0.99193,0.00000
140.20250,0.49500,0.00831,0.99169,0.00000
140.30251,0.49500,0.00794,0.99206,0.00000
140.40250,0.49501,0.00717,0.99283,0.00000
140.50250,0.49500,0.00412,0.99588,0.00000
140.60249,0.49501,0.00301,0.99699,0.00000
140.70250,0.49500,0.00318,0.99682,0.00000
140.80251,0.49500,0.00664,0.99336,0.00000
140.90250,0.49501,0.00896,0.99103,0.00000
141.00250,0.49500,0.00418,0.99582,0.00000
141.10249,0.49501,0.00601,0.99399,0.00000
141.20250,0.49500,0.00539,0.99461,0.00000
141.30251,0.49500,0.01076,0.98924,0.00000
141.40250,0.49501,0.01574,0.98426,0.00000
141.50250,0.49500,0.01264,0.98736,0.00000
141.60249,0.49501,0.00463,0.99537,0.00000
141.70250,0.49500,0.00507,0.99493,0.00000
141.80251,0.49500,0.00350,0.99650,0.00000
141.90250,0.49501,0.00515,0.99485,0.00000
142.00250,0.49500,0.02654,0.97346,0.00000
142.10249,0.49501,0.07799,0.92201,0.00000
142.20250,0.49500,0.04583,0.95417,0.00000
142.30251,0.49500,0.05163,0.94837,0.00000
142.40250,0.49501,0.01526,0.98474,0.00000
142.50250,0.49500,0.00933,0.99067,0.00000
142.60249,0.49501,0.02045,0.97955,0.00000
142.70250,0.49500,0.00845,0.99155,0.00000
142.80251,0.49500,0.00600,0.99400,0.00000
142.90250,0.49501,0.00753,0.99247,0.00000
143.00250,0.49500,0.00618,0.99382,0.00000
143.10249,0.49501,0.01220,0.98780,0.00000
143.20250,0.49500,0.00387,0.99613,0.00000
143.30251,0.49500,0.00308,0.99692,0.00000
143.40250,0.49501,0.00242,0.99758,0.00000
143.50250,0.49500,0.00331,0.99669,0.00000
143.60249,0.49501,0.00562,0.99438,0.00000
143.70250,0.49500,0.00532,0.99468,0.00000
143.80251,0.49500,0.00327,0.99673,0.00000
143.90250,0.49501,0.00270,0.99730,0.00000
144.00250,0.49500,0.00270,0.99730,0.00000
144.10249,0.49501,0.00259,0.99741,0.00000
144.20250,0.49500,0.00362,0.99638,0.00000
144.30251,0.49500,0.00301,0.99699,0.00000
144.40250,0.49501,0.00517,0.99483,0.00000
144.50250,0.49500,0.00596,0.99404,0.00000
144.60249,0.49501,0.00814,0.99186,0.00000
144.70250,0.49500,0.00464,0.99536,0.00000
144.80251,0.49500,0.00255,0.99745,0.00000
144.90250,0.49501,0.00746,0.99254,0.00000
145.00250,0.49500,0.00687,0.99313,0.00000
145.10249,0.49501,0.00624,0.99376,0.00000
145.20250,0.49500,0.00634,0.99366,0.00000
145.30251,0.49500,0.00191,0.99809,0.00000
145.40250,0.49501,0.00591,0.99409,0.00000
145.50250,0.49500,0.00624,0.99376,0.00000
145.60249,0.49501,0.00787,0.99213,0.00000
145.70250,0.49500,0.00416,0.99584,0.00000
145.80251,0.49500,0.00537,0.99463,0.00000
145.90250,0.49501,0.00494,0.99506,0.00000
146.00250,0.49500,0.00431,0.99569,0.00000
146.10249,0.49501,0.00506,0.99494,0.00000
146.20250,0.49500,0.00264,0.99736,0.00000
146.30251,0.49500,0.00269,0.99731,0.00000
146.40250,0.49501,0.00250,0.99750,0.00000
146.50250,0.49500,0.00360,0.99640,0.00000
146.60249,0.49501,0.00640,0.99360,0.00000
146.70250,0.49500,0.00622,0.99377,0.00000
146.80251,0.49500,0.00490,0.99510,0.00000
146.90250,0.49501,0.00603,0.99397,0.00000
147.00250,0.49500,0.00385,0.99615,0.00000
147.10249,0.49501,0.01191,0.98809,0.00000
147.20250,0.49500,0.05033,0.94967,0.00000
147.30251,0.49500,0.13784,0.86216,0.00000
147.40250,0.49501,0.04886,0.95114,0.00000
147.50250,0.49500,0.02716,0.97284,0.00000
147.60249,0.49501,0.00589,0.99411,0.00000
147.70250,0.49500,0.02145,0.97855,0.00000
147.80251,0.49500,0.01641,0.98359,0.00000
147.90250,0.49501,0.03048,0.96952,0.00000
148.00250,0.49500,0.01840,0.98160,0.00000
148.10249,0.49501,0.01151,0.98849,0.00000
148.20250,0.49500,0.00638,0.99362,0.00000
148.30251,0.49500,0.00685,0.99315,0.00000
148.40250,0.49501,0.01322,0.98678,0.00000
148.50250,0.49500,0.12812,0.87188,0.00000
148.60249,0.49501,0.23811,0.76189,0.00000
148.70250,0.49500,0.34441,0.65559,0.00000
148.80251,0.49500,0.44917,0.55083,0.00000
148.90250,0.49501,0.99275,0.00725,0.00000
149.00250,0.49500,0.99180,0.00820,0.00000
149.10249,0.49501,1.00000,0.00000,0.00000
149.20250,0.49500,0.99997,0.00003,0.00000
149.30251,0.49500,1.00000,0.00000,0.00000
149.40250,0.49501,1.00000,0.00000,0.00000
149.50250,0.49500,1.00000,0.00000,0.00000
149.60249,0.49501,0.99997,0.00003,0.00000
149.70250,0.49500,0.99982,0.00019,0.00000
149.80251,0.49500,0.96979,0.03021,0.00000
149.90250,0.49501,0.99370,0.00630,0.00000
150.00250,0.49500,0.99875,0.00125,0.00000
150.10249,0.49501,0.94290,0.05710,0.00000
150.20250,0.49500,0.96908,0.03092,0.00000
150.30251,0.49500,0.64157,0.35843,0.00000
150.40250,0.49501,0.72360,0.27640,0.00000
150.50250,0.49500,0.81103,0.18897,0.00000
150.60249,0.49501,0.54059,0.45941,0.00000
150.70250,0.49500,0.79090,0.20910,0.00000
150.80251,0.49500,0.63395,0.36605,0.00000
150.90250,0.49501,0.43119,0.56881,0.00000
151.00250,0.49500,0.49557,0.50443,0.00000
151.10249,0.49501,0.99051,0.00949,0.00000
151.20250,0.49500,0.99965,0.00035,0.00000
151.30251,0.49500,1.00000,0.00000,0.00000
151.40250,0.49501,1.00000,0.00000,0.00000
151.50250,0.49500,0.99999,0.00001,0.00000
151.60249,0.49501,1.00000,0.00000,0.00000
151.70250,0.49500,1.00000,0.00000,0.00000
151.80251,0.49500,1.00000,0.00000,0.00000
151.90250,0.49501,0.99903,0.00097,0.00000
152.00250,0.49500,1.00000,0.00000,0.00000
152.10249,0.49501,0.98264,0.01736,0.00000
152.20250,0.49500,0.99448,0.00552,0.00000
152.30251,0.49500,0.99805,0.00177,0.00018
152.40250,0.49501,0.94405,0.05592,0.00003
152.50250,0.49500,0.95145,0.04655,0.00200
152.60249,0.49501,0.23078,0.76315,0.00608
152.70250,0.49500,0.03491,0.96197,0.00312
152.80251,0.49500,0.02803,0.93603,0.03594
152.90250,0.49501,0.02675,0.96607,0.00718
153.00250,0.49500,0.00939,0.98691,0.00370
153.10249,0.49501,0.03072,0.96238,0.00690
153.20250,0.49500,0.02089,0.96850,0.01061
153.30251,0.49500,0.01490,0.98020,0.00489
153.40250,0.49501,0.00754,0.98460,0.00786
153.50250,0.49500,0.00663,0.98906,0.00431
153.60249,0.49501,0.00535,0.98573,0.00891
153.70250,0.49500,0.00736,0.98879,0.00385
153.80251,0.49500,0.00643,0.98344,0.01013
153.90250,0.49501,0.00894,0.98307,0.00799
154.00250,0.49500,0.00820,0.97937,0.01243
154.10249,0.49501,0.01414,0.98142,0.00443
154.20250,0.49500,0.02463,0.95395,0.02142
154.30251,0.49500,0.05613,0.94080,0.00306
154.40250,0.49501,0.01350,0.98184,0.00466
154.50250,0.49500,0.01655,0.97613,0.00731
154.60249,0.49501,0.01533,0.96328,0.02138
154.70250,0.49500,0.00715,0.98774,0.00511
154.80251,0.49500,0.01076,0.98488,0.00435
154.90250,0.49501,0.01370,0.98297,0.00333
155.00250,0.49500,0.00827,0.98722,0.00452
155.10249,0.49501,0.01866,0.97428,0.00706
155.20250,0.49500,0.02278,0.96648,0.01074
155.30251,0.49500,0.03125,0.96424,0.00451
155.40250,0.49501,0.01576,0.97273,0.01151
155.50250,0.49500,0.01374,0.96870,0.01756
155.60249,0.49501,0.01301,0.96616,0.02083
155.70250,0.49500,0.00672,0.98579,0.00749
155.80251,0.49500,0.05080,0.92962,0.01958
155.90250,0.49501,0.06281,0.92240,0.01479
156.00250,0.49500,0.08841,0.89709,0.01450
156.10249,0.49501,0.12627,0.84681,0.02693
156.20250,0.49500,0.04488,0.94002,0.01510
156.30251,0.49500,0.02477,0.94585,0.02939
156.40250,0.49501,0.02251,0.95916,0.01832
156.50250,0.49500,0.00783,0.98510,0.00707
156.60249,0.49501,0.00543,0.97485,0.01972
156.70250,0.49500,0.01085,0.97450,0.01464
156.80251,0.49500,0.00499,0.97895,0.01606
156.90250,0.49501,0.00549,0.97624,0.01827
157.00250,0.49500,0.00473,0.96775,0.02751
157.10249,0.49501,0.01022,0.97095,0.01882
157.20250,0.49500,0.00884,0.98575,0.00541
157.30251,0.49500,0.01804,0.97488,0.00708
157.40250,0.49501,0.03384,0.93798,0.02818
157.50250,0.49500,0.02482,0.96757,0.00761
157.60249,0.49501,0.06261,0.93044,0.00695
157.70250,0.49500,0.06451,0.90969,0.02580
157.80251,0.49500,0.04006,0.94967,0.01027
157.90250,0.49501,0.00901,0.98161,0.00938
158.00250,0.49500,0.00638,0.98694,0.00667
158.10249,0.49501,0.01012,0.97087,0.01901
158.20250,0.49500,0.00878,0.97947,0.01175
158.30251,0.49500,0.00575,0.99011,0.00414
