Time (seconds), Duration (seconds),pred_(unlabeled),pred_empty_box,pred_table
0.00250,0.49500,0.00945,0.99029,0.00026
0.10250,0.49500,0.02207,0.97693,0.00100
0.20250,0.49500,0.00844,0.99109,0.00047
0.30250,0.49500,0.02362,0.97569,0.00069
0.40250,0.49500,0.04689,0.95059,0.00253
0.50250,0.49500,0.04774,0.95112,0.00114
0.60250,0.49500,0.03990,0.95763,0.00248
0.70250,0.49500,0.01326,0.98460,0.00214
0.80250,0.49500,0.00699,0.99007,0.00295
0.90250,0.49500,0.01650,0.97841,0.00509
1.00250,0.49500,0.02743,0.95896,0.01361
1.10250,0.49500,0.00962,0.98302,0.00736
1.20250,0.49500,0.00947,0.98267,0.00787
1.30250,0.49500,0.00604,0.98629,0.00767
1.40250,0.49500,0.00873,0.98685,0.00443
1.50250,0.49500,0.02080,0.97624,0.00296
1.60250,0.49500,0.02809,0.96799,0.00391
1.70250,0.49500,0.03762,0.95972,0.00266
1.80250,0.49500,0.03048,0.96633,0.00319
1.90250,0.49500,0.01705,0.97933,0.00362
2.00250,0.49500,0.03162,0.95921,0.00917
2.10250,0.49500,0.01301,0.98033,0.00666
2.20250,0.49500,0.01585,0.98086,0.00328
2.30250,0.49500,0.03374,0.95285,0.01341
2.40250,0.49500,0.00726,0.99048,0.00226
2.50250,0.49500,0.00521,0.99342,0.00137
2.60250,0.49500,0.00946,0.98601,0.00452
2.70250,0.49500,0.01829,0.97984,0.00188
2.80250,0.49500,0.01048,0.98780,0.00171
2.90250,0.49500,0.00751,0.98867,0.00382
3.00250,0.49500,0.00695,0.98748,0.00557
3.10250,0.49500,0.00473,0.99381,0.00146
3.20250,0.49500,0.00345,0.99575,0.00080
3.30250,0.49500,0.01264,0.98301,0.00435
3.40250,0.49500,0.01053,0.98778,0.00169
3.50250,0.49500,0.01817,0.98012,0.00171
3.60250,0.49500,0.01392,0.98311,0.00297
3.70250,0.49500,0.00422,0.99463,0.00115
3.80250,0.49500,0.01066,0.98116,0.00818
3.90250,0.49500,0.00425,0.99387,0.00188
4.00250,0.49500,0.00290,0.99414,0.00295
4.10250,0.49500,0.02092,0.96958,0.00950
4.20250,0.49500,0.02113,0.96997,0.00890
4.30250,0.49500,0.04666,0.95026,0.00308
4.40250,0.49500,0.04356,0.93123,0.02521
4.50250,0.49500,0.06872,0.92305,0.00824
4.60250,0.49500,0.01230,0.98176,0.00595
4.70250,0.49500,0.01961,0.97156,0.00883
4.80250,0.49500,0.00827,0.98738,0.00434
4.90250,0.49500,0.00705,0.99042,0.00253
5.00250,0.49500,0.00818,0.98942,0.00240
5.10250,0.49500,0.00762,0.99050,0.00188
5.20250,0.49500,0.00537,0.99396,0.00067
5.30250,0.49500,0.00418,0.99553,0.00029
5.40250,0.49500,0.00291,0.99667,0.00042
5.50250,0.49500,0.00211,0.99714,0.00076
5.60250,0.49500,0.00475,0.99465,0.00060
5.70250,0.49500,0.00810,0.99127,0.00063
5.80250,0.49500,0.00590,0.99364,0.00046
5.90250,0.49500,0.01126,0.98773,0.00101
6.00250,0.49500,0.01928,0.97948,0.00124
6.10250,0.49500,0.02159,0.97778,0.00063
6.20250,0.49500,0.07808,0.91461,0.00730
6.30250,0.49500,0.01143,0.98764,0.00093
6.40250,0.49500,0.00793,0.99089,0.00118
6.50250,0.49500,0.00542,0.99338,0.00120
6.60250,0.49500,0.00746,0.99165,0.00089
6.70250,0.49500,0.00417,0.99526,0.00057
6.80250,0.49500,0.00189,0.99783,0.00028
6.90250,0.49500,0.00480,0.99454,0.00065
7.00250,0.49500,0.00350,0.99604,0.00046
7.10250,0.49500,0.00201,0.99763,0.00036
7.20250,0.49500,0.00418,0.99548,0.00034
7.30250,0.49500,0.00306,0.99674,0.00021
7.40250,0.49500,0.00252,0.99736,0.00012
7.50250,0.49500,0.00284,0.99708,0.00008
7.60250,0.49500,0.00367,0.99545,0.00088
7.70250,0.49500,0.00298,0.99627,0.00074
7.80250,0.49500,0.01531,0.98116,0.00352
7.90250,0.49500,0.00373,0.99480,0.00147
8.00250,0.49500,0.00685,0.98927,0.00388
8.10250,0.49500,0.00418,0.99498,0.00084
8.20250,0.49500,0.00232,0.99603,0.00165
8.30250,0.49500,0.00534,0.99417,0.00049
8.40250,0.49500,0.00596,0.99363,0.00041
8.50250,0.49500,0.02199,0.97777,0.00024
8.60250,0.49500,0.02807,0.97156,0.00037
8.70250,0.49500,0.03613,0.96368,0.00020
8.80250,0.49500,0.02378,0.97555,0.00066
8.90250,0.49500,0.01995,0.97980,0.00025
9.00250,0.49500,0.00508,0.99480,0.00013
9.10250,0.49500,0.00330,0.99651,0.00018
9.20250,0.49500,0.00579,0.99401,0.00020
9.30250,0.49500,0.00788,0.99178,0.00034
9.40250,0.49500,0.00790,0.99172,0.00038
9.50250,0.49500,0.00632,0.99342,0.00026
9.60250,0.49500,0.01154,0.98772,0.00074
9.70250,0.49500,0.01417,0.98535,0.00049
9.80250,0.49500,0.00623,0.99292,0.00085
9.90250,0.49500,0.00731,0.99072,0.00197
10.00250,0.49500,0.00251,0.99713,0.00036
10.10250,0.49500,0.00346,0.99611,0.00042
10.20250,0.49500,0.00578,0.99388,0.00034
10.30250,0.49500,0.00594,0.99361,0.00044
10.40250,0.49500,0.00427,0.99540,0.00032
10.50250,0.49500,0.00467,0.99497,0.00037
10.60250,0.49500,0.01492,0.98488,0.00020
10.70250,0.49500,0.01097,0.98855,0.00049
10.80250,0.49500,0.01153,0.98808,0.00039
10.90250,0.49500,0.00485,0.99480,0.00035
11.00250,0.49500,0.00394,0.99582,0.00024
11.10250,0.49500,0.01576,0.98402,0.00022
11.20250,0.49500,0.01536,0.98363,0.00101
11.30250,0.49500,0.01928,0.98039,0.00033
11.40250,0.49500,0.00338,0.99616,0.00045
11.50250,0.49500,0.01146,0.98797,0.00057
11.60250,0.49500,0.01280,0.98515,0.00205
11.70250,0.49500,0.01116,0.98696,0.00189
11.80250,0.49500,0.01577,0.98371,0.00052
11.90250,0.49500,0.00894,0.98755,0.00350
12.00250,0.49500,0.04045,0.95875,0.00079
12.10250,0.49500,0.01281,0.98652,0.00066
12.20250,0.49500,0.01788,0.98101,0.00111
12.30250,0.49500,0.00663,0.99283,0.00055
12.40250,0.49500,0.00519,0.99412,0.00068
12.50250,0.49500,0.01111,0.98692,0.00197
12.60250,0.49500,0.01005,0.98443,0.00552
12.70250,0.49500,0.00375,0.99603,0.00022
12.80250,0.49500,0.00652,0.99332,0.00016
12.90250,0.49500,0.00237,0.99705,0.00057
13.00250,0.49500,0.00645,0.99312,0.00043
13.10250,0.49500,0.00741,0.99219,0.00040
13.20250,0.49500,0.01236,0.98749,0.00014
13.30250,0.49500,0.01034,0.98944,0.00022
13.40250,0.49500,0.00990,0.98988,0.00022
13.50250,0.49500,0.01174,0.98822,0.00005
13.60250,0.49500,0.00625,0.99368,0.00006
13.70250,0.49500,0.00717,0.99279,0.00003
13.80250,0.49500,0.00782,0.99201,0.00017
13.90250,0.49500,0.01059,0.98928,0.00012
14.00250,0.49500,0.01032,0.98938,0.00030
14.10250,0.49500,0.01077,0.98856,0.00067
14.20250,0.49500,0.00626,0.99344,0.00030
14.30250,0.49500,0.00943,0.99030,0.00027
14.40250,0.49500,0.01071,0.98915,0.00015
14.50250,0.49500,0.00618,0.99344,0.00038
14.60250,0.49500,0.00437,0.99509,0.00054
14.70250,0.49500,0.00701,0.99248,0.00051
14.80250,0.49500,0.00724,0.99171,0.00105
14.90250,0.49500,0.02508,0.97293,0.00198
15.00250,0.49500,0.01526,0.98351,0.00123
15.10250,0.49500,0.00548,0.99265,0.00187
15.20250,0.49500,0.00628,0.98477,0.00895
15.30250,0.49500,0.00769,0.99105,0.00126
15.40250,0.49500,0.01000,0.98765,0.00235
15.50250,0.49500,0.01370,0.98357,0.00273
15.60250,0.49500,0.00710,0.99133,0.00157
15.70250,0.49500,0.00778,0.98944,0.00278
15.80250,0.49500,0.00506,0.99436,0.00059
15.90250,0.49500,0.01289,0.98016,0.00695
16.00250,0.49500,0.00890,0.98962,0.00148
16.10250,0.49500,0.00871,0.99007,0.00122
16.20250,0.49500,0.01150,0.98756,0.00093
16.30250,0.49500,0.02349,0.97322,0.00329
16.40250,0.49500,0.02728,0.97101,0.00171
16.50250,0.49500,0.00645,0.99026,0.00329
16.60250,0.49500,0.00602,0.98907,0.00491
16.70250,0.49500,0.00491,0.99093,0.00416
16.80250,0.49500,0.00901,0.97762,0.01337
16.90250,0.49500,0.00435,0.99375,0.00190
17.00250,0.49500,0.01462,0.98242,0.00296
17.10250,0.49500,0.02296,0.95675,0.02029
17.20250,0.49500,0.01808,0.97857,0.00335
17.30250,0.49500,0.01793,0.97501,0.00707
17.40250,0.49500,0.01142,0.98529,0.00329
17.50250,0.49500,0.01143,0.98710,0.00146
17.60250,0.49500,0.01900,0.98052,0.00047
17.70250,0.49500,0.01768,0.97885,0.00348
17.80250,0.49500,0.02097,0.97877,0.00026
17.90250,0.49500,0.03812,0.95782,0.00406
18.00250,0.49500,0.01870,0.97950,0.00180
18.10250,0.49500,0.01570,0.98198,0.00232
18.20250,0.49500,0.01247,0.98299,0.00454
18.30250,0.49500,0.01407,0.98419,0.00174
18.40250,0.49500,0.01093,0.98544,0.00363
18.50250,0.49500,0.01398,0.98199,0.00403
18.60250,0.49500,0.02285,0.97450,0.00265
18.70250,0.49500,0.01945,0.98015,0.00040
18.80250,0.49500,0.05245,0.94670,0.00085
18.90250,0.49500,0.03102,0.96881,0.00017
19.00250,0.49500,0.03216,0.96739,0.00045
19.10250,0.49500,0.00983,0.99010,0.00007
19.20250,0.49500,0.01613,0.98356,0.00032
19.30250,0.49500,0.00934,0.99010,0.00056
19.40250,0.49500,0.00812,0.99153,0.00035
19.50250,0.49500,0.01091,0.98758,0.00151
19.60250,0.49500,0.01201,0.98466,0.00334
19.70250,0.49500,0.00846,0.98925,0.00229
19.80250,0.49500,0.00523,0.99400,0.00078
19.90250,0.49500,0.00424,0.99334,0.00242
20.00250,0.49500,0.00663,0.99255,0.00081
20.10250,0.49500,0.00195,0.99737,0.00069
20.20250,0.49500,0.00604,0.99264,0.00132
20.30250,0.49500,0.00365,0.99412,0.00223
20.40250,0.49500,0.01336,0.98196,0.00468
20.50250,0.49500,0.00961,0.98891,0.00148
20.60250,0.49500,0.00854,0.98898,0.00248
20.70250,0.49500,0.01500,0.98282,0.00218
20.80250,0.49500,0.00565,0.99418,0.00017
20.90250,0.49500,0.00915,0.99045,0.00040
21.00250,0.49500,0.00781,0.98894,0.00325
21.10250,0.49500,0.00570,0.99288,0.00142
21.20250,0.49500,0.00742,0.99230,0.00028
21.30250,0.49500,0.00434,0.99450,0.00116
21.40250,0.49500,0.00844,0.98263,0.00893
21.50250,0.49500,0.01087,0.98844,0.00069
21.60250,0.49500,0.01402,0.98567,0.00030
21.70250,0.49500,0.01839,0.98105,0.00055
21.80250,0.49500,0.02556,0.97340,0.00105
21.90250,0.49500,0.00833,0.99150,0.00017
22.00250,0.49500,0.00699,0.99291,0.00011
22.10250,0.49500,0.00443,0.99549,0.00009
22.20250,0.49500,0.00280,0.99713,0.00006
22.30250,0.49500,0.01275,0.98712,0.00012
22.40250,0.49500,0.00287,0.99704,0.00009
22.50250,0.49500,0.00382,0.99617,0.00001
22.60250,0.49500,0.00448,0.99544,0.00008
22.70250,0.49500,0.00699,0.99290,0.00011
22.80250,0.49500,0.00305,0.99675,0.00020
22.90250,0.49500,0.00254,0.99729,0.00017
23.00250,0.49500,0.02826,0.96947,0.00228
23.10250,0.49500,0.01227,0.98750,0.00023
23.20250,0.49500,0.02834,0.96735,0.00430
23.30250,0.49500,0.07199,0.91677,0.01123
23.40250,0.49500,0.00875,0.98913,0.00212
23.50250,0.49500,0.00627,0.99099,0.00274
23.60250,0.49500,0.00868,0.99016,0.00116
23.70250,0.49500,0.00490,0.99288,0.00222
23.80250,0.49500,0.00669,0.99118,0.00213
23.90250,0.49500,0.01267,0.98606,0.00127
24.00250,0.49500,0.01528,0.98418,0.00054
24.10250,0.49500,0.01338,0.98576,0.00086
24.20250,0.49500,0.02246,0.97657,0.00097
24.30250,0.49500,0.01869,0.97792,0.00340
24.40250,0.49500,0.01598,0.97980,0.00422
24.50250,0.49500,0.00636,0.99217,0.00147
24.60250,0.49500,0.00718,0.99193,0.00088
24.70250,0.49500,0.00454,0.99532,0.00014
24.80250,0.49500,0.00959,0.98960,0.00082
24.90250,0.49500,0.01263,0.98724,0.00013
25.00250,0.49500,0.02636,0.97275,0.00089
25.10250,0.49500,0.01098,0.98766,0.00135
25.20250,0.49500,0.01072,0.98710,0.00218
25.30250,0.49500,0.00807,0.99107,0.00086
25.40250,0.49500,0.00235,0.99697,0.00067
25.50250,0.49500,0.00277,0.99569,0.00154
25.60250,0.49500,0.00237,0.99700,0.00063
25.70250,0.49500,0.00230,0.99758,0.00012
25.80250,0.49500,0.00944,0.99047,0.00010
25.90250,0.49500,0.00912,0.99086,0.00002
26.00250,0.49500,0.01166,0.98830,0.00005
26.10250,0.49500,0.02123,0.97872,0.00005
26.20250,0.49500,0.01316,0.98674,0.00010
26.30250,0.49500,0.00515,0.99479,0.00006
26.40250,0.49500,0.01194,0.98793,0.00013
26.50250,0.49500,0.00701,0.99268,0.00031
26.60250,0.49500,0.00478,0.99506,0.00015
26.70250,0.49500,0.00332,0.99656,0.00012
26.80250,0.49500,0.00216,0.99765,0.00019
26.90250,0.49500,0.00227,0.99763,0.00010
27.00250,0.49500,0.00638,0.99250,0.00111
27.10250,0.49500,0.00924,0.98533,0.00544
27.20250,0.49500,0.00784,0.99131,0.00085
27.30250,0.49500,0.00568,0.99130,0.00302
27.40250,0.49500,0.00943,0.98826,0.00231
27.50250,0.49500,0.01096,0.97465,0.01440
27.60250,0.49500,0.00976,0.98916,0.00109
27.70250,0.49500,0.02661,0.96760,0.00579
27.80250,0.49500,0.01463,0.97933,0.00604
27.90250,0.49500,0.01691,0.98265,0.00044
28.00250,0.49500,0.02442,0.96719,0.00839
28.10250,0.49500,0.01446,0.97028,0.01526
28.20250,0.49500,0.00808,0.99132,0.00061
28.30250,0.49500,0.01246,0.98644,0.00110
28.40250,0.49500,0.00409,0.99360,0.00231
28.50250,0.49500,0.00457,0.99328,0.00215
28.60250,0.49500,0.00260,0.99642,0.00098
28.70250,0.49500,0.00282,0.99689,0.00029
28.80250,0.49500,0.00195,0.99790,0.00014
28.90250,0.49500,0.01282,0.98534,0.00184
29.00250,0.49500,0.00773,0.99212,0.00015
29.10250,0.49500,0.00737,0.99237,0.00026
29.20250,0.49500,0.00437,0.99530,0.00033
29.30250,0.49500,0.00441,0.99545,0.00014
29.40250,0.49500,0.00208,0.99756,0.00035
29.50250,0.49500,0.00402,0.99505,0.00093
29.60250,0.49500,0.00644,0.99210,0.00146
29.70250,0.49500,0.02099,0.97661,0.00240
29.80250,0.49500,0.03131,0.96056,0.00813
29.90250,0.49500,0.00628,0.98453,0.00919
30.00250,0.49500,0.00588,0.99180,0.00232
30.10250,0.49500,0.01671,0.97072,0.01257
30.20250,0.49500,0.01118,0.98518,0.00364
30.30250,0.49500,0.03089,0.96569,0.00341
30.40250,0.49500,0.01238,0.98451,0.00312
30.50250,0.49500,0.00892,0.98980,0.00128
30.60250,0.49500,0.01313,0.98607,0.00080
30.70250,0.49500,0.01259,0.98674,0.00067
30.80250,0.49500,0.01804,0.98126,0.00070
30.90250,0.49500,0.00867,0.99089,0.00043
31.00250,0.49500,0.01147,0.98592,0.00261
31.10250,0.49500,0.00787,0.99181,0.00032
31.20250,0.49500,0.00583,0.99243,0.00174
31.30250,0.49500,0.00394,0.99431,0.00175
31.40250,0.49500,0.00546,0.99395,0.00059
31.50250,0.49500,0.00788,0.99051,0.00161
31.60250,0.49500,0.01531,0.98252,0.00217
31.70250,0.49500,0.01358,0.98465,0.00177
31.80250,0.49500,0.00746,0.98963,0.00291
31.90250,0.49500,0.01845,0.97817,0.00338
32.00250,0.49500,0.01298,0.98155,0.00547
32.10250,0.49500,0.03724,0.96111,0.00165
32.20250,0.49500,0.07110,0.91737,0.01153
32.30250,0.49500,0.05395,0.94263,0.00341
32.40250,0.49500,0.01913,0.98053,0.00035
32.50250,0.49500,0.01540,0.98394,0.00067
32.60250,0.49500,0.01780,0.98101,0.00119
32.70250,0.49500,0.00890,0.99096,0.00013
32.80250,0.49500,0.00625,0.99368,0.00007
32.90250,0.49500,0.01899,0.98051,0.00050
33.00250,0.49500,0.00454,0.99539,0.00007
33.10250,0.49500,0.00457,0.99506,0.00038
33.20250,0.49500,0.02216,0.97715,0.00069
33.30250,0.49500,0.02468,0.97222,0.00309
33.40250,0.49500,0.01992,0.97731,0.00277
33.50250,0.49500,0.01605,0.98027,0.00369
33.60250,0.49500,0.00800,0.99165,0.00034
33.70250,0.49500,0.00500,0.99420,0.00080
33.80250,0.49500,0.00712,0.99216,0.00072
33.90250,0.49500,0.00925,0.99048,0.00027
34.00250,0.49500,0.01107,0.98848,0.00045
34.10250,0.49500,0.01528,0.98386,0.00086
34.20250,0.49500,0.02093,0.97558,0.00349
34.30250,0.49500,0.00813,0.98692,0.00495
34.40250,0.49500,0.01724,0.97415,0.00861
34.50250,0.49500,0.00341,0.99474,0.00185
34.60250,0.49500,0.00469,0.98711,0.00821
34.70250,0.49500,0.01984,0.97191,0.00824
34.80250,0.49500,0.01258,0.98499,0.00243
34.90250,0.49500,0.00482,0.98418,0.01101
35.00250,0.49500,0.00778,0.98488,0.00733
35.10250,0.49500,0.00269,0.99213,0.00518
35.20250,0.49500,0.01813,0.97151,0.01035
35.30250,0.49500,0.01561,0.97827,0.00612
35.40250,0.49500,0.00874,0.98921,0.00205
35.50250,0.49500,0.01395,0.97891,0.00714
35.60250,0.49500,0.00490,0.99376,0.00133
35.70250,0.49500,0.00849,0.98473,0.00677
35.80250,0.49500,0.00594,0.98659,0.00747
35.90250,0.49500,0.00209,0.99691,0.00100
36.00250,0.49500,0.00242,0.99624,0.00134
36.10250,0.49500,0.00427,0.99289,0.00283
36.20250,0.49500,0.00561,0.99263,0.00176
36.30250,0.49500,0.01876,0.97287,0.00838
36.40250,0.49500,0.01578,0.97943,0.00479
36.50250,0.49500,0.01202,0.98201,0.00596
36.60250,0.49500,0.02090,0.97593,0.00316
36.70250,0.49500,0.01991,0.97865,0.00144
36.80250,0.49500,0.01129,0.98835,0.00036
36.90250,0.49500,0.03895,0.95963,0.00142
37.00250,0.49500,0.02200,0.97776,0.00024
37.10250,0.49500,0.00587,0.99405,0.00008
37.20250,0.49500,0.01373,0.98613,0.00014
37.30250,0.49500,0.00406,0.99589,0.00005
37.40250,0.49500,0.00446,0.99481,0.00073
37.50250,0.49500,0.00610,0.99346,0.00045
37.60250,0.49500,0.00284,0.99687,0.00029
37.70250,0.49500,0.00305,0.99658,0.00037
37.80250,0.49500,0.00332,0.99360,0.00308
37.90250,0.49500,0.00193,0.99397,0.00410
38.00250,0.49500,0.01113,0.98532,0.00354
38.10250,0.49500,0.02285,0.95846,0.01869
38.20250,0.49500,0.02839,0.95494,0.01667
38.30250,0.49500,0.03022,0.92855,0.04123
38.40250,0.49500,0.00906,0.98813,0.00281
38.50250,0.49500,0.01076,0.98586,0.00339
38.60250,0.49500,0.01318,0.92983,0.05698
38.70250,0.49500,0.00746,0.98776,0.00478
38.80250,0.49500,0.00838,0.98942,0.00220
38.90250,0.49500,0.00887,0.98206,0.00908
39.00250,0.49500,0.00893,0.99040,0.00067
39.10250,0.49500,0.00701,0.99235,0.00064
39.20250,0.49500,0.00747,0.99218,0.00035
39.30250,0.49500,0.00500,0.99433,0.00067
39.40250,0.49500,0.00402,0.99593,0.00005
39.50250,0.49500,0.00905,0.99088,0.00007
39.60250,0.49500,0.00552,0.99428,0.00020
39.70250,0.49500,0.00977,0.99015,0.00008
39.80250,0.49500,0.00672,0.99310,0.00018
39.90250,0.49500,0.00967,0.98993,0.00039
40.00250,0.49500,0.00692,0.99196,0.00112
40.10250,0.49500,0.00842,0.99136,0.00022
40.20250,0.49500,0.00661,0.99166,0.00173
40.30250,0.49500,0.00392,0.99567,0.00041
40.40250,0.49500,0.00457,0.99252,0.00291
40.50250,0.49500,0.00747,0.99138,0.00114
40.60250,0.49500,0.03658,0.96074,0.00268
40.70250,0.49500,0.03064,0.96792,0.00143
40.80250,0.49500,0.00713,0.99258,0.00029
40.90250,0.49500,0.01420,0.98527,0.00053
41.00250,0.49500,0.00585,0.99400,0.00015
41.10250,0.49500,0.00741,0.99245,0.00015
41.20250,0.49500,0.01182,0.98812,0.00007
41.30250,0.49500,0.00418,0.99580,0.00003
41.40250,0.49500,0.01130,0.98868,0.00002
41.50250,0.49500,0.00907,0.99089,0.00004
41.60250,0.49500,0.00549,0.99448,0.00003
41.70250,0.49500,0.01074,0.98924,0.00002
41.80250,0.49500,0.02251,0.97744,0.00005
41.90250,0.49500,0.01072,0.98922,0.00006
42.00250,0.49500,0.01544,0.98442,0.00014
42.10250,0.49500,0.00708,0.99267,0.00025
42.20250,0.49500,0.00438,0.99538,0.00024
42.30250,0.49500,0.00447,0.99468,0.00084
42.40250,0.49500,0.00749,0.99126,0.00125
42.50250,0.49500,0.01020,0.98932,0.00047
42.60250,0.49500,0.00735,0.99138,0.00127
42.70250,0.49500,0.00823,0.99126,0.00051
42.80250,0.49500,0.01776,0.97849,0.00375
42.90250,0.49500,0.00923,0.98559,0.00518
43.00250,0.49500,0.00329,0.99547,0.00124
43.10250,0.49500,0.00224,0.99561,0.00215
43.20250,0.49500,0.00328,0.99054,0.00618
43.30250,0.49500,0.00620,0.98407,0.00973
43.40250,0.49500,0.00758,0.98817,0.00425
43.50250,0.49500,0.01200,0.97170,0.01630
43.60250,0.49500,0.00381,0.99108,0.00511
43.70250,0.49500,0.00829,0.96608,0.02563
43.80250,0.49500,0.00656,0.97560,0.01784
43.90250,0.49500,0.01238,0.96677,0.02085
44.00250,0.49500,0.01011,0.96655,0.02334
44.10250,0.49500,0.00979,0.96086,0.02935
44.20250,0.49500,0.00577,0.97150,0.02273
44.30250,0.49500,0.01234,0.97978,0.00788
44.40250,0.49500,0.00751,0.98436,0.00813
44.50250,0.49500,0.00791,0.98644,0.00566
44.60250,0.49500,0.03644,0.94037,0.02319
44.70250,0.49500,0.01074,0.97673,0.01253
44.80250,0.49500,0.00656,0.98435,0.00909
44.90250,0.49500,0.01276,0.91841,0.06883
45.00250,0.49500,0.00841,0.98162,0.00998
45.10250,0.49500,0.00598,0.98324,0.01077
45.20250,0.49500,0.01001,0.97475,0.01525
45.30250,0.49500,0.00883,0.98594,0.00523
45.40250,0.49500,0.00368,0.99161,0.00471
45.50250,0.49500,0.00523,0.98900,0.00576
45.60250,0.49500,0.00561,0.98503,0.00936
45.70250,0.49500,0.00608,0.98422,0.00970
45.80250,0.49500,0.00755,0.98090,0.01155
45.90250,0.49500,0.00686,0.98478,0.00836
46.00250,0.49500,0.01181,0.98220,0.00599
46.10250,0.49500,0.02082,0.96731,0.01187
46.20250,0.49500,0.05728,0.93549,0.00723
46.30250,0.49500,0.02290,0.97620,0.00091
46.40250,0.49500,0.05557,0.93760,0.00683
46.50250,0.49500,0.03943,0.95400,0.00657
46.60250,0.49500,0.01507,0.98400,0.00093
46.70250,0.49500,0.03033,0.96865,0.00102
46.80250,0.49500,0.20998,0.78922,0.00079
46.90250,0.49500,0.16285,0.83681,0.00035
47.00250,0.49500,0.08685,0.91247,0.00068
47.10250,0.49500,0.02393,0.97539,0.00068
47.20250,0.49500,0.00392,0.99600,0.00008
47.30250,0.49500,0.00461,0.99518,0.00021
47.40250,0.49500,0.00477,0.99160,0.00363
47.50250,0.49500,0.00524,0.99080,0.00396
47.60250,0.49500,0.00402,0.99194,0.00404
47.70250,0.49500,0.00464,0.98466,0.01070
47.80250,0.49500,0.00805,0.91964,0.07231
47.90250,0.49500,0.01191,0.97864,0.00945
48.00250,0.49500,0.00701,0.98029,0.01270
48.10250,0.49500,0.01939,0.94584,0.03477
48.20250,0.49500,0.01455,0.94815,0.03729
48.30250,0.49500,0.00619,0.97394,0.01987
48.40250,0.49500,0.00774,0.94169,0.05057
48.50250,0.49500,0.00685,0.88469,0.10846
48.60250,0.49500,0.02808,0.93915,0.03276
48.70250,0.49500,0.02247,0.93554,0.04199
48.80250,0.49500,0.02426,0.95238,0.02336
48.90250,0.49500,0.01939,0.94413,0.03648
49.00250,0.49500,0.01127,0.90116,0.08758
49.10250,0.49500,0.02624,0.93925,0.03451
49.20250,0.49500,0.01015,0.97051,0.01933
49.30250,0.49500,0.01055,0.92437,0.06508
49.40250,0.49500,0.01181,0.92551,0.06268
49.50250,0.49500,0.00354,0.94938,0.04708
49.60250,0.49500,0.00516,0.95755,0.03729
49.70250,0.49500,0.00307,0.96410,0.03282
49.80250,0.49500,0.00741,0.82705,0.16554
49.90250,0.49500,0.00582,0.75664,0.23755
50.00250,0.49500,0.00828,0.87495,0.11676
50.10250,0.49500,0.01890,0.86903,0.11207
50.20250,0.49500,0.01704,0.92625,0.05671
50.30250,0.49500,0.03274,0.82619,0.14107
50.40250,0.49500,0.01188,0.97097,0.01715
50.50250,0.49500,0.00974,0.97109,0.01916
50.60250,0.49500,0.00628,0.98736,0.00637
50.70250,0.49500,0.00801,0.98761,0.00438
50.80250,0.49500,0.00561,0.97146,0.02293
50.90250,0.49500,0.00673,0.99027,0.00300
51.00250,0.49500,0.00877,0.96709,0.02414
51.10250,0.49500,0.02609,0.95494,0.01897
51.20250,0.49500,0.02245,0.97329,0.00426
51.30250,0.49500,0.02640,0.96961,0.00399
51.40250,0.49500,0.01535,0.95884,0.02581
51.50250,0.49500,0.00876,0.98859,0.00264
51.60250,0.49500,0.00612,0.99337,0.00051
51.70250,0.49500,0.01658,0.96418,0.01924
51.80250,0.49500,0.01514,0.98271,0.00215
51.90250,0.49500,0.04831,0.93442,0.01727
52.00250,0.49500,0.04674,0.94603,0.00723
52.10250,0.49500,0.05376,0.93619,0.01004
52.20250,0.49500,0.01787,0.98186,0.00028
52.30250,0.49500,0.02117,0.97857,0.00026
52.40250,0.49500,0.00758,0.99242,0.00001
52.50250,0.49500,0.01633,0.98366,0.00001
52.60250,0.49500,0.00670,0.99322,0.00008
52.70250,0.49500,0.00434,0.99562,0.00004
52.80250,0.49500,0.00251,0.99717,0.00032
52.90250,0.49500,0.00474,0.99181,0.00345
53.00250,0.49500,0.00251,0.99156,0.00593
53.10250,0.49500,0.00481,0.99116,0.00403
53.20250,0.49500,0.00246,0.99487,0.00267
53.30250,0.49500,0.00636,0.98691,0.00673
53.40250,0.49500,0.00885,0.98467,0.00648
53.50250,0.49500,0.00831,0.98729,0.00440
53.60250,0.49500,0.00616,0.99197,0.00187
53.70250,0.49500,0.00324,0.99358,0.00318
53.80250,0.49500,0.01159,0.98729,0.00111
53.90250,0.49500,0.00487,0.98836,0.00677
54.00250,0.49500,0.00890,0.98374,0.00736
54.10250,0.49500,0.00677,0.98721,0.00601
54.20250,0.49500,0.00232,0.99403,0.00365
54.30250,0.49500,0.00279,0.99308,0.00412
54.40250,0.49500,0.00396,0.99531,0.00073
54.50250,0.49500,0.00468,0.99501,0.00032
54.60250,0.49500,0.00471,0.99461,0.00067
54.70250,0.49500,0.00498,0.99457,0.00045
54.80250,0.49500,0.00428,0.99535,0.00036
54.90250,0.49500,0.00567,0.99289,0.00144
55.00250,0.49500,0.00677,0.99187,0.00136
55.10250,0.49500,0.01003,0.98863,0.00134
55.20250,0.49500,0.01445,0.97975,0.00580
55.30250,0.49500,0.04150,0.95225,0.00625
55.40250,0.49500,0.01468,0.98444,0.00087
55.50250,0.49500,0.01818,0.97973,0.00209
55.60250,0.49500,0.01059,0.98856,0.00085
55.70250,0.49500,0.00375,0.99618,0.00007
55.80250,0.49500,0.00381,0.99577,0.00042
55.90250,0.49500,0.00717,0.99275,0.00007
56.00250,0.49500,0.00818,0.99162,0.00019
56.10250,0.49500,0.00455,0.99530,0.00015
56.20250,0.49500,0.00448,0.99527,0.00025
56.30250,0.49500,0.00322,0.99669,0.00008
56.40250,0.49500,0.00233,0.99735,0.00032
56.50250,0.49500,0.00507,0.99443,0.00051
56.60250,0.49500,0.00453,0.99390,0.00158
56.70250,0.49500,0.00551,0.99142,0.00306
56.80250,0.49500,0.00509,0.98883,0.00608
56.90250,0.49500,0.00753,0.98389,0.00859
57.00250,0.49500,0.05720,0.92297,0.01983
57.10250,0.49500,0.05891,0.86773,0.07336
57.20250,0.49500,0.02130,0.95962,0.01908
57.30250,0.49500,0.02230,0.96358,0.01413
57.40250,0.49500,0.01691,0.97605,0.00704
57.50250,0.49500,0.01710,0.97879,0.00410
57.60250,0.49500,0.04450,0.95225,0.00325
57.70250,0.49500,0.01453,0.98195,0.00353
57.80250,0.49500,0.01356,0.98632,0.00012
57.90250,0.49500,0.00704,0.99262,0.00034
58.00250,0.49500,0.00486,0.99505,0.00009
58.10250,0.49500,0.00783,0.99201,0.00017
58.20250,0.49500,0.00755,0.99203,0.00042
58.30250,0.49500,0.00715,0.99275,0.00010
58.40250,0.49500,0.01038,0.98957,0.00005
58.50250,0.49500,0.00390,0.99563,0.00047
58.60250,0.49500,0.01897,0.98094,0.00009
58.70250,0.49500,0.01555,0.98432,0.00013
58.80250,0.49500,0.01199,0.98787,0.00014
58.90250,0.49500,0.00623,0.99327,0.00050
59.00250,0.49500,0.00493,0.99483,0.00024
59.10250,0.49500,0.01058,0.98421,0.00522
59.20250,0.49500,0.00660,0.99015,0.00325
59.30250,0.49500,0.01747,0.98193,0.00060
59.40250,0.49500,0.01429,0.98388,0.00183
59.50250,0.49500,0.01296,0.98690,0.00014
59.60250,0.49500,0.00318,0.99645,0.00037
59.70250,0.49500,0.00277,0.99692,0.00031
59.80250,0.49500,0.00297,0.99699,0.00004
59.90250,0.49500,0.00602,0.99356,0.00041
60.00250,0.49500,0.01160,0.98729,0.00111
60.10250,0.49500,0.00783,0.99197,0.00020
60.20250,0.49500,0.00985,0.98968,0.00047
60.30250,0.49500,0.02488,0.97076,0.00436
60.40250,0.49500,0.00852,0.99093,0.00055
60.50250,0.49500,0.02207,0.97292,0.00502
60.60250,0.49500,0.01705,0.98113,0.00182
60.70250,0.49500,0.01416,0.97111,0.01474
60.80250,0.49500,0.01268,0.96707,0.02025
60.90250,0.49500,0.05702,0.93089,0.01208
61.00250,0.49500,0.07756,0.91209,0.01035
61.10250,0.49500,0.03666,0.95485,0.00849
61.20250,0.49500,0.02050,0.96810,0.01139
61.30250,0.49500,0.00615,0.98632,0.00754
61.40250,0.49500,0.00810,0.98113,0.01077
61.50250,0.49500,0.00938,0.98662,0.00401
61.60250,0.49500,0.00917,0.99053,0.00030
61.70250,0.49500,0.01178,0.98749,0.00073
61.80250,0.49500,0.02623,0.97339,0.00038
61.90250,0.49500,0.02412,0.97564,0.00024
62.00250,0.49500,0.02061,0.97901,0.00039
62.10250,0.49500,0.02330,0.97655,0.00015
62.20250,0.49500,0.00575,0.99379,0.00046
62.30250,0.49500,0.00690,0.99249,0.00061
62.40250,0.49500,0.01489,0.98474,0.00037
62.50250,0.49500,0.00781,0.99115,0.00104
62.60250,0.49500,0.02243,0.95076,0.02681
62.70250,0.49500,0.01721,0.96917,0.01362
62.80250,0.49500,0.00757,0.98982,0.00261
62.90250,0.49500,0.01201,0.97971,0.00828
63.00250,0.49500,0.01361,0.96665,0.01974
63.10250,0.49500,0.02802,0.96918,0.00280
63.20250,0.49500,0.01316,0.97151,0.01533
63.30250,0.49500,0.00979,0.99015,0.00006
63.40250,0.49500,0.00571,0.99181,0.00248
63.50250,0.49500,0.01142,0.98412,0.00446
63.60250,0.49500,0.00738,0.99007,0.00255
63.70250,0.49500,0.00826,0.98823,0.00351
63.80250,0.49500,0.00524,0.98666,0.00810
63.90250,0.49500,0.00689,0.98177,0.01134
64.00250,0.49500,0.00949,0.98880,0.00172
64.10250,0.49500,0.02123,0.97394,0.00483
64.20250,0.49500,0.05116,0.94721,0.00163
64.30250,0.49500,0.07297,0.92523,0.00179
64.40250,0.49500,0.06547,0.93408,0.00045
64.50250,0.49500,0.01027,0.96380,0.02592
64.60250,0.49500,0.01069,0.98447,0.00484
64.70250,0.49500,0.00824,0.98926,0.00250
64.80250,0.49500,0.01609,0.97699,0.00692
64.90250,0.49500,0.04865,0.86864,0.08271
65.00250,0.49500,0.02096,0.88008,0.09896
65.10250,0.49500,0.05618,0.94284,0.00098
65.20250,0.49500,0.10685,0.89245,0.00070
65.30250,0.49500,0.02998,0.96922,0.00080
65.40250,0.49500,0.05195,0.94535,0.00271
65.50250,0.49500,0.01036,0.98954,0.00010
65.60250,0.49500,0.00851,0.99138,0.00011
65.70250,0.49500,0.00624,0.99364,0.00011
65.80250,0.49500,0.00848,0.99134,0.00019
65.90250,0.49500,0.00486,0.99417,0.00097
66.00250,0.49500,0.00693,0.99224,0.00083
66.10250,0.49500,0.01049,0.98758,0.00194
66.20250,0.49500,0.02137,0.96892,0.00971
66.30250,0.49500,0.00863,0.98909,0.00227
66.40250,0.49500,0.04044,0.95950,0.00006
66.50250,0.49500,0.05556,0.94416,0.00027
66.60250,0.49500,0.01726,0.98235,0.00040
66.70250,0.49500,0.01648,0.98325,0.00026
66.80250,0.49500,0.01500,0.98491,0.00009
66.90250,0.49500,0.01368,0.98383,0.00248
67.00250,0.49500,0.01474,0.98444,0.00081
67.10250,0.49500,0.01934,0.97991,0.00075
67.20250,0.49500,0.01291,0.98698,0.00010
67.30250,0.49500,0.00982,0.99001,0.00017
67.40250,0.49500,0.00962,0.98959,0.00079
67.50250,0.49500,0.01086,0.98819,0.00095
67.60250,0.49500,0.01241,0.98373,0.00386
67.70250,0.49500,0.00994,0.98842,0.00164
67.80250,0.49500,0.00948,0.98991,0.00061
67.90250,0.49500,0.03087,0.96857,0.00055
68.00250,0.49500,0.03721,0.96264,0.00015
68.10250,0.49500,0.02579,0.97418,0.00003
68.20250,0.49500,0.02067,0.97924,0.00008
68.30250,0.49500,0.02061,0.97934,0.00006
68.40250,0.49500,0.01498,0.98495,0.00007
68.50250,0.49500,0.01538,0.98437,0.00025
68.60250,0.49500,0.02988,0.96710,0.00302
68.70250,0.49500,0.01121,0.98294,0.00585
68.80250,0.49500,0.00951,0.98101,0.00948
68.90250,0.49500,0.00538,0.91948,0.07514
69.00250,0.49500,0.02232,0.96503,0.01265
69.10250,0.49500,0.02082,0.95540,0.02379
69.20250,0.49500,0.01851,0.97974,0.00175
69.30250,0.49500,0.00421,0.99352,0.00227
69.40250,0.49500,0.01443,0.98502,0.00055
69.50250,0.49500,0.02571,0.97077,0.00353
69.60250,0.49500,0.03336,0.96473,0.00191
69.70250,0.49500,0.04839,0.94231,0.00930
69.80250,0.49500,0.06559,0.93340,0.00101
69.90250,0.49500,0.01819,0.96756,0.01426
70.00250,0.49500,0.01494,0.98400,0.00106
70.10250,0.49500,0.01846,0.98034,0.00120
70.20250,0.49500,0.00688,0.99275,0.00037
70.30250,0.49500,0.01104,0.98876,0.00020
70.40250,0.49500,0.00598,0.99355,0.00047
70.50250,0.49500,0.01318,0.98595,0.00088
70.60250,0.49500,0.03626,0.95333,0.01041
70.70250,0.49500,0.00704,0.99108,0.00188
70.80250,0.49500,0.00494,0.99084,0.00422
70.90250,0.49500,0.01104,0.96822,0.02074
71.00250,0.49500,0.01084,0.98517,0.00398
71.10250,0.49500,0.01932,0.97688,0.00380
71.20250,0.49500,0.01255,0.98412,0.00333
71.30250,0.49500,0.00983,0.98766,0.00250
71.40250,0.49500,0.01969,0.97238,0.00793
71.50250,0.49500,0.01248,0.98107,0.00645
71.60250,0.49500,0.01658,0.97319,0.01022
71.70250,0.49500,0.04958,0.92607,0.02436
71.80250,0.49500,0.02835,0.96342,0.00823
71.90250,0.49500,0.00870,0.98680,0.00451
72.00250,0.49500,0.01037,0.98640,0.00322
72.10250,0.49500,0.01037,0.98840,0.00123
72.20250,0.49500,0.00475,0.99210,0.00315
72.30250,0.49500,0.00985,0.98692,0.00322
72.40250,0.49500,0.00696,0.98899,0.00406
72.50250,0.49500,0.00778,0.98770,0.00453
72.60250,0.49500,0.00979,0.98029,0.00992
72.70250,0.49500,0.02818,0.94421,0.02761
72.80250,0.49500,0.00905,0.95343,0.03752
72.90250,0.49500,0.01294,0.95161,0.03546
73.00250,0.49500,0.01024,0.96312,0.02664
73.10250,0.49500,0.01096,0.97966,0.00938
73.20250,0.49500,0.02077,0.96340,0.01583
73.30250,0.49500,0.02396,0.79417,0.18187
73.40250,0.49500,0.01558,0.97230,0.01212
73.50250,0.49500,0.02442,0.94703,0.02854
73.60250,0.49500,0.05571,0.91873,0.02555
73.70250,0.49500,0.09906,0.78393,0.11700
73.80250,0.49500,0.03493,0.88307,0.08200
73.90250,0.49500,0.06486,0.90827,0.02687
74.00250,0.49500,0.03548,0.94519,0.01933
74.10250,0.49500,0.05742,0.93816,0.00442
74.20250,0.49500,0.02391,0.97513,0.00096
74.30250,0.49500,0.01913,0.97993,0.00094
74.40250,0.49500,0.01701,0.98293,0.00006
74.50250,0.49500,0.01147,0.98805,0.00048
74.60250,0.49500,0.00891,0.99091,0.00019
74.70250,0.49500,0.00910,0.98927,0.00163
74.80250,0.49500,0.00992,0.98929,0.00079
74.90250,0.49500,0.01645,0.98309,0.00045
75.00250,0.49500,0.01518,0.98460,0.00023
75.10250,0.49500,0.05027,0.94925,0.00048
75.20250,0.49500,0.02725,0.97246,0.00030
75.30250,0.49500,0.03218,0.96737,0.00045
75.40250,0.49500,0.02086,0.97670,0.00244
75.50250,0.49500,0.00932,0.99028,0.00039
75.60250,0.49500,0.01182,0.98784,0.00034
75.70250,0.49500,0.01001,0.98823,0.00176
75.80250,0.49500,0.00927,0.98760,0.00312
75.90250,0.49500,0.02446,0.97454,0.00099
76.00250,0.49500,0.05164,0.92261,0.02575
76.10250,0.49500,0.04337,0.95392,0.00271
76.20250,0.49500,0.04335,0.94584,0.01081
76.30250,0.49500,0.03265,0.94578,0.02157
76.40250,0.49500,0.01720,0.92478,0.05803
76.50250,0.49500,0.00815,0.97833,0.01352
76.60250,0.49500,0.01267,0.94527,0.04206
76.70250,0.49500,0.01768,0.94004,0.04228
76.80250,0.49500,0.01169,0.80619,0.18211
76.90250,0.49500,0.03520,0.83066,0.13414
77.00250,0.49500,0.01512,0.97946,0.00542
77.10250,0.49500,0.01555,0.96220,0.02225
77.20250,0.49500,0.01440,0.95892,0.02667
77.30250,0.49500,0.01791,0.95407,0.02801
77.40250,0.49500,0.00935,0.98302,0.00763
77.50250,0.49500,0.01106,0.97260,0.01634
77.60250,0.49500,0.00345,0.93641,0.06013
77.70250,0.49500,0.03559,0.89390,0.07051
77.80250,0.49500,0.03750,0.92973,0.03277
77.90250,0.49500,0.05455,0.93836,0.00709
78.00250,0.49500,0.04828,0.92197,0.02975
78.10250,0.49500,0.01173,0.98702,0.00125
78.20250,0.49500,0.02509,0.97007,0.00484
78.30250,0.49500,0.10540,0.88688,0.00772
78.40250,0.49500,0.05075,0.94854,0.00071
78.50250,0.49500,0.08214,0.91667,0.00120
78.60250,0.49500,0.02826,0.96978,0.00196
78.70250,0.49500,0.02052,0.97890,0.00058
78.80250,0.49500,0.03361,0.96317,0.00321
78.90250,0.49500,0.02792,0.97006,0.00202
79.00250,0.49500,0.00761,0.99174,0.00065
79.10250,0.49500,0.00965,0.98678,0.00357
79.20250,0.49500,0.00632,0.98593,0.00775
79.30250,0.49500,0.00565,0.98753,0.00681
79.40250,0.49500,0.01258,0.97011,0.01731
79.50250,0.49500,0.00632,0.88684,0.10685
79.60250,0.49500,0.00547,0.92101,0.07352
79.70250,0.49500,0.01489,0.92726,0.05786
79.80250,0.49500,0.01241,0.88692,0.10067
79.90250,0.49500,0.03273,0.59602,0.37125
80.00250,0.49500,0.05497,0.56515,0.37987
80.10250,0.49500,0.06154,0.62055,0.31790
80.20250,0.49500,0.09331,0.37723,0.52946
80.30250,0.49500,0.08008,0.55519,0.36473
80.40250,0.49500,0.15213,0.30453,0.54334
80.50250,0.49500,0.08781,0.18758,0.72460
80.60250,0.49500,0.08334,0.77340,0.14326
80.70250,0.49500,0.05418,0.86356,0.08226
80.80250,0.49500,0.03588,0.65135,0.31277
80.90250,0.49500,0.08443,0.86273,0.05283
81.00250,0.49500,0.06866,0.90214,0.02920
81.10250,0.49500,0.03457,0.48476,0.48067
81.20250,0.49500,0.01003,0.86169,0.12828
81.30250,0.49500,0.00571,0.79440,0.19989
81.40250,0.49500,0.00381,0.76896,0.22723
81.50250,0.49500,0.00502,0.88561,0.10937
81.60250,0.49500,0.01118,0.88522,0.10360
81.70250,0.49500,0.02422,0.86674,0.10904
81.80250,0.49500,0.02248,0.95005,0.02746
81.90250,0.49500,0.04029,0.95048,0.00923
82.00250,0.49500,0.03526,0.93544,0.02930
82.10250,0.49500,0.07981,0.90374,0.01645
82.20250,0.49500,0.07126,0.92495,0.00379
82.30250,0.49500,0.04467,0.95344,0.00189
82.40250,0.49500,0.07462,0.91932,0.00605
82.50250,0.49500,0.01695,0.97997,0.00308
82.60250,0.49500,0.03102,0.96764,0.00134
82.70250,0.49500,0.01558,0.98290,0.00152
82.80250,0.49500,0.02363,0.97517,0.00120
82.90250,0.49500,0.02835,0.97067,0.00098
83.00250,0.49500,0.02745,0.96625,0.00630
83.10250,0.49500,0.02375,0.95948,0.01677
83.20250,0.49500,0.04880,0.87444,0.07677
83.30250,0.49500,0.00424,0.99511,0.00066
83.40250,0.49500,0.00923,0.98084,0.00994
83.50250,0.49500,0.01014,0.98537,0.00449
83.60250,0.49500,0.00552,0.99323,0.00125
83.70250,0.49500,0.00685,0.99294,0.00021
83.80250,0.49500,0.00732,0.99193,0.00075
83.90250,0.49500,0.01989,0.97904,0.00108
84.00250,0.49500,0.00931,0.98991,0.00078
84.10250,0.49500,0.01391,0.98329,0.00280
84.20250,0.49500,0.02640,0.96820,0.00539
84.30250,0.49500,0.02237,0.97421,0.00342
84.40250,0.49500,0.02187,0.97371,0.00442
84.50250,0.49500,0.01604,0.98242,0.00154
84.60250,0.49500,0.01202,0.97150,0.01647
84.70250,0.49500,0.00882,0.99055,0.00063
84.80250,0.49500,0.02937,0.95607,0.01456
84.90250,0.49500,0.01853,0.97749,0.00398
85.00250,0.49500,0.03993,0.95707,0.00300
85.10250,0.49500,0.01277,0.98208,0.00514
85.20250,0.49500,0.02185,0.97711,0.00104
85.30250,0.49500,0.01290,0.98575,0.00136
85.40250,0.49500,0.01580,0.98186,0.00234
85.50250,0.49500,0.00360,0.99554,0.00086
85.60250,0.49500,0.01518,0.98414,0.00068
85.70250,0.49500,0.04524,0.94583,0.00893
85.80250,0.49500,0.02447,0.96831,0.00722
85.90250,0.49500,0.01405,0.98535,0.00060
86.00250,0.49500,0.00951,0.99035,0.00014
86.10250,0.49500,0.01257,0.98661,0.00083
86.20250,0.49500,0.03439,0.96287,0.00273
86.30250,0.49500,0.08032,0.91860,0.00108
86.40250,0.49500,0.07420,0.92545,0.00035
86.50250,0.49500,0.11828,0.87760,0.00412
86.60250,0.49500,0.06661,0.91807,0.01532
86.70250,0.49500,0.02159,0.97552,0.00290
86.80250,0.49500,0.00915,0.99057,0.00028
86.90250,0.49500,0.00715,0.98640,0.00645
87.00250,0.49500,0.01265,0.97750,0.00986
87.10250,0.49500,0.01036,0.98931,0.00033
87.20250,0.49500,0.03248,0.96728,0.00023
87.30250,0.49500,0.01845,0.98079,0.00076
87.40250,0.49500,0.01443,0.98536,0.00021
87.50250,0.49500,0.00875,0.99120,0.00006
87.60250,0.49500,0.00669,0.99279,0.00052
87.70250,0.49500,0.00597,0.99377,0.00025
87.80250,0.49500,0.00389,0.99543,0.00069
87.90250,0.49500,0.00353,0.99524,0.00123
88.00250,0.49500,0.00587,0.98171,0.01241
88.10250,0.49500,0.00576,0.98914,0.00510
88.20250,0.49500,0.00876,0.98660,0.00463
88.30250,0.49500,0.01065,0.94343,0.04593
88.40250,0.49500,0.00622,0.98164,0.01215
88.50250,0.49500,0.00771,0.92364,0.06866
88.60250,0.49500,0.00347,0.96515,0.03138
88.70250,0.49500,0.00385,0.97566,0.02049
88.80250,0.49500,0.00772,0.97095,0.02134
88.90250,0.49500,0.00460,0.98927,0.00613
89.00250,0.49500,0.01668,0.97949,0.00383
89.10250,0.49500,0.01538,0.97567,0.00895
89.20250,0.49500,0.02880,0.96819,0.00301
89.30250,0.49500,0.03682,0.96135,0.00183
89.40250,0.49500,0.02523,0.97141,0.00336
89.50250,0.49500,0.03548,0.93956,0.02496
89.60250,0.49500,0.01049,0.98116,0.00835
89.70250,0.49500,0.00513,0.99370,0.00117
89.80250,0.49500,0.01018,0.98257,0.00725
89.90250,0.49500,0.01100,0.97804,0.01096
90.00250,0.49500,0.02970,0.96849,0.00181
90.10250,0.49500,0.02547,0.97420,0.00033
90.20250,0.49500,0.01702,0.98293,0.00005
