Time (seconds), Duration (seconds),pred_(unlabeled),pred_empty_box,pred_table
0.00250,0.49500,0.00866,0.99134,0.00000
0.10250,0.49500,0.00449,0.99551,0.00000
0.20250,0.49500,0.00864,0.99136,0.00000
0.30250,0.49500,0.00369,0.99631,0.00000
0.40250,0.49500,0.00504,0.99496,0.00000
0.50250,0.49500,0.00351,0.99649,0.00000
0.60250,0.49500,0.00399,0.99601,0.00000
0.70250,0.49500,0.00656,0.99344,0.00000
0.80250,0.49500,0.00417,0.99583,0.00000
0.90250,0.49500,0.00288,0.99712,0.00000
1.00250,0.49500,0.00278,0.99722,0.00000
1.10250,0.49500,0.00478,0.99522,0.00000
1.20250,0.49500,0.00541,0.99459,0.00000
1.30250,0.49500,0.00374,0.99626,0.00000
1.40250,0.49500,0.00471,0.99529,0.00000
1.50250,0.49500,0.00789,0.99211,0.00000
1.60250,0.49500,0.00883,0.99117,0.00000
1.70250,0.49500,0.00813,0.99187,0.00000
1.80250,0.49500,0.00566,0.99434,0.00000
1.90250,0.49500,0.00527,0.99473,0.00000
2.00250,0.49500,0.00587,0.99413,0.00000
2.10250,0.49500,0.00416,0.99584,0.00000
2.20250,0.49500,0.00206,0.99794,0.00000
2.30250,0.49500,0.00273,0.99727,0.00000
2.40250,0.49500,0.00604,0.99396,0.00000
2.50250,0.49500,0.00426,0.99574,0.00000
2.60250,0.49500,0.00473,0.99527,0.00000
2.70250,0.49500,0.00251,0.99749,0.00000
2.80250,0.49500,0.00400,0.99600,0.00000
2.90250,0.49500,0.00357,0.99643,0.00000
3.00250,0.49500,0.00419,0.99581,0.00000
3.10250,0.49500,0.00344,0.99656,0.00000
3.20250,0.49500,0.00568,0.99432,0.00000
3.30250,0.49500,0.00345,0.99655,0.00000
3.40250,0.49500,0.00375,0.99625,0.00000
3.50250,0.49500,0.00514,0.99486,0.00000
3.60250,0.49500,0.00293,0.99707,0.00000
3.70250,0.49500,0.00368,0.99632,0.00000
3.80250,0.49500,0.00331,0.99669,0.00000
3.90250,0.49500,0.00627,0.99373,0.00000
4.00250,0.49500,0.00815,0.99185,0.00000
4.10250,0.49500,0.00872,0.99128,0.00000
4.20250,0.49500,0.00567,0.99433,0.00000
4.30250,0.49500,0.01232,0.98768,0.00000
4.40250,0.49500,0.00696,0.99304,0.00000
4.50250,0.49500,0.00538,0.99462,0.00000
4.60250,0.49500,0.00690,0.99310,0.00000
4.70250,0.49500,0.01160,0.98840,0.00000
4.80250,0.49500,0.00655,0.99345,0.00000
4.90250,0.49500,0.00728,0.99272,0.00000
5.00250,0.49500,0.00485,0.99515,0.00000
5.10250,0.49500,0.00350,0.99650,0.00000
5.20250,0.49500,0.00361,0.99639,0.00000
5.30250,0.49500,0.00335,0.99665,0.00000
5.40250,0.49500,0.00504,0.99496,0.00000
5.50250,0.49500,0.00387,0.99613,0.00000
5.60250,0.49500,0.00571,0.99429,0.00000
5.70250,0.49500,0.01218,0.98782,0.00000
5.80250,0.49500,0.00354,0.99646,0.00000
5.90250,0.49500,0.00703,0.99297,0.00000
6.00250,0.49500,0.00634,0.99366,0.00000
6.10250,0.49500,0.00413,0.99587,0.00000
6.20250,0.49500,0.00488,0.99512,0.00000
6.30250,0.49500,0.00337,0.99663,0.00000
6.40250,0.49500,0.00450,0.99550,0.00000
6.50250,0.49500,0.00500,0.99500,0.00000
6.60250,0.49500,0.00387,0.99613,0.00000
6.70250,0.49500,0.00342,0.99658,0.00000
6.80250,0.49500,0.00745,0.99255,0.00000
6.90250,0.49500,0.00808,0.99192,0.00000
7.00250,0.49500,0.00496,0.99504,0.00000
7.10250,0.49500,0.00350,0.99650,0.00000
7.20250,0.49500,0.00223,0.99777,0.00000
7.30250,0.49500,0.00273,0.99727,0.00000
7.40250,0.49500,0.00374,0.99626,0.00000
7.50250,0.49500,0.00194,0.99806,0.00000
7.60250,0.49500,0.00208,0.99792,0.00000
7.70250,0.49500,0.00198,0.99802,0.00000
7.80250,0.49500,0.00255,0.99745,0.00000
7.90250,0.49500,0.00330,0.99670,0.00000
8.00250,0.49500,0.00186,0.99814,0.00000
8.10250,0.49500,0.00187,0.99813,0.00000
8.20250,0.49500,0.00356,0.99644,0.00000
8.30250,0.49500,0.00586,0.99414,0.00000
8.40250,0.49500,0.00652,0.99348,0.00000
8.50250,0.49500,0.00798,0.99202,0.00000
8.60250,0.49500,0.01416,0.98584,0.00000
8.70250,0.49500,0.01238,0.98762,0.00000
8.80250,0.49500,0.01310,0.98690,0.00000
8.90250,0.49500,0.00624,0.99376,0.00000
9.00250,0.49500,0.00644,0.99356,0.00000
9.10250,0.49500,0.00239,0.99761,0.00000
9.20250,0.49500,0.00312,0.99688,0.00000
9.30250,0.49500,0.00360,0.99640,0.00000
9.40250,0.49500,0.00794,0.99206,0.00000
9.50250,0.49500,0.00314,0.99686,0.00000
9.60250,0.49500,0.00861,0.99139,0.00000
9.70250,0.49500,0.01256,0.98744,0.00000
9.80250,0.49500,0.00644,0.99356,0.00000
9.90250,0.49500,0.00557,0.99443,0.00000
10.00250,0.49500,0.00307,0.99693,0.00000
10.10250,0.49500,0.00375,0.99625,0.00000
10.20250,0.49500,0.00561,0.99439,0.00000
10.30250,0.49500,0.00772,0.99228,0.00000
10.40250,0.49500,0.00572,0.99428,0.00000
10.50250,0.49500,0.00447,0.99553,0.00000
10.60250,0.49500,0.00835,0.99165,0.00000
10.70250,0.49500,0.01401,0.98599,0.00000
10.80250,0.49500,0.00880,0.99120,0.00000
10.90250,0.49500,0.02497,0.97503,0.00000
11.00250,0.49500,0.02190,0.97810,0.00000
11.10250,0.49500,0.11362,0.88638,0.00000
11.20250,0.49500,0.61812,0.38188,0.00000
11.30250,0.49500,0.76719,0.23281,0.00000
11.40250,0.49500,0.99509,0.00491,0.00000
11.50250,0.49500,0.99393,0.00607,0.00000
11.60250,0.49500,0.99748,0.00252,0.00000
11.70250,0.49500,0.99741,0.00259,0.00000
11.80250,0.49500,0.99989,0.00011,0.00000
11.90250,0.49500,0.99991,0.00009,0.00000
12.00250,0.49500,1.00000,0.00000,0.00000
12.10250,0.49500,1.00000,0.00000,0.00000
12.20250,0.49500,1.00000,0.00000,0.00000
12.30250,0.49500,1.00000,0.00000,0.00000
12.40250,0.49500,1.00000,0.00000,0.00000
12.50250,0.49500,1.00000,0.00000,0.00000
12.60250,0.49500,0.99996,0.00004,0.00000
12.70250,0.49500,0.99987,0.00013,0.00000
12.80250,0.49500,0.99774,0.00226,0.00000
12.90250,0.49500,0.99146,0.00854,0.00000
13.00250,0.49500,0.98080,0.01920,0.00000
13.10250,0.49500,0.89557,0.10443,0.00000
13.20250,0.49500,0.82428,0.17572,0.00000
13.30250,0.49500,0.05395,0.94604,0.00000
13.40250,0.49500,0.01680,0.98320,0.00000
13.50250,0.49500,0.01085,0.98915,0.00000
13.60250,0.49500,0.01257,0.98743,0.00000
13.70250,0.49500,0.01166,0.98834,0.00000
13.80250,0.49500,0.00592,0.99408,0.00000
13.90250,0.49500,0.00704,0.99296,0.00000
14.00250,0.49500,0.00550,0.99450,0.00000
14.10250,0.49500,0.00338,0.99662,0.00000
14.20250,0.49500,0.00273,0.99727,0.00000
14.30250,0.49500,0.00255,0.99745,0.00000
14.40250,0.49500,0.00387,0.99613,0.00000
14.50250,0.49500,0.00364,0.99636,0.00000
14.60250,0.49500,0.00894,0.99106,0.00000
14.70250,0.49500,0.01375,0.98625,0.00000
14.80250,0.49500,0.00834,0.99166,0.00000
14.90250,0.49500,0.00622,0.99378,0.00000
15.00250,0.49500,0.00829,0.99171,0.00000
15.10250,0.49500,0.00604,0.99396,0.00000
15.20250,0.49500,0.00574,0.99426,0.00000
15.30250,0.49500,0.00591,0.99409,0.00000
15.40250,0.49500,0.00751,0.99249,0.00000
15.50250,0.49500,0.00750,0.99250,0.00000
15.60250,0.49500,0.00765,0.99235,0.00000
15.70250,0.49500,0.00799,0.99201,0.00000
15.80250,0.49500,0.00605,0.99395,0.00000
15.90250,0.49500,0.00493,0.99507,0.00000
16.00250,0.49500,0.00426,0.99574,0.00000
16.10250,0.49500,0.00475,0.99525,0.00000
16.20250,0.49500,0.00362,0.99638,0.00000
16.30250,0.49500,0.00721,0.99279,0.00000
16.40250,0.49500,0.00509,0.99491,0.00000
16.50250,0.49500,0.00601,0.99399,0.00000
16.60250,0.49500,0.00391,0.99609,0.00000
16.70250,0.49500,0.00523,0.99477,0.00000
16.80250,0.49500,0.00411,0.99589,0.00000
16.90250,0.49500,0.00754,0.99246,0.00000
17.00250,0.49500,0.00556,0.99444,0.00000
17.10250,0.49500,0.00447,0.99553,0.00000
17.20250,0.49500,0.00338,0.99662,0.00000
17.30250,0.49500,0.00411,0.99589,0.00000
17.40250,0.49500,0.00235,0.99765,0.00000
17.50250,0.49500,0.00298,0.99702,0.00000
17.60250,0.49500,0.00401,0.99599,0.00000
17.70250,0.49500,0.00451,0.99549,0.00000
17.80250,0.49500,0.00476,0.99524,0.00000
17.90250,0.49500,0.00479,0.99521,0.00000
18.00250,0.49500,0.00387,0.99613,0.00000
18.10250,0.49500,0.00419,0.99581,0.00000
18.20250,0.49500,0.00327,0.99673,0.00000
18.30250,0.49500,0.00389,0.99611,0.00000
18.40250,0.49500,0.00283,0.99717,0.00000
18.50250,0.49500,0.00413,0.99587,0.00000
18.60250,0.49500,0.00552,0.99448,0.00000
18.70250,0.49500,0.00377,0.99623,0.00000
18.80250,0.49500,0.00235,0.99765,0.00000
18.90250,0.49500,0.00294,0.99706,0.00000
19.00250,0.49500,0.00212,0.99788,0.00000
19.10250,0.49500,0.00437,0.99563,0.00000
19.20250,0.49500,0.00248,0.99752,0.00000
19.30250,0.49500,0.00399,0.99601,0.00000
19.40250,0.49500,0.00472,0.99528,0.00000
19.50250,0.49500,0.00663,0.99337,0.00000
19.60250,0.49500,0.00537,0.99463,0.00000
19.70250,0.49500,0.00386,0.99614,0.00000
19.80250,0.49500,0.00573,0.99427,0.00000
19.90250,0.49500,0.00486,0.99514,0.00000
20.00250,0.49500,0.00686,0.99314,0.00000
20.10250,0.49500,0.00400,0.99600,0.00000
20.20250,0.49500,0.00498,0.99502,0.00000
20.30250,0.49500,0.00403,0.99597,0.00000
20.40250,0.49500,0.00369,0.99631,0.00000
20.50250,0.49500,0.00223,0.99777,0.00000
20.60250,0.49500,0.00343,0.99657,0.00000
20.70250,0.49500,0.00315,0.99685,0.00000
20.80250,0.49500,0.00362,0.99638,0.00000
20.90250,0.49500,0.00565,0.99435,0.00000
21.00250,0.49500,0.01001,0.98999,0.00000
21.10250,0.49500,0.01116,0.98884,0.00000
21.20250,0.49500,0.00514,0.99486,0.00000
21.30250,0.49500,0.00456,0.99544,0.00000
21.40250,0.49500,0.00375,0.99625,0.00000
21.50250,0.49500,0.00392,0.99608,0.00000
21.60250,0.49500,0.00744,0.99256,0.00000
21.70250,0.49500,0.00719,0.99281,0.00000
21.80250,0.49500,0.00914,0.99086,0.00000
21.90250,0.49500,0.00370,0.99630,0.00000
22.00250,0.49500,0.00314,0.99686,0.00000
22.10250,0.49500,0.00392,0.99608,0.00000
22.20250,0.49500,0.00573,0.99427,0.00000
22.30250,0.49500,0.00559,0.99441,0.00000
22.40250,0.49500,0.00400,0.99600,0.00000
22.50250,0.49500,0.00301,0.99699,0.00000
22.60250,0.49500,0.00436,0.99564,0.00000
22.70250,0.49500,0.00700,0.99300,0.00000
22.80250,0.49500,0.00422,0.99578,0.00000
22.90250,0.49500,0.00453,0.99547,0.00000
23.00250,0.49500,0.00642,0.99358,0.00000
23.10250,0.49500,0.00792,0.99208,0.00000
23.20250,0.49500,0.00776,0.99224,0.00000
23.30250,0.49500,0.00319,0.99681,0.00000
23.40250,0.49500,0.00520,0.99480,0.00000
23.50250,0.49500,0.00757,0.99243,0.00000
23.60250,0.49500,0.00387,0.99613,0.00000
23.70250,0.49500,0.00559,0.99441,0.00000
23.80250,0.49500,0.00471,0.99529,0.00000
23.90250,0.49500,0.00599,0.99401,0.00000
24.00250,0.49500,0.00362,0.99638,0.00000
24.10250,0.49500,0.00390,0.99610,0.00000
24.20250,0.49500,0.00387,0.99613,0.00000
24.30250,0.49500,0.00319,0.99681,0.00000
24.40250,0.49500,0.00650,0.99350,0.00000
24.50250,0.49500,0.00406,0.99594,0.00000
24.60250,0.49500,0.00647,0.99353,0.00000
24.70250,0.49500,0.00389,0.99611,0.00000
24.80250,0.49500,0.00451,0.99549,0.00000
24.90250,0.49500,0.00255,0.99745,0.00000
25.00250,0.49500,0.00442,0.99558,0.00000
25.10250,0.49500,0.00467,0.99533,0.00000
25.20250,0.49500,0.00568,0.99432,0.00000
25.30250,0.49500,0.00397,0.99603,0.00000
25.40250,0.49500,0.00404,0.99596,0.00000
25.50250,0.49500,0.00380,0.99620,0.00000
25.60250,0.49500,0.00496,0.99504,0.00000
25.70250,0.49500,0.00831,0.99169,0.00000
25.80250,0.49500,0.00587,0.99413,0.00000
25.90250,0.49500,0.00669,0.99331,0.00000
26.00250,0.49500,0.00469,0.99531,0.00000
26.10250,0.49500,0.00488,0.99512,0.00000
26.20250,0.49500,0.00508,0.99492,0.00000
26.30250,0.49500,0.00662,0.99338,0.00000
26.40250,0.49500,0.00434,0.99566,0.00000
26.50250,0.49500,0.00439,0.99561,0.00000
26.60250,0.49500,0.00463,0.99537,0.00000
26.70250,0.49500,0.00541,0.99459,0.00000
26.80250,0.49500,0.00549,0.99451,0.00000
26.90250,0.49500,0.00320,0.99680,0.00000
27.00250,0.49500,0.00415,0.99585,0.00000
27.10250,0.49500,0.00344,0.99656,0.00000
27.20250,0.49500,0.00298,0.99702,0.00000
27.30250,0.49500,0.00287,0.99713,0.00000
27.40250,0.49500,0.00255,0.99745,0.00000
27.50250,0.49500,0.00921,0.99079,0.00000
27.60250,0.49500,0.00730,0.99270,0.00000
27.70250,0.49500,0.00693,0.99307,0.00000
27.80250,0.49500,0.00326,0.99674,0.00000
27.90250,0.49500,0.00368,0.99632,0.00000
28.00250,0.49500,0.00267,0.99733,0.00000
28.10250,0.49500,0.00337,0.99663,0.00000
28.20250,0.49500,0.00343,0.99657,0.00000
28.30250,0.49500,0.00366,0.99634,0.00000
28.40250,0.49500,0.00476,0.99524,0.00000
28.50250,0.49500,0.00357,0.99643,0.00000
28.60250,0.49500,0.00341,0.99659,0.00000
28.70250,0.49500,0.00313,0.99687,0.00000
28.80250,0.49500,0.00354,0.99646,0.00000
28.90250,0.49500,0.00345,0.99655,0.00000
29.00250,0.49500,0.00417,0.99583,0.00000
29.10250,0.49500,0.00331,0.99669,0.00000
29.20250,0.49500,0.00422,0.99578,0.00000
29.30250,0.49500,0.00446,0.99554,0.00000
29.40250,0.49500,0.00512,0.99488,0.00000
29.50250,0.49500,0.00329,0.99671,0.00000
29.60250,0.49500,0.00319,0.99681,0.00000
29.70250,0.49500,0.00284,0.99716,0.00000
29.80250,0.49500,0.00420,0.99580,0.00000
29.90250,0.49500,0.00428,0.99572,0.00000
30.00250,0.49500,0.00374,0.99626,0.00000
30.10250,0.49500,0.00537,0.99463,0.00000
30.20250,0.49500,0.00394,0.99606,0.00000
30.30250,0.49500,0.00417,0.99583,0.00000
30.40250,0.49500,0.00429,0.99571,0.00000
30.50250,0.49500,0.00320,0.99680,0.00000
30.60250,0.49500,0.00573,0.99427,0.00000
30.70250,0.49500,0.00390,0.99610,0.00000
30.80250,0.49500,0.00570,0.99430,0.00000
30.90250,0.49500,0.00322,0.99678,0.00000
31.00250,0.49500,0.00416,0.99584,0.00000
31.10250,0.49500,0.00302,0.99698,0.00000
31.20250,0.49500,0.00396,0.99604,0.00000
31.30250,0.49500,0.00284,0.99716,0.00000
31.40250,0.49500,0.00357,0.99643,0.00000
31.50250,0.49500,0.00461,0.99539,0.00000
31.60250,0.49500,0.00545,0.99455,0.00000
31.70250,0.49500,0.00426,0.99574,0.00000
31.80250,0.49500,0.00279,0.99721,0.00000
31.90250,0.49500,0.00252,0.99748,0.00000
32.00250,0.49500,0.00342,0.99658,0.00000
32.10250,0.49500,0.00400,0.99600,0.00000
32.20250,0.49500,0.00376,0.99624,0.00000
32.30250,0.49500,0.00417,0.99583,0.00000
32.40250,0.49500,0.00368,0.99632,0.00000
32.50250,0.49500,0.00756,0.99244,0.00000
32.60250,0.49500,0.00336,0.99664,0.00000
32.70250,0.49500,0.00424,0.99576,0.00000
32.80250,0.49500,0.00247,0.99753,0.00000
32.90250,0.49500,0.00275,0.99725,0.00000
33.00250,0.49500,0.00305,0.99695,0.00000
33.10250,0.49500,0.00401,0.99599,0.00000
33.20250,0.49500,0.00443,0.99557,0.00000
33.30250,0.49500,0.00576,0.99424,0.00000
33.40250,0.49500,0.00498,0.99502,0.00000
33.50250,0.49500,0.00954,0.99046,0.00000
33.60250,0.49500,0.00953,0.99047,0.00000
33.70250,0.49500,0.00675,0.99325,0.00000
33.80250,0.49500,0.00462,0.99538,0.00000
33.90250,0.49500,0.00330,0.99670,0.00000
34.00250,0.49500,0.00499,0.99501,0.00000
34.10250,0.49500,0.00443,0.99557,0.00000
34.20250,0.49500,0.00583,0.99417,0.00000
34.30250,0.49500,0.00909,0.99091,0.00000
34.40250,0.49500,0.00504,0.99496,0.00000
34.50250,0.49500,0.00908,0.99092,0.00000
34.60250,0.49500,0.00579,0.99421,0.00000
34.70250,0.49500,0.00548,0.99452,0.00000
34.80250,0.49500,0.00288,0.99712,0.00000
34.90250,0.49500,0.00385,0.99615,0.00000
35.00250,0.49500,0.00319,0.99681,0.00000
35.10250,0.49500,0.00410,0.99590,0.00000
35.20250,0.49500,0.00433,0.99567,0.00000
35.30250,0.49500,0.00363,0.99637,0.00000
35.40250,0.49500,0.00476,0.99524,0.00000
35.50250,0.49500,0.00511,0.99489,0.00000
35.60250,0.49500,0.00418,0.99582,0.00000
35.70250,0.49500,0.00628,0.99372,0.00000
35.80250,0.49500,0.00360,0.99640,0.00000
35.90250,0.49500,0.00464,0.99536,0.00000
36.00250,0.49500,0.00398,0.99602,0.00000
36.10250,0.49500,0.00355,0.99645,0.00000
36.20250,0.49500,0.00401,0.99599,0.00000
36.30250,0.49500,0.00291,0.99709,0.00000
36.40250,0.49500,0.00390,0.99610,0.00000
36.50250,0.49500,0.00289,0.99711,0.00000
36.60250,0.49500,0.00299,0.99701,0.00000
36.70250,0.49500,0.00238,0.99762,0.00000
36.80250,0.49500,0.00462,0.99538,0.00000
36.90250,0.49500,0.00383,0.99617,0.00000
37.00250,0.49500,0.00519,0.99481,0.00000
37.10250,0.49500,0.00575,0.99425,0.00000
37.20250,0.49500,0.00405,0.99595,0.00000
37.30250,0.49500,0.00328,0.99672,0.00000
37.40250,0.49500,0.00554,0.99446,0.00000
37.50250,0.49500,0.00434,0.99566,0.00000
37.60250,0.49500,0.01155,0.98845,0.00000
37.70250,0.49500,0.01173,0.98827,0.00000
37.80250,0.49500,0.00942,0.99058,0.00000
37.90250,0.49500,0.00950,0.99050,0.00000
38.00250,0.49500,0.00389,0.99611,0.00000
38.10250,0.49500,0.00896,0.99104,0.00000
38.20250,0.49500,0.00397,0.99603,0.00000
38.30250,0.49500,0.00626,0.99374,0.00000
38.40250,0.49500,0.00372,0.99628,0.00000
38.50250,0.49500,0.00487,0.99513,0.00000
38.60250,0.49500,0.00466,0.99534,0.00000
38.70250,0.49500,0.00554,0.99446,0.00000
38.80250,0.49500,0.00476,0.99524,0.00000
38.90250,0.49500,0.01314,0.98686,0.00000
39.00250,0.49500,0.00921,0.99079,0.00000
39.10250,0.49500,0.00954,0.99046,0.00000
39.20250,0.49500,0.00659,0.99341,0.00000
39.30250,0.49500,0.00410,0.99590,0.00000
39.40250,0.49500,0.00435,0.99565,0.00000
39.50250,0.49500,0.00702,0.99298,0.00000
39.60250,0.49500,0.00458,0.99542,0.00000
39.70250,0.49500,0.00318,0.99682,0.00000
39.80250,0.49500,0.08478,0.91522,0.00000
39.90250,0.49500,0.23489,0.76511,0.00000
40.00250,0.49500,0.89019,0.10981,0.00000
40.10250,0.49500,0.99998,0.00002,0.00000
40.20250,0.49500,0.96653,0.03347,0.00000
40.30250,0.49500,0.99987,0.00013,0.00000
40.40250,0.49500,0.99870,0.00130,0.00000
40.50250,0.49500,0.99739,0.00261,0.00000
40.60250,0.49500,0.97298,0.02689,0.00013
40.70250,0.49500,0.35907,0.63784,0.00309
40.80250,0.49500,0.40252,0.59123,0.00625
40.90250,0.49500,0.29313,0.67602,0.03086
41.00250,0.49500,0.25787,0.74089,0.00124
41.10250,0.49500,0.34472,0.63295,0.02233
41.20250,0.49500,0.26636,0.71961,0.01403
41.30250,0.49500,0.39850,0.58713,0.01437
41.40250,0.49500,0.07610,0.91893,0.00497
41.50250,0.49500,0.04222,0.95266,0.00512
41.60250,0.49500,0.02718,0.95693,0.01588
41.70250,0.49500,0.03895,0.95046,0.01058
41.80250,0.49500,0.01752,0.95198,0.03050
41.90250,0.49500,0.02154,0.97182,0.00664
42.00250,0.49500,0.03521,0.91671,0.04808
42.10250,0.49500,0.06245,0.93076,0.00679
42.20250,0.49500,0.24650,0.74470,0.00880
42.30250,0.49500,0.40150,0.59750,0.00100
42.40250,0.49500,0.70327,0.29669,0.00005
42.50250,0.49500,0.86434,0.13563,0.00003
42.60250,0.49500,0.93613,0.06386,0.00001
42.70250,0.49500,0.94949,0.05031,0.00020
42.80250,0.49500,0.98845,0.01155,0.00000
42.90250,0.49500,0.67727,0.32241,0.00032
43.00250,0.49500,0.25237,0.74635,0.00128
43.10250,0.49500,0.71671,0.28325,0.00004
43.20250,0.49500,0.64775,0.35225,0.00000
43.30250,0.49500,0.83315,0.16684,0.00001
43.40250,0.49500,0.92400,0.07590,0.00010
43.50250,0.49500,0.75175,0.24802,0.00023
43.60250,0.49500,0.31553,0.68421,0.00026
43.70250,0.49500,0.37274,0.62275,0.00451
43.80250,0.49500,0.27366,0.72629,0.00005
43.90250,0.49500,0.40664,0.59245,0.00091
44.00250,0.49500,0.58972,0.40863,0.00164
44.10250,0.49500,0.25190,0.74789,0.00021
44.20250,0.49500,0.77237,0.22742,0.00021
44.30250,0.49500,0.58110,0.41881,0.00008
44.40250,0.49500,0.90023,0.09976,0.00001
44.50250,0.49500,0.88926,0.11074,0.00000
44.60250,0.49500,0.98465,0.01534,0.00000
44.70250,0.49500,0.97777,0.02223,0.00000
44.80250,0.49500,0.98603,0.01397,0.00000
44.90250,0.49500,0.99979,0.00021,0.00000
45.00250,0.49500,1.00000,0.00000,0.00000
45.10250,0.49500,0.99999,0.00001,0.00000
45.20250,0.49500,0.99996,0.00004,0.00000
45.30250,0.49500,0.99988,0.00012,0.00000
45.40250,0.49500,0.99995,0.00005,0.00000
45.50250,0.49500,0.99216,0.00784,0.00000
45.60250,0.49500,0.92942,0.07058,0.00000
45.70250,0.49500,0.98856,0.01144,0.00000
45.80250,0.49500,0.98428,0.01572,0.00000
45.90250,0.49500,0.97914,0.02086,0.00000
46.00250,0.49500,0.95840,0.04160,0.00000
46.10250,0.49500,0.99846,0.00154,0.00000
46.20250,0.49500,0.98346,0.01615,0.00039
46.30250,0.49500,0.99685,0.00311,0.00003
46.40250,0.49500,0.99913,0.00082,0.00005
46.50250,0.49500,0.91782,0.08202,0.00017
46.60250,0.49500,0.98540,0.01452,0.00008
46.70250,0.49500,0.99058,0.00941,0.00000
46.80250,0.49500,0.99870,0.00050,0.00081
46.90250,0.49500,0.99973,0.00017,0.00010
47.00250,0.49500,0.99989,0.00003,0.00009
47.10250,0.49500,1.00000,0.00000,0.00000
47.20250,0.49500,0.99995,0.00000,0.00005
47.30250,0.49500,0.99993,0.00000,0.00006
47.40250,0.49500,0.99940,0.00015,0.00046
47.50250,0.49500,0.99690,0.00026,0.00283
47.60250,0.49500,0.95599,0.04392,0.00009
47.70250,0.49500,0.91255,0.08655,0.00090
47.80250,0.49500,0.92865,0.07128,0.00007
47.90250,0.49500,0.93876,0.06117,0.00007
48.00250,0.49500,0.81234,0.18760,0.00006
48.10250,0.49500,0.74788,0.25205,0.00008
48.20250,0.49500,0.46406,0.53476,0.00118
48.30250,0.49500,0.99872,0.00127,0.00000
48.40250,0.49500,0.98953,0.01047,0.00000
48.50250,0.49500,0.99996,0.00004,0.00000
48.60250,0.49500,0.99932,0.00068,0.00000
48.70250,0.49500,0.98829,0.01171,0.00000
48.80250,0.49500,0.99856,0.00143,0.00000
48.90250,0.49500,0.99731,0.00269,0.00000
49.00250,0.49500,0.99980,0.00020,0.00000
49.10250,0.49500,0.99938,0.00062,0.00000
49.20250,0.49500,0.99973,0.00026,0.00001
49.30250,0.49500,0.99192,0.00808,0.00000
49.40250,0.49500,0.99827,0.00168,0.00006
49.50250,0.49500,0.99999,0.00001,0.00000
49.60250,0.49500,0.99943,0.00057,0.00000
49.70250,0.49500,0.99974,0.00025,0.00000
49.80250,0.49500,1.00000,0.00000,0.00000
49.90250,0.49500,0.99999,0.00001,0.00000
50.00250,0.49500,0.99999,0.00001,0.00000
50.10250,0.49500,0.99926,0.00005,0.00069
50.20250,0.49500,0.99980,0.00020,0.00000
50.30250,0.49500,0.99998,0.00002,0.00000
50.40250,0.49500,0.99995,0.00004,0.00001
50.50250,0.49500,0.99971,0.00001,0.00028
50.60250,0.49500,0.99972,0.00028,0.00000
50.70250,0.49500,0.99941,0.00043,0.00016
50.80250,0.49500,0.99986,0.00012,0.00002
50.90250,0.49500,0.99973,0.00027,0.00000
51.00250,0.49500,0.99979,0.00021,0.00000
51.10250,0.49500,0.99997,0.00003,0.00000
51.20250,0.49500,0.99821,0.00179,0.00000
51.30250,0.49500,0.99899,0.00101,0.00000
51.40250,0.49500,0.99983,0.00016,0.00001
51.50250,0.49500,0.99380,0.00019,0.00601
51.60250,0.49500,0.98849,0.01137,0.00014
51.70250,0.49500,0.96993,0.00530,0.02476
51.80250,0.49500,0.99725,0.00174,0.00101
51.90250,0.49500,0.58937,0.00874,0.40190
52.00250,0.49500,0.95012,0.04782,0.00205
52.10250,0.49500,0.59946,0.01376,0.38678
52.20250,0.49500,0.86621,0.12109,0.01270
52.30250,0.49500,0.94027,0.01743,0.04230
52.40250,0.49500,0.85604,0.10986,0.03411
52.50250,0.49500,0.64967,0.06538,0.28495
52.60250,0.49500,0.44504,0.05496,0.50000
52.70250,0.49500,0.66522,0.26952,0.06526
52.80250,0.49500,0.69525,0.04062,0.26413
52.90250,0.49500,0.78902,0.05262,0.15836
53.00250,0.49500,0.44640,0.02853,0.52507
53.10250,0.49500,0.88843,0.05993,0.05164
53.20250,0.49500,0.61359,0.01953,0.36688
53.30250,0.49500,0.83240,0.01471,0.15288
53.40250,0.49500,0.97193,0.00933,0.01874
53.50250,0.49500,0.94799,0.00714,0.04487
53.60250,0.49500,0.97797,0.01500,0.00703
53.70250,0.49500,0.85077,0.00326,0.14597
53.80250,0.49500,0.97348,0.00779,0.01873
53.90250,0.49500,0.91112,0.00057,0.08832
54.00250,0.49500,0.99840,0.00070,0.00090
54.10250,0.49500,0.99950,0.00024,0.00027
54.20250,0.49500,0.99980,0.00020,0.00000
54.30250,0.49500,0.99758,0.00172,0.00070
54.40250,0.49500,0.99989,0.00010,0.00001
54.50250,0.49500,0.99975,0.00025,0.00000
54.60250,0.49500,1.00000,0.00000,0.00000
54.70250,0.49500,1.00000,0.00000,0.00000
54.80250,0.49500,1.00000,0.00000,0.00000
54.90250,0.49500,1.00000,0.00000,0.00000
55.00250,0.49500,1.00000,0.00000,0.00000
55.10250,0.49500,0.99999,0.00000,0.00001
55.20250,0.49500,1.00000,0.00000,0.00000
55.30250,0.49500,1.00000,0.00000,0.00000
55.40250,0.49500,1.00000,0.00000,0.00000
55.50250,0.49500,1.00000,0.00000,0.00000
55.60250,0.49500,1.00000,0.00000,0.00000
55.70250,0.49500,0.99981,0.00000,0.00019
55.80250,0.49500,0.99995,0.00000,0.00005
55.90250,0.49500,0.83744,0.00004,0.16253
56.00250,0.49500,0.99850,0.00112,0.00038
56.10250,0.49500,0.99934,0.00064,0.00001
56.20250,0.49500,0.99824,0.00173,0.00002
56.30250,0.49500,0.99865,0.00135,0.00000
56.40250,0.49500,1.00000,0.00000,0.00000
56.50250,0.49500,1.00000,0.00000,0.00000
56.60250,0.49500,1.00000,0.00000,0.00000
56.70250,0.49500,1.00000,0.00000,0.00000
56.80250,0.49500,1.00000,0.00000,0.00000
56.90250,0.49500,1.00000,0.00000,0.00000
57.00250,0.49500,1.00000,0.00000,0.00000
57.10250,0.49500,1.00000,0.00000,0.00000
57.20250,0.49500,1.00000,0.00000,0.00000
57.30250,0.49500,1.00000,0.00000,0.00000
57.40250,0.49500,1.00000,0.00000,0.00000
57.50250,0.49500,1.00000,0.00000,0.00000
57.60250,0.49500,1.00000,0.00000,0.00000
57.70250,0.49500,1.00000,0.00000,0.00000
57.80250,0.49500,1.00000,0.00000,0.00000
57.90250,0.49500,1.00000,0.00000,0.00000
58.00250,0.49500,0.99974,0.00026,0.00000
58.10250,0.49500,0.99971,0.00029,0.00000
58.20250,0.49500,1.00000,0.00000,0.00000
58.30250,0.49500,1.00000,0.00000,0.00000
58.40250,0.49500,1.00000,0.00000,0.00000
58.50250,0.49500,1.00000,0.00000,0.00000
58.60250,0.49500,1.00000,0.00000,0.00000
58.70250,0.49500,1.00000,0.00000,0.00000
58.80250,0.49500,0.99999,0.00001,0.00000
58.90250,0.49500,1.00000,0.00000,0.00000
59.00250,0.49500,1.00000,0.00000,0.00000
59.10250,0.49500,0.99968,0.00032,0.00000
59.20250,0.49500,0.99998,0.00001,0.00002
59.30250,0.49500,0.99801,0.00199,0.00000
59.40250,0.49500,0.99913,0.00057,0.00030
59.50250,0.49500,0.94372,0.01547,0.04081
59.60250,0.49500,0.90873,0.08212,0.00915
59.70250,0.49500,0.59036,0.34958,0.06006
59.80250,0.49500,0.97761,0.00610,0.01629
59.90250,0.49500,0.99999,0.00001,0.00000
60.00250,0.49500,1.00000,0.00000,0.00000
60.10250,0.49500,1.00000,0.00000,0.00000
60.20250,0.49500,1.00000,0.00000,0.00000
60.30250,0.49500,1.00000,0.00000,0.00000
60.40250,0.49500,1.00000,0.00000,0.00000
60.50250,0.49500,1.00000,0.00000,0.00000
60.60250,0.49500,1.00000,0.00000,0.00000
60.70250,0.49500,1.00000,0.00000,0.00000
60.80250,0.49500,1.00000,0.00000,0.00000
60.90250,0.49500,1.00000,0.00000,0.00000
61.00250,0.49500,1.00000,0.00000,0.00000
61.10250,0.49500,1.00000,0.00000,0.00000
61.20250,0.49500,0.99999,0.00001,0.00000
61.30250,0.49500,1.00000,0.00000,0.00000
61.40250,0.49500,1.00000,0.00000,0.00000
61.50250,0.49500,1.00000,0.00000,0.00000
61.60250,0.49500,0.99999,0.00001,0.00000
61.70250,0.49500,0.99999,0.00001,0.00000
61.80250,0.49500,1.00000,0.00000,0.00000
61.90250,0.49500,1.00000,0.00000,0.00000
62.00250,0.49500,0.99999,0.00001,0.00000
62.10250,0.49500,1.00000,0.00000,0.00000
62.20250,0.49500,0.99982,0.00018,0.00000
62.30250,0.49500,0.98119,0.00510,0.01371
62.40250,0.49500,0.98992,0.01008,0.00000
62.50250,0.49500,0.99854,0.00146,0.00000
62.60250,0.49500,0.99999,0.00001,0.00000
62.70250,0.49500,0.99795,0.00205,0.00000
62.80250,0.49500,0.99995,0.00005,0.00000
62.90250,0.49500,1.00000,0.00000,0.00000
63.00250,0.49500,0.99985,0.00013,0.00002
63.10250,0.49500,0.99999,0.00001,0.00000
63.20250,0.49500,0.99999,0.00001,0.00000
63.30250,0.49500,0.99997,0.00003,0.00000
63.40250,0.49500,1.00000,0.00000,0.00000
63.50250,0.49500,1.00000,0.00000,0.00000
63.60250,0.49500,1.00000,0.00000,0.00000
63.70250,0.49500,1.00000,0.00000,0.00000
63.80250,0.49500,1.00000,0.00000,0.00000
63.90250,0.49500,1.00000,0.00000,0.00000
64.00250,0.49500,1.00000,0.00000,0.00000
64.10250,0.49500,1.00000,0.00000,0.00000
64.20250,0.49500,0.99997,0.00003,0.00001
64.30250,0.49500,0.99993,0.00007,0.00000
64.40250,0.49500,0.94367,0.01996,0.03638
64.50250,0.49500,0.98987,0.00975,0.00039
64.60250,0.49500,0.96698,0.03269,0.00033
64.70250,0.49500,0.72645,0.24219,0.03136
64.80250,0.49500,0.97000,0.00117,0.02883
64.90250,0.49500,1.00000,0.00000,0.00000
65.00250,0.49500,1.00000,0.00000,0.00000
65.10250,0.49500,1.00000,0.00000,0.00000
65.20250,0.49500,1.00000,0.00000,0.00000
65.30250,0.49500,1.00000,0.00000,0.00000
65.40250,0.49500,1.00000,0.00000,0.00000
65.50250,0.49500,1.00000,0.00000,0.00000
65.60250,0.49500,1.00000,0.00000,0.00000
65.70250,0.49500,1.00000,0.00000,0.00000
65.80250,0.49500,1.00000,0.00000,0.00000
65.90250,0.49500,1.00000,0.00000,0.00000
66.00250,0.49500,1.00000,0.00000,0.00000
66.10250,0.49500,1.00000,0.00000,0.00000
66.20250,0.49500,1.00000,0.00000,0.00000
66.30250,0.49500,1.00000,0.00000,0.00000
66.40250,0.49500,1.00000,0.00000,0.00000
66.50250,0.49500,1.00000,0.00000,0.00000
66.60250,0.49500,1.00000,0.00000,0.00000
66.70250,0.49500,0.99993,0.00006,0.00001
66.80250,0.49500,0.99998,0.00002,0.00000
66.90250,0.49500,0.99995,0.00002,0.00003
67.00250,0.49500,0.99642,0.00332,0.00026
67.10250,0.49500,0.99992,0.00008,0.00000
67.20250,0.49500,0.99910,0.00001,0.00089
67.30250,0.49500,0.99997,0.00000,0.00002
67.40250,0.49500,0.99999,0.00001,0.00000
67.50250,0.49500,1.00000,0.00000,0.00000
67.60250,0.49500,1.00000,0.00000,0.00000
67.70250,0.49500,1.00000,0.00000,0.00000
67.80250,0.49500,1.00000,0.00000,0.00000
67.90250,0.49500,1.00000,0.00000,0.00000
68.00250,0.49500,1.00000,0.00000,0.00000
68.10250,0.49500,1.00000,0.00000,0.00000
68.20250,0.49500,1.00000,0.00000,0.00000
68.30250,0.49500,1.00000,0.00000,0.00000
68.40250,0.49500,1.00000,0.00000,0.00000
68.50250,0.49500,1.00000,0.00000,0.00000
68.60250,0.49500,1.00000,0.00000,0.00000
68.70250,0.49500,1.00000,0.00000,0.00000
68.80250,0.49500,1.00000,0.00000,0.00000
68.90250,0.49500,1.00000,0.00000,0.00000
69.00250,0.49500,1.00000,0.00000,0.00000
69.10250,0.49500,1.00000,0.00000,0.00000
69.20250,0.49500,1.00000,0.00000,0.00000
69.30250,0.49500,1.00000,0.00000,0.00000
69.40250,0.49500,1.00000,0.00000,0.00000
69.50250,0.49500,1.00000,0.00000,0.00000
69.60250,0.49500,1.00000,0.00000,0.00000
69.70250,0.49500,0.99984,0.00000,0.00016
69.80250,0.49500,0.99961,0.00039,0.00000
69.90250,0.49500,0.99199,0.00786,0.00014
70.00250,0.49500,0.94606,0.05392,0.00002
70.10250,0.49500,0.98004,0.01774,0.00222
70.20250,0.49500,0.95068,0.04881,0.00050
70.30250,0.49500,0.99999,0.00001,0.00000
70.40250,0.49500,1.00000,0.00000,0.00000
70.50250,0.49500,1.00000,0.00000,0.00000
70.60250,0.49500,1.00000,0.00000,0.00000
70.70250,0.49500,1.00000,0.00000,0.00000
70.80250,0.49500,0.99993,0.00007,0.00000
70.90250,0.49500,0.99999,0.00001,0.00000
71.00250,0.49500,1.00000,0.00000,0.00000
71.10250,0.49500,1.00000,0.00000,0.00000
71.20250,0.49500,1.00000,0.00000,0.00000
71.30250,0.49500,1.00000,0.00000,0.00000
71.40250,0.49500,1.00000,0.00000,0.00000
71.50250,0.49500,1.00000,0.00000,0.00000
71.60250,0.49500,1.00000,0.00000,0.00000
71.70250,0.49500,1.00000,0.00000,0.00000
71.80250,0.49500,1.00000,0.00000,0.00000
71.90250,0.49500,1.00000,0.00000,0.00000
72.00250,0.49500,1.00000,0.00000,0.00000
72.10250,0.49500,1.00000,0.00000,0.00000
72.20250,0.49500,1.00000,0.00000,0.00000
72.30250,0.49500,1.00000,0.00000,0.00000
72.40250,0.49500,1.00000,0.00000,0.00000
72.50250,0.49500,1.00000,0.00000,0.00000
72.60250,0.49500,1.00000,0.00000,0.00000
72.70250,0.49500,1.00000,0.00000,0.00000
72.80250,0.49500,1.00000,0.00000,0.00000
72.90250,0.49500,1.00000,0.00000,0.00000
73.00250,0.49500,1.00000,0.00000,0.00000
73.10250,0.49500,1.00000,0.00000,0.00000
73.20250,0.49500,1.00000,0.00000,0.00000
73.30250,0.49500,0.99998,0.00002,0.00000
73.40250,0.49500,1.00000,0.00000,0.00000
73.50250,0.49500,1.00000,0.00000,0.00000
73.60250,0.49500,1.00000,0.00000,0.00000
73.70250,0.49500,1.00000,0.00000,0.00000
73.80250,0.49500,1.00000,0.00000,0.00000
73.90250,0.49500,0.99940,0.00056,0.00004
74.00250,0.49500,0.94922,0.00001,0.05077
74.10250,0.49500,0.10895,0.00065,0.89040
74.20250,0.49500,0.73920,0.03881,0.22200
74.30250,0.49500,0.61220,0.05093,0.33687
74.40250,0.49500,0.66460,0.02173,0.31368
74.50250,0.49500,0.48544,0.07687,0.43769
74.60250,0.49500,0.25275,0.02053,0.72672
74.70250,0.49500,0.11214,0.06041,0.82745
74.80250,0.49500,0.06817,0.05095,0.88088
74.90250,0.49500,0.18851,0.08192,0.72957
75.00250,0.49500,0.11032,0.07431,0.81538
75.10250,0.49500,0.09455,0.04688,0.85857
75.20250,0.49500,0.09615,0.02481,0.87904
75.30250,0.49500,0.05300,0.23659,0.71041
75.40250,0.49500,0.03885,0.10291,0.85824
75.50250,0.49500,0.13423,0.11674,0.74904
75.60250,0.49500,0.15036,0.40017,0.44947
75.70250,0.49500,0.07346,0.05073,0.87580
75.80250,0.49500,0.25682,0.04474,0.69844
75.90250,0.49500,0.15392,0.11178,0.73430
76.00250,0.49500,0.44496,0.08982,0.46521
76.10250,0.49500,0.18367,0.01729,0.79904
76.20250,0.49500,0.10911,0.02850,0.86239
76.30250,0.49500,0.05515,0.05072,0.89414
76.40250,0.49500,0.28683,0.03672,0.67645
76.50250,0.49500,0.20901,0.02650,0.76449
76.60250,0.49500,0.19941,0.01796,0.78263
76.70250,0.49500,0.17368,0.02264,0.80368
76.80250,0.49500,0.05212,0.04905,0.89884
76.90250,0.49500,0.43600,0.15070,0.41329
77.00250,0.49500,0.09596,0.09251,0.81152
77.10250,0.49500,0.08963,0.09967,0.81070
77.20250,0.49500,0.01538,0.08555,0.89906
77.30250,0.49500,0.04224,0.24277,0.71499
77.40250,0.49500,0.03945,0.08012,0.88043
77.50250,0.49500,0.08471,0.14535,0.76994
77.60250,0.49500,0.01742,0.00967,0.97291
77.70250,0.49500,0.03676,0.06671,0.89653
77.80250,0.49500,0.03695,0.04919,0.91386
77.90250,0.49500,0.07303,0.05537,0.87159
78.00250,0.49500,0.14537,0.07120,0.78342
78.10250,0.49500,0.10073,0.03202,0.86725
78.20250,0.49500,0.25311,0.15123,0.59566
78.30250,0.49500,0.11471,0.02516,0.86012
78.40250,0.49500,0.22509,0.05100,0.72391
78.50250,0.49500,0.09374,0.09943,0.80683
78.60250,0.49500,0.11588,0.11222,0.77190
78.70250,0.49500,0.05253,0.04737,0.90010
78.80250,0.49500,0.05709,0.03643,0.90648
78.90250,0.49500,0.07424,0.06664,0.85912
79.00250,0.49500,0.12056,0.08094,0.79850
79.10250,0.49500,0.20479,0.06360,0.73161
79.20250,0.49500,0.06808,0.02562,0.90630
79.30250,0.49500,0.10910,0.07609,0.81481
79.40250,0.49500,0.13361,0.00730,0.85909
79.50250,0.49500,0.12245,0.02821,0.84934
79.60250,0.49500,0.12019,0.12287,0.75694
79.70250,0.49500,0.08094,0.03950,0.87956
79.80250,0.49500,0.03214,0.01775,0.95011
79.90250,0.49500,0.04027,0.02596,0.93377
80.00250,0.49500,0.04133,0.01567,0.94300
80.10250,0.49500,0.06569,0.02014,0.91417
80.20250,0.49500,0.13670,0.08186,0.78143
80.30250,0.49500,0.05904,0.00394,0.93702
80.40250,0.49500,0.07889,0.01632,0.90479
80.50250,0.49500,0.06088,0.04047,0.89866
80.60250,0.49500,0.04885,0.01207,0.93908
80.70250,0.49500,0.03290,0.01547,0.95164
80.80250,0.49500,0.10412,0.00886,0.88702
80.90250,0.49500,0.15244,0.01330,0.83426
81.00250,0.49500,0.29017,0.05510,0.65473
81.10250,0.49500,0.20780,0.03225,0.75995
81.20250,0.49500,0.05931,0.00639,0.93430
81.30250,0.49500,0.20132,0.01247,0.78621
81.40250,0.49500,0.16356,0.03339,0.80305
81.50250,0.49500,0.28400,0.16851,0.54749
81.60250,0.49500,0.07955,0.01320,0.90725
81.70250,0.49500,0.10494,0.01950,0.87556
81.80250,0.49500,0.11348,0.01253,0.87399
81.90250,0.49500,0.04025,0.02535,0.93441
82.00250,0.49500,0.07015,0.06958,0.86027
82.10250,0.49500,0.01770,0.01888,0.96342
82.20250,0.49500,0.05021,0.02859,0.92120
82.30250,0.49500,0.02772,0.03047,0.94182
82.40250,0.49500,0.11450,0.07480,0.81070
82.50250,0.49500,0.01438,0.01045,0.97516
82.60250,0.49500,0.04425,0.01905,0.93670
82.70250,0.49500,0.09156,0.02911,0.87933
82.80250,0.49500,0.06330,0.00777,0.92893
82.90250,0.49500,0.03568,0.02615,0.93816
83.00250,0.49500,0.05476,0.02781,0.91743
83.10250,0.49500,0.08080,0.12491,0.79429
83.20250,0.49500,0.02919,0.00713,0.96368
83.30250,0.49500,0.06531,0.02003,0.91466
83.40250,0.49500,0.07170,0.01873,0.90957
83.50250,0.49500,0.10006,0.02462,0.87532
83.60250,0.49500,0.02467,0.01340,0.96193
83.70250,0.49500,0.17725,0.11426,0.70849
83.80250,0.49500,0.05367,0.03239,0.91394
83.90250,0.49500,0.16686,0.13379,0.69934
84.00250,0.49500,0.03408,0.06317,0.90275
84.10250,0.49500,0.10878,0.11499,0.77622
84.20250,0.49500,0.07688,0.06351,0.85961
84.30250,0.49500,0.06461,0.03171,0.90368
84.40250,0.49500,0.06633,0.02438,0.90929
84.50250,0.49500,0.02991,0.00591,0.96418
84.60250,0.49500,0.06539,0.00473,0.92988
84.70250,0.49500,0.13454,0.10501,0.76046
84.80250,0.49500,0.03682,0.00818,0.95500
84.90250,0.49500,0.04098,0.01490,0.94412
85.00250,0.49500,0.02914,0.04787,0.92299
85.10250,0.49500,0.02711,0.05259,0.92030
85.20250,0.49500,0.06066,0.01346,0.92588
85.30250,0.49500,0.04745,0.03093,0.92161
85.40250,0.49500,0.04152,0.03234,0.92614
85.50250,0.49500,0.10198,0.02937,0.86865
85.60250,0.49500,0.02186,0.04199,0.93615
85.70250,0.49500,0.02677,0.05675,0.91649
85.80250,0.49500,0.03771,0.03878,0.92351
85.90250,0.49500,0.04672,0.04213,0.91115
86.00250,0.49500,0.11901,0.03822,0.84277
86.10250,0.49500,0.05337,0.04939,0.89723
86.20250,0.49500,0.03932,0.01448,0.94619
86.30250,0.49500,0.02942,0.01464,0.95594
86.40250,0.49500,0.28162,0.10446,0.61392
86.50250,0.49500,0.21775,0.04519,0.73706
86.60250,0.49500,0.37013,0.02371,0.60616
86.70250,0.49500,0.02215,0.00207,0.97577
86.80250,0.49500,0.11877,0.11127,0.76996
86.90250,0.49500,0.02143,0.04873,0.92985
87.00250,0.49500,0.05179,0.11024,0.83796
87.10250,0.49500,0.02858,0.01854,0.95287
87.20250,0.49500,0.03744,0.01669,0.94586
87.30250,0.49500,0.08493,0.06278,0.85229
87.40250,0.49500,0.07680,0.02262,0.90058
87.50250,0.49500,0.07751,0.03002,0.89247
87.60250,0.49500,0.03014,0.00618,0.96368
87.70250,0.49500,0.02706,0.03535,0.93759
87.80250,0.49500,0.03051,0.02861,0.94089
87.90250,0.49500,0.05165,0.04379,0.90456
88.00250,0.49500,0.02149,0.03577,0.94274
88.10250,0.49500,0.01944,0.02330,0.95727
88.20250,0.49500,0.01415,0.02525,0.96060
88.30250,0.49500,0.01461,0.01190,0.97349
88.40250,0.49500,0.04288,0.02336,0.93376
88.50250,0.49500,0.06745,0.01807,0.91448
88.60250,0.49500,0.04254,0.00839,0.94907
88.70250,0.49500,0.04894,0.01409,0.93697
88.80250,0.49500,0.03447,0.00857,0.95697
88.90250,0.49500,0.03090,0.05289,0.91621
89.00250,0.49500,0.03770,0.01509,0.94721
89.10250,0.49500,0.18759,0.10967,0.70274
89.20250,0.49500,0.03608,0.01836,0.94556
89.30250,0.49500,0.06615,0.02157,0.91228
89.40250,0.49500,0.03559,0.00824,0.95617
89.50250,0.49500,0.02682,0.03993,0.93325
89.60250,0.49500,0.01490,0.02122,0.96389
89.70250,0.49500,0.04090,0.02578,0.93333
89.80250,0.49500,0.02709,0.02028,0.95262
89.90250,0.49500,0.06350,0.01429,0.92221
90.00250,0.49500,0.05264,0.02654,0.92082
90.10250,0.49500,0.07943,0.02701,0.89357
90.20250,0.49500,0.14534,0.04174,0.81292
90.30250,0.49500,0.02287,0.02021,0.95692
90.40250,0.49500,0.04680,0.00402,0.94917
90.50250,0.49500,0.02731,0.01981,0.95288
90.60250,0.49500,0.03213,0.03127,0.93660
90.70250,0.49500,0.11276,0.00817,0.87907
90.80250,0.49500,0.02976,0.02050,0.94974
90.90250,0.49500,0.13683,0.17064,0.69253
91.00250,0.49500,0.04630,0.09925,0.85445
91.10250,0.49500,0.07222,0.08455,0.84323
91.20250,0.49500,0.00959,0.03021,0.96020
91.30250,0.49500,0.06066,0.14298,0.79635
91.40250,0.49500,0.03035,0.07158,0.89807
91.50250,0.49500,0.06207,0.01068,0.92725
91.60250,0.49500,0.06730,0.03627,0.89643
91.70250,0.49500,0.04413,0.07808,0.87779
91.80250,0.49500,0.01558,0.02545,0.95898
91.90250,0.49500,0.03444,0.05098,0.91458
92.00250,0.49500,0.04635,0.01096,0.94269
92.10250,0.49500,0.18927,0.10549,0.70524
92.20250,0.49500,0.11069,0.04877,0.84054
92.30250,0.49500,0.19218,0.13336,0.67446
92.40250,0.49500,0.08909,0.05259,0.85831
92.50250,0.49500,0.18962,0.15723,0.65315
92.60250,0.49500,0.05555,0.04911,0.89534
92.70250,0.49500,0.21321,0.15010,0.63669
92.80250,0.49500,0.09731,0.07275,0.82994
92.90250,0.49500,0.06858,0.07390,0.85751
93.00250,0.49500,0.02851,0.16788,0.80361
93.10250,0.49500,0.02167,0.04984,0.92849
93.20250,0.49500,0.08303,0.11306,0.80392
93.30250,0.49500,0.04272,0.25631,0.70097
93.40250,0.49500,0.04292,0.12794,0.82914
93.50250,0.49500,0.03636,0.05413,0.90950
93.60250,0.49500,0.07983,0.10782,0.81235
93.70250,0.49500,0.06737,0.06802,0.86461
93.80250,0.49500,0.08350,0.11522,0.80128
93.90250,0.49500,0.04108,0.26221,0.69670
94.00250,0.49500,0.01238,0.10036,0.88727
94.10250,0.49500,0.01991,0.08942,0.89067
94.20250,0.49500,0.03183,0.11657,0.85160
94.30250,0.49500,0.02409,0.11041,0.86550
94.40250,0.49500,0.07516,0.10084,0.82400
94.50250,0.49500,0.03468,0.14092,0.82440
94.60250,0.49500,0.16732,0.17400,0.65868
94.70250,0.49500,0.08675,0.30409,0.60916
94.80250,0.49500,0.05003,0.05222,0.89775
94.90250,0.49500,0.05175,0.06066,0.88759
95.00250,0.49500,0.06082,0.35089,0.58829
95.10250,0.49500,0.05916,0.04002,0.90081
95.20250,0.49500,0.18008,0.19408,0.62584
95.30250,0.49500,0.07556,0.01188,0.91256
95.40250,0.49500,0.11098,0.03249,0.85653
95.50250,0.49500,0.05271,0.02880,0.91849
95.60250,0.49500,0.06565,0.07936,0.85500
95.70250,0.49500,0.01021,0.02123,0.96857
95.80250,0.49500,0.00906,0.00823,0.98271
95.90250,0.49500,0.02073,0.00959,0.96968
96.00250,0.49500,0.01034,0.02620,0.96346
96.10250,0.49500,0.02062,0.00884,0.97054
96.20250,0.49500,0.00684,0.01006,0.98311
96.30250,0.49500,0.03153,0.04982,0.91865
96.40250,0.49500,0.03368,0.11687,0.84945
96.50250,0.49500,0.04108,0.03774,0.92118
96.60250,0.49500,0.02994,0.04213,0.92794
96.70250,0.49500,0.01754,0.04707,0.93539
96.80250,0.49500,0.09237,0.01663,0.89100
96.90250,0.49500,0.02392,0.00685,0.96924
97.00250,0.49500,0.04370,0.05269,0.90361
97.10250,0.49500,0.06541,0.02954,0.90504
97.20250,0.49500,0.12928,0.04037,0.83035
97.30250,0.49500,0.15688,0.02438,0.81874
97.40250,0.49500,0.10601,0.02865,0.86534
97.50250,0.49500,0.17786,0.10140,0.72074
97.60250,0.49500,0.04023,0.00710,0.95266
97.70250,0.49500,0.01259,0.03736,0.95006
97.80250,0.49500,0.02336,0.02858,0.94806
97.90250,0.49500,0.17930,0.14768,0.67302
98.00250,0.49500,0.03135,0.06867,0.89997
98.10250,0.49500,0.07837,0.03109,0.89054
98.20250,0.49500,0.01949,0.02511,0.95539
98.30250,0.49500,0.04490,0.14665,0.80845
98.40250,0.49500,0.05114,0.03813,0.91073
98.50250,0.49500,0.17431,0.02370,0.80199
98.60250,0.49500,0.02887,0.01305,0.95808
98.70250,0.49500,0.06408,0.07813,0.85780
98.80250,0.49500,0.02137,0.02859,0.95004
98.90250,0.49500,0.01833,0.03456,0.94710
99.00250,0.49500,0.04821,0.09861,0.85318
99.10250,0.49500,0.07408,0.06174,0.86418
99.20250,0.49500,0.03677,0.06656,0.89668
99.30250,0.49500,0.03411,0.06551,0.90038
99.40250,0.49500,0.07706,0.05633,0.86661
99.50250,0.49500,0.11940,0.12855,0.75205
99.60250,0.49500,0.13756,0.13365,0.72879
99.70250,0.49500,0.30947,0.06025,0.63028
99.80250,0.49500,0.34300,0.01621,0.64079
99.90250,0.49500,0.49596,0.11044,0.39360
100.00250,0.49500,0.34785,0.04127,0.61087
100.10250,0.49500,0.57054,0.12044,0.30902
100.20250,0.49500,0.06335,0.03161,0.90504
100.30250,0.49500,0.14084,0.06936,0.78980
100.40250,0.49500,0.28898,0.07635,0.63466
100.50250,0.49500,0.58841,0.12711,0.28448
100.60250,0.49500,0.41052,0.12349,0.46599
100.70250,0.49500,0.42753,0.03636,0.53611
100.80250,0.49500,0.14097,0.01559,0.84344
100.90250,0.49500,0.33166,0.06097,0.60737
101.00250,0.49500,0.07763,0.01199,0.91038
101.10250,0.49500,0.24599,0.05591,0.69810
101.20250,0.49500,0.03364,0.00635,0.96001
101.30250,0.49500,0.04188,0.07378,0.88434
101.40250,0.49500,0.05092,0.03980,0.90928
101.50250,0.49500,0.03197,0.03659,0.93144
101.60250,0.49500,0.03936,0.03449,0.92615
101.70250,0.49500,0.08980,0.06792,0.84228
101.80250,0.49500,0.08091,0.14370,0.77539
101.90250,0.49500,0.06198,0.04123,0.89679
102.00250,0.49500,0.00788,0.02967,0.96245
102.10250,0.49500,0.04601,0.13251,0.82149
102.20250,0.49500,0.04693,0.14100,0.81206
102.30250,0.49500,0.02673,0.05110,0.92217
102.40250,0.49500,0.22629,0.16804,0.60567
102.50250,0.49500,0.03247,0.06063,0.90689
102.60250,0.49500,0.14304,0.14393,0.71303
102.70250,0.49500,0.05073,0.08977,0.85949
102.80250,0.49500,0.19136,0.26243,0.54621
102.90250,0.49500,0.19909,0.04559,0.75532
103.00250,0.49500,0.03374,0.06046,0.90580
103.10250,0.49500,0.09517,0.08655,0.81828
103.20250,0.49500,0.01976,0.05171,0.92853
103.30250,0.49500,0.04259,0.03143,0.92598
103.40250,0.49500,0.01480,0.03794,0.94726
103.50250,0.49500,0.06197,0.05785,0.88018
103.60250,0.49500,0.08781,0.06389,0.84830
103.70250,0.49500,0.21847,0.04211,0.73942
103.80250,0.49500,0.05840,0.00931,0.93228
103.90250,0.49500,0.06939,0.07298,0.85764
104.00250,0.49500,0.06229,0.01947,0.91823
104.10250,0.49500,0.06039,0.01969,0.91992
104.20250,0.49500,0.09302,0.02495,0.88202
104.30250,0.49500,0.03098,0.00717,0.96185
104.40250,0.49500,0.06761,0.06491,0.86748
104.50250,0.49500,0.02636,0.05440,0.91924
104.60250,0.49500,0.03053,0.30883,0.66064
104.70250,0.49500,0.01843,0.03755,0.94402
104.80250,0.49500,0.07851,0.06469,0.85680
104.90250,0.49500,0.02974,0.15923,0.81103
105.00250,0.49500,0.14024,0.14490,0.71486
105.10250,0.49500,0.22067,0.05620,0.72313
105.20250,0.49500,0.33700,0.09939,0.56361
105.30250,0.49500,0.56584,0.00919,0.42496
105.40250,0.49500,0.86650,0.00276,0.13074
105.50250,0.49500,0.87310,0.00422,0.12267
105.60250,0.49500,0.99968,0.00018,0.00014
105.70250,0.49500,0.99999,0.00001,0.00000
105.80250,0.49500,1.00000,0.00000,0.00000
105.90250,0.49500,1.00000,0.00000,0.00000
106.00250,0.49500,1.00000,0.00000,0.00000
106.10250,0.49500,1.00000,0.00000,0.00000
106.20250,0.49500,1.00000,0.00000,0.00000
106.30250,0.49500,0.99494,0.00506,0.00000
106.40250,0.49500,0.91764,0.08236,0.00000
106.50250,0.49500,0.96338,0.03662,0.00000
106.60250,0.49500,0.94767,0.05233,0.00000
106.70250,0.49500,0.64371,0.35628,0.00000
106.80250,0.49500,0.97947,0.02052,0.00001
106.90250,0.49500,0.70289,0.29710,0.00001
107.00250,0.49500,0.91642,0.08358,0.00000
107.10250,0.49500,0.98632,0.01368,0.00000
107.20250,0.49500,0.91197,0.08803,0.00000
107.30250,0.49500,0.96909,0.03091,0.00000
107.40250,0.49500,0.98941,0.01059,0.00000
107.50250,0.49500,0.82522,0.17475,0.00002
107.60250,0.49500,0.50330,0.49605,0.00066
107.70250,0.49500,0.78787,0.21199,0.00014
107.80250,0.49500,0.35788,0.63698,0.00514
107.90250,0.49500,0.33752,0.65668,0.00580
108.00250,0.49500,0.32948,0.66493,0.00559
108.10250,0.49500,0.23240,0.75351,0.01409
108.20250,0.49500,0.27493,0.69812,0.02695
108.30250,0.49500,0.08343,0.85786,0.05871
108.40250,0.49500,0.04624,0.94950,0.00426
108.50250,0.49500,0.10181,0.82791,0.07028
108.60250,0.49500,0.04278,0.93325,0.02396
108.70250,0.49500,0.02439,0.97080,0.00481
108.80250,0.49500,0.01207,0.98672,0.00121
108.90250,0.49500,0.01386,0.97476,0.01138
109.00250,0.49500,0.00224,0.99704,0.00072
109.10250,0.49500,0.01140,0.98495,0.00365
109.20250,0.49500,0.00420,0.98854,0.00726
109.30250,0.49500,0.01071,0.98741,0.00188
109.40250,0.49500,0.00952,0.98614,0.00434
109.50250,0.49500,0.01436,0.98026,0.00538
109.60250,0.49500,0.00123,0.99825,0.00052
109.70250,0.49500,0.00389,0.99538,0.00072
109.80250,0.49500,0.00527,0.99241,0.00232
109.90250,0.49500,0.01059,0.98804,0.00137
110.00250,0.49500,0.01674,0.98179,0.00147
110.10250,0.49500,0.00709,0.99110,0.00181
110.20250,0.49500,0.04414,0.95135,0.00450
110.30250,0.49500,0.02854,0.96432,0.00714
110.40250,0.49500,0.02517,0.96607,0.00876
110.50250,0.49500,0.02925,0.96730,0.00345
110.60250,0.49500,0.00915,0.98552,0.00533
110.70250,0.49500,0.01224,0.97478,0.01297
110.80250,0.49500,0.01671,0.95709,0.02620
110.90250,0.49500,0.00984,0.98739,0.00277
111.00250,0.49500,0.02169,0.97447,0.00384
111.10250,0.49500,0.02737,0.92515,0.04749
111.20250,0.49500,0.01082,0.98175,0.00743
111.30250,0.49500,0.04047,0.94428,0.01524
111.40250,0.49500,0.01165,0.94457,0.04378
111.50250,0.49500,0.01471,0.97543,0.00986
111.60250,0.49500,0.01882,0.93131,0.04987
111.70250,0.49500,0.03496,0.93456,0.03048
111.80250,0.49500,0.02979,0.93618,0.03403
111.90250,0.49500,0.02468,0.96609,0.00923
112.00250,0.49500,0.01779,0.96649,0.01571
112.10250,0.49500,0.00444,0.97710,0.01846
112.20250,0.49500,0.01305,0.95113,0.03581
112.30250,0.49500,0.00777,0.97362,0.01862
112.40250,0.49500,0.01697,0.91176,0.07127
112.50250,0.49500,0.01983,0.93868,0.04149
112.60250,0.49500,0.01524,0.80926,0.17549
112.70250,0.49500,0.02079,0.89900,0.08021
112.80250,0.49500,0.01022,0.83767,0.15211
112.90250,0.49500,0.04562,0.59710,0.35728
113.00250,0.49500,0.03180,0.85085,0.11735
113.10250,0.49500,0.03192,0.87332,0.09476
113.20250,0.49500,0.07037,0.88207,0.04756
113.30250,0.49500,0.04296,0.89755,0.05949
113.40250,0.49500,0.02797,0.79874,0.17329
113.50250,0.49500,0.02234,0.88833,0.08933
113.60250,0.49500,0.00490,0.92137,0.07374
113.70250,0.49500,0.01150,0.67528,0.31321
113.80250,0.49500,0.02248,0.38759,0.58993
113.90250,0.49500,0.01914,0.83316,0.14770
114.00250,0.49500,0.03437,0.92443,0.04119
114.10250,0.49500,0.02001,0.88617,0.09381
114.20250,0.49500,0.00662,0.92429,0.06909
114.30250,0.49500,0.01562,0.97374,0.01064
114.40250,0.49500,0.00899,0.97726,0.01375
114.50250,0.49500,0.00902,0.96554,0.02544
114.60250,0.49500,0.00259,0.99195,0.00546
114.70250,0.49500,0.00895,0.98660,0.00444
114.80250,0.49500,0.00725,0.98260,0.01015
114.90250,0.49500,0.01593,0.95570,0.02837
115.00250,0.49500,0.01188,0.97138,0.01674
115.10250,0.49500,0.01005,0.96447,0.02548
115.20250,0.49500,0.00953,0.93114,0.05933
115.30250,0.49500,0.01096,0.94742,0.04163
115.40250,0.49500,0.00818,0.98057,0.01125
115.50250,0.49500,0.00830,0.94816,0.04354
115.60250,0.49500,0.01740,0.95582,0.02678
115.70250,0.49500,0.02744,0.93694,0.03562
115.80250,0.49500,0.02935,0.93564,0.03501
115.90250,0.49500,0.02757,0.94978,0.02265
116.00250,0.49500,0.04597,0.87868,0.07536
116.10250,0.49500,0.03965,0.89126,0.06908
116.20250,0.49500,0.04438,0.90929,0.04633
116.30250,0.49500,0.04538,0.87457,0.08005
116.40250,0.49500,0.09152,0.85704,0.05144
116.50250,0.49500,0.08554,0.68611,0.22836
116.60250,0.49500,0.08658,0.84331,0.07011
116.70250,0.49500,0.01895,0.96554,0.01551
116.80250,0.49500,0.04382,0.86530,0.09088
116.90250,0.49500,0.01211,0.95564,0.03224
117.00250,0.49500,0.00776,0.96380,0.02844
117.10250,0.49500,0.00893,0.81165,0.17943
117.20250,0.49500,0.00371,0.95453,0.04177
117.30250,0.49500,0.01875,0.75209,0.22916
117.40250,0.49500,0.02127,0.92878,0.04995
117.50250,0.49500,0.04589,0.54323,0.41088
117.60250,0.49500,0.04153,0.57572,0.38275
117.70250,0.49500,0.01713,0.88017,0.10270
117.80250,0.49500,0.01260,0.89587,0.09153
117.90250,0.49500,0.00965,0.65175,0.33861
118.00250,0.49500,0.01410,0.54012,0.44578
118.10250,0.49500,0.03223,0.89565,0.07212
118.20250,0.49500,0.13765,0.61558,0.24677
118.30250,0.49500,0.17298,0.57027,0.25675
118.40250,0.49500,0.16921,0.48147,0.34932
118.50250,0.49500,0.04587,0.52373,0.43040
118.60250,0.49500,0.05920,0.84563,0.09517
118.70250,0.49500,0.05539,0.67801,0.26660
118.80250,0.49500,0.02680,0.91596,0.05724
118.90250,0.49500,0.04068,0.71862,0.24070
119.00250,0.49500,0.00432,0.94638,0.04930
119.10250,0.49500,0.01344,0.89216,0.09439
119.20250,0.49500,0.01581,0.81464,0.16955
119.30250,0.49500,0.05294,0.76585,0.18121
119.40250,0.49500,0.17013,0.77445,0.05542
119.50250,0.49500,0.02300,0.93591,0.04109
119.60250,0.49500,0.04625,0.73921,0.21455
119.70250,0.49500,0.01447,0.95723,0.02830
119.80250,0.49500,0.01419,0.65455,0.33126
119.90250,0.49500,0.00818,0.91489,0.07693
120.00250,0.49500,0.00591,0.96754,0.02655
120.10250,0.49500,0.01440,0.83998,0.14561
120.20250,0.49500,0.01595,0.67748,0.30657
120.30250,0.49500,0.01930,0.78818,0.19252
120.40250,0.49500,0.01344,0.87885,0.10770
120.50250,0.49500,0.01205,0.95096,0.03699
120.60250,0.49500,0.05128,0.88659,0.06213
120.70250,0.49500,0.02370,0.95871,0.01758
120.80250,0.49500,0.09312,0.83134,0.07554
120.90250,0.49500,0.01684,0.97919,0.00397
121.00250,0.49500,0.00840,0.98772,0.00389
121.10250,0.49500,0.01918,0.96409,0.01673
121.20250,0.49500,0.01231,0.98099,0.00670
121.30250,0.49500,0.04500,0.84816,0.10684
121.40250,0.49500,0.06358,0.88482,0.05160
121.50250,0.49500,0.07072,0.81864,0.11064
121.60250,0.49500,0.03686,0.93184,0.03130
121.70250,0.49500,0.04735,0.84273,0.10992
121.80250,0.49500,0.01981,0.96058,0.01962
121.90250,0.49500,0.02416,0.95208,0.02376
122.00250,0.49500,0.00914,0.96987,0.02098
122.10250,0.49500,0.00687,0.98166,0.01147
122.20250,0.49500,0.00356,0.99111,0.00533
122.30250,0.49500,0.00496,0.92219,0.07286
122.40250,0.49500,0.00884,0.95163,0.03952
122.50250,0.49500,0.00958,0.98246,0.00796
122.60250,0.49500,0.01246,0.96401,0.02353
122.70250,0.49500,0.01652,0.96588,0.01761
122.80250,0.49500,0.01935,0.96946,0.01118
122.90250,0.49500,0.01628,0.96753,0.01619
123.00250,0.49500,0.02684,0.94356,0.02959
123.10250,0.49500,0.01083,0.97505,0.01412
123.20250,0.49500,0.01488,0.97561,0.00950
123.30250,0.49500,0.00749,0.96502,0.02749
123.40250,0.49500,0.01233,0.97708,0.01059
123.50250,0.49500,0.00365,0.99102,0.00532
123.60250,0.49500,0.00497,0.97969,0.01535
123.70250,0.49500,0.00521,0.97783,0.01696
123.80250,0.49500,0.01139,0.97160,0.01701
123.90250,0.49500,0.00607,0.97224,0.02169
124.00250,0.49500,0.02261,0.93542,0.04197
124.10250,0.49500,0.02712,0.94365,0.02923
124.20250,0.49500,0.00868,0.98471,0.00661
124.30250,0.49500,0.01136,0.98051,0.00813
124.40250,0.49500,0.01090,0.96220,0.02690
124.50250,0.49500,0.02562,0.96414,0.01025
124.60250,0.49500,0.02885,0.95683,0.01432
124.70250,0.49500,0.03355,0.95066,0.01579
124.80250,0.49500,0.00936,0.98472,0.00592
124.90250,0.49500,0.02581,0.95959,0.01460
125.00250,0.49500,0.02798,0.87379,0.09823
125.10250,0.49500,0.02826,0.94839,0.02335
125.20250,0.49500,0.00995,0.97830,0.01175
125.30250,0.49500,0.00802,0.98794,0.00404
125.40250,0.49500,0.00316,0.99154,0.00530
125.50250,0.49500,0.00612,0.98471,0.00917
125.60250,0.49500,0.00417,0.99038,0.00545
125.70250,0.49500,0.01907,0.94289,0.03805
125.80250,0.49500,0.01489,0.94387,0.04124
125.90250,0.49500,0.00939,0.91775,0.07286
126.00250,0.49500,0.00306,0.97063,0.02632
126.10250,0.49500,0.00655,0.97487,0.01859
126.20250,0.49500,0.00487,0.93706,0.05807
126.30250,0.49500,0.01684,0.97170,0.01147
126.40250,0.49500,0.02333,0.95609,0.02058
126.50250,0.49500,0.01864,0.96508,0.01628
126.60250,0.49500,0.01961,0.96842,0.01197
126.70250,0.49500,0.01627,0.96979,0.01393
126.80250,0.49500,0.02746,0.92639,0.04615
126.90250,0.49500,0.00953,0.98216,0.00831
127.00250,0.49500,0.01111,0.98332,0.00557
127.10250,0.49500,0.00756,0.96508,0.02736
127.20250,0.49500,0.01774,0.92984,0.05242
127.30250,0.49500,0.02817,0.95911,0.01272
127.40250,0.49500,0.01621,0.94789,0.03590
127.50250,0.49500,0.07583,0.91674,0.00744
127.60250,0.49500,0.31868,0.55519,0.12613
127.70250,0.49500,0.35453,0.53334,0.11213
127.80250,0.49500,0.99844,0.00156,0.00000
127.90250,0.49501,1.00000,0.00000,0.00000
128.00250,0.49500,1.00000,0.00000,0.00000
128.10249,0.49501,1.00000,0.00000,0.00000
128.20250,0.49500,1.00000,0.00000,0.00000
128.30251,0.49500,0.99999,0.00001,0.00000
128.40250,0.49501,1.00000,0.00000,0.00000
128.50250,0.49500,0.99629,0.00023,0.00348
128.60249,0.49501,0.81631,0.04105,0.14265
128.70250,0.49500,0.64768,0.16050,0.19182
128.80251,0.49500,0.70588,0.18520,0.10893
128.90250,0.49501,0.83548,0.04878,0.11574
129.00250,0.49500,0.75092,0.03554,0.21353
129.10249,0.49501,0.60657,0.00624,0.38719
129.20250,0.49500,0.37988,0.03620,0.58392
129.30251,0.49500,0.16313,0.04503,0.79183
129.40250,0.49501,0.15207,0.06551,0.78242
129.50250,0.49500,0.03499,0.03915,0.92587
129.60249,0.49501,0.10642,0.02893,0.86465
129.70250,0.49500,0.06213,0.01363,0.92424
129.80251,0.49500,0.05166,0.02498,0.92336
129.90250,0.49501,0.11040,0.24993,0.63968
130.00250,0.49500,0.12761,0.18351,0.68888
130.10249,0.49501,0.08713,0.01649,0.89638
130.20250,0.49500,0.07583,0.03164,0.89253
130.30251,0.49500,0.45888,0.04734,0.49378
130.40250,0.49501,0.32463,0.01040,0.66497
130.50250,0.49500,0.52066,0.07350,0.40583
130.60249,0.49501,0.38860,0.00641,0.60499
130.70250,0.49500,0.14112,0.00621,0.85267
130.80251,0.49500,0.37299,0.01888,0.60813
130.90250,0.49501,0.99854,0.00043,0.00104
131.00250,0.49500,0.99998,0.00001,0.00000
131.10249,0.49501,1.00000,0.00000,0.00000
131.20250,0.49500,0.99999,0.00000,0.00001
131.30251,0.49500,1.00000,0.00000,0.00000
131.40250,0.49501,0.99918,0.00048,0.00034
131.50250,0.49500,0.98903,0.00008,0.01089
131.60249,0.49501,0.99901,0.00058,0.00041
131.70250,0.49500,0.99965,0.00026,0.00010
131.80251,0.49500,0.99995,0.00000,0.00005
131.90250,0.49501,1.00000,0.00000,0.00000
132.00250,0.49500,1.00000,0.00000,0.00000
132.10249,0.49501,1.00000,0.00000,0.00000
132.20250,0.49500,1.00000,0.00000,0.00000
132.30251,0.49500,1.00000,0.00000,0.00000
132.40250,0.49501,1.00000,0.00000,0.00000
132.50250,0.49500,1.00000,0.00000,0.00000
132.60249,0.49501,1.00000,0.00000,0.00000
132.70250,0.49500,1.00000,0.00000,0.00000
132.80251,0.49500,0.99999,0.00000,0.00001
132.90250,0.49501,1.00000,0.00000,0.00000
133.00250,0.49500,0.99998,0.00002,0.00000
133.10249,0.49501,1.00000,0.00000,0.00000
133.20250,0.49500,1.00000,0.00000,0.00000
133.30251,0.49500,1.00000,0.00000,0.00000
133.40250,0.49501,1.00000,0.00000,0.00000
133.50250,0.49500,0.99966,0.00005,0.00029
133.60249,0.49501,0.99953,0.00046,0.00001
133.70250,0.49500,0.99970,0.00030,0.00000
133.80251,0.49500,1.00000,0.00000,0.00000
133.90250,0.49501,1.00000,0.00000,0.00000
134.00250,0.49500,1.00000,0.00000,0.00000
134.10249,0.49501,1.00000,0.00000,0.00000
134.20250,0.49500,0.99941,0.00059,0.00000
134.30251,0.49500,0.99987,0.00013,0.00000
134.40250,0.49501,0.99973,0.00027,0.00000
134.50250,0.49500,0.99996,0.00004,0.00000
134.60249,0.49501,0.99997,0.00000,0.00003
134.70250,0.49500,1.00000,0.00000,0.00000
134.80251,0.49500,1.00000,0.00000,0.00000
134.90250,0.49501,0.99998,0.00002,0.00000
135.00250,0.49500,1.00000,0.00000,0.00000
135.10249,0.49501,0.99999,0.00001,0.00000
135.20250,0.49500,0.99999,0.00001,0.00000
135.30251,0.49500,0.99999,0.00001,0.00000
135.40250,0.49501,0.99999,0.00001,0.00000
135.50250,0.49500,1.00000,0.00000,0.00000
135.60249,0.49501,1.00000,0.00000,0.00000
135.70250,0.49500,0.99997,0.00003,0.00000
135.80251,0.49500,0.99999,0.00001,0.00000
135.90250,0.49501,1.00000,0.00000,0.00000
136.00250,0.49500,1.00000,0.00000,0.00000
136.10249,0.49501,1.00000,0.00000,0.00000
136.20250,0.49500,1.00000,0.00000,0.00000
136.30251,0.49500,0.99489,0.00511,0.00000
136.40250,0.49501,0.99985,0.00015,0.00000
136.50250,0.49500,0.99998,0.00002,0.00000
136.60249,0.49501,1.00000,0.00000,0.00000
136.70250,0.49500,1.00000,0.00000,0.00000
136.80251,0.49500,1.00000,0.00000,0.00000
136.90250,0.49501,0.99973,0.00000,0.00027
137.00250,0.49500,1.00000,0.00000,0.00000
137.10249,0.49501,1.00000,0.00000,0.00000
137.20250,0.49500,1.00000,0.00000,0.00000
137.30251,0.49500,1.00000,0.00000,0.00000
137.40250,0.49501,1.00000,0.00000,0.00000
137.50250,0.49500,0.99999,0.00001,0.00000
137.60249,0.49501,1.00000,0.00000,0.00000
137.70250,0.49500,1.00000,0.00000,0.00000
137.80251,0.49500,1.00000,0.00000,0.00000
137.90250,0.49501,1.00000,0.00000,0.00000
138.00250,0.49500,1.00000,0.00000,0.00000
138.10249,0.49501,1.00000,0.00000,0.00000
138.20250,0.49500,1.00000,0.00000,0.00000
138.30251,0.49500,1.00000,0.00000,0.00000
138.40250,0.49501,0.99982,0.00018,0.00000
138.50250,0.49500,0.99999,0.00001,0.00000
138.60249,0.49501,1.00000,0.00000,0.00000
138.70250,0.49500,0.99979,0.00021,0.00000
138.80251,0.49500,0.99998,0.00002,0.00000
138.90250,0.49501,0.99998,0.00002,0.00000
139.00250,0.49500,0.98175,0.01825,0.00000
139.10249,0.49501,0.99739,0.00261,0.00000
139.20250,0.49500,0.98260,0.01740,0.00000
139.30251,0.49500,0.99788,0.00208,0.00004
139.40250,0.49501,0.99919,0.00081,0.00000
139.50250,0.49500,0.99669,0.00328,0.00003
139.60249,0.49501,0.99950,0.00050,0.00000
139.70250,0.49500,0.99965,0.00022,0.00013
139.80251,0.49500,0.99999,0.00001,0.00000
139.90250,0.49501,0.99956,0.00040,0.00004
140.00250,0.49500,0.99940,0.00060,0.00000
140.10249,0.49501,0.99892,0.00107,0.00001
140.20250,0.49500,0.99951,0.00023,0.00027
140.30251,0.49500,0.98214,0.01786,0.00001
140.40250,0.49501,0.99991,0.00000,0.00008
140.50250,0.49500,0.99944,0.00050,0.00006
140.60249,0.49501,0.99992,0.00007,0.00002
140.70250,0.49500,0.99981,0.00010,0.00009
140.80251,0.49500,0.99996,0.00003,0.00000
140.90250,0.49501,0.99822,0.00083,0.00095
141.00250,0.49500,0.99910,0.00089,0.00001
141.10249,0.49501,0.99481,0.00155,0.00364
141.20250,0.49500,0.99913,0.00079,0.00008
141.30251,0.49500,0.99080,0.00044,0.00876
141.40250,0.49501,0.99528,0.00412,0.00060
141.50250,0.49500,0.99598,0.00374,0.00028
141.60249,0.49501,0.98907,0.00396,0.00697
141.70250,0.49500,0.99681,0.00221,0.00098
141.80251,0.49500,0.96523,0.00883,0.02594
141.90250,0.49501,0.74400,0.14270,0.11330
142.00250,0.49500,0.71867,0.21344,0.06789
142.10249,0.49501,0.94530,0.05427,0.00043
142.20250,0.49500,0.97647,0.01594,0.00759
142.30251,0.49500,0.98770,0.01227,0.00002
142.40250,0.49501,0.88149,0.11841,0.00010
142.50250,0.49500,0.75666,0.24331,0.00003
142.60249,0.49501,0.83635,0.13256,0.03110
142.70250,0.49500,0.88728,0.11187,0.00085
142.80251,0.49500,0.61063,0.38667,0.00270
142.90250,0.49501,0.36531,0.63420,0.00049
143.00250,0.49500,0.28568,0.70644,0.00788
143.10249,0.49501,0.49953,0.49822,0.00225
143.20250,0.49500,0.67455,0.32486,0.00059
143.30251,0.49500,0.60120,0.39876,0.00003
143.40250,0.49501,0.88119,0.11832,0.00049
143.50250,0.49500,0.68981,0.31007,0.00012
143.60249,0.49501,0.68532,0.31456,0.00012
143.70250,0.49500,0.42876,0.57087,0.00037
143.80251,0.49500,0.35765,0.64178,0.00057
143.90250,0.49501,0.70987,0.28731,0.00282
144.00250,0.49500,0.57927,0.41962,0.00111
144.10249,0.49501,0.86624,0.12902,0.00474
144.20250,0.49500,0.91591,0.08220,0.00189
144.30251,0.49500,0.53123,0.44607,0.02270
144.40250,0.49501,0.55579,0.44349,0.00073
144.50250,0.49500,0.55684,0.43884,0.00433
144.60249,0.49501,0.45814,0.54154,0.00032
144.70250,0.49500,0.71856,0.26838,0.01306
144.80251,0.49500,0.42947,0.56911,0.00142
144.90250,0.49501,0.02409,0.96874,0.00717
145.00250,0.49500,0.01803,0.98040,0.00157
145.10249,0.49501,0.01928,0.97493,0.00579
145.20250,0.49500,0.10760,0.88812,0.00428
145.30251,0.49500,0.11762,0.87884,0.00354
145.40250,0.49501,0.16710,0.82081,0.01209
145.50250,0.49500,0.16961,0.82471,0.00567
145.60249,0.49501,0.09355,0.86880,0.03765
145.70250,0.49500,0.10013,0.89907,0.00080
145.80251,0.49500,0.05755,0.93187,0.01058
145.90250,0.49501,0.06902,0.92908,0.00191
