Time (seconds), Duration (seconds),pred_(unlabeled),pred_empty_box,pred_table
0.00250,0.49500,0.01094,0.93210,0.05696
0.10250,0.49500,0.01971,0.87256,0.10773
0.20250,0.49500,0.02169,0.69114,0.28717
0.30250,0.49500,0.01616,0.75427,0.22957
0.40250,0.49500,0.02591,0.65117,0.32292
0.50250,0.49500,0.02879,0.63276,0.33845
0.60250,0.49500,0.02493,0.66887,0.30620
0.70250,0.49500,0.02300,0.71657,0.26043
0.80250,0.49500,0.01958,0.58328,0.39714
0.90250,0.49500,0.02022,0.69450,0.28528
1.00250,0.49500,0.01410,0.72348,0.26243
1.10250,0.49500,0.01451,0.75688,0.22861
1.20250,0.49500,0.01509,0.78732,0.19759
1.30250,0.49500,0.02355,0.81613,0.16032
1.40250,0.49500,0.02138,0.82075,0.15786
1.50250,0.49500,0.01948,0.87454,0.10598
1.60250,0.49500,0.01716,0.87062,0.11222
1.70250,0.49500,0.01255,0.87281,0.11464
1.80250,0.49500,0.01019,0.86376,0.12605
1.90250,0.49500,0.00914,0.94240,0.04846
2.00250,0.49500,0.01042,0.92898,0.06060
2.10250,0.49500,0.01104,0.91577,0.07320
2.20250,0.49500,0.00899,0.95036,0.04064
2.30250,0.49500,0.00879,0.92512,0.06609
2.40250,0.49500,0.00842,0.92407,0.06751
2.50250,0.49500,0.00875,0.95152,0.03973
2.60250,0.49500,0.00947,0.96268,0.02785
2.70250,0.49500,0.01075,0.94028,0.04897
2.80250,0.49500,0.00861,0.97191,0.01948
2.90250,0.49500,0.00961,0.95702,0.03337
3.00250,0.49500,0.00770,0.95938,0.03292
3.10250,0.49500,0.00949,0.94722,0.04329
3.20250,0.49500,0.00646,0.96730,0.02624
3.30250,0.49500,0.00776,0.95271,0.03952
3.40250,0.49500,0.00762,0.95780,0.03458
3.50250,0.49500,0.00746,0.96214,0.03040
3.60250,0.49500,0.00744,0.95751,0.03505
3.70250,0.49500,0.00925,0.93489,0.05586
3.80250,0.49500,0.00832,0.89534,0.09635
3.90250,0.49500,0.01027,0.87354,0.11619
4.00250,0.49500,0.01674,0.84041,0.14286
4.10250,0.49500,0.01553,0.78560,0.19888
4.20250,0.49500,0.02549,0.78792,0.18659
4.30250,0.49500,0.01558,0.82479,0.15963
4.40250,0.49500,0.01486,0.75297,0.23217
4.50250,0.49500,0.01205,0.76702,0.22093
4.60250,0.49500,0.01087,0.77731,0.21182
4.70250,0.49500,0.00978,0.77649,0.21372
4.80250,0.49500,0.00849,0.81043,0.18108
4.90250,0.49500,0.00919,0.76059,0.23022
5.00250,0.49500,0.00977,0.86582,0.12441
5.10250,0.49500,0.00850,0.90734,0.08416
5.20250,0.49500,0.00906,0.92839,0.06255
5.30250,0.49500,0.01169,0.91930,0.06901
5.40250,0.49500,0.00844,0.97203,0.01952
5.50250,0.49500,0.01005,0.97389,0.01606
5.60250,0.49500,0.01048,0.96668,0.02284
5.70250,0.49500,0.00976,0.97586,0.01437
5.80250,0.49500,0.00787,0.97749,0.01464
5.90250,0.49500,0.00834,0.97175,0.01991
6.00250,0.49500,0.00896,0.96298,0.02805
6.10250,0.49500,0.00889,0.97253,0.01858
6.20250,0.49500,0.00835,0.97595,0.01570
6.30250,0.49500,0.01903,0.95982,0.02115
6.40250,0.49500,0.01482,0.95693,0.02824
6.50250,0.49500,0.01628,0.95888,0.02484
6.60250,0.49500,0.01521,0.95595,0.02885
6.70250,0.49500,0.00824,0.97372,0.01805
6.80250,0.49500,0.01204,0.95253,0.03543
6.90250,0.49500,0.00847,0.96539,0.02613
7.00250,0.49500,0.00854,0.95845,0.03301
7.10250,0.49500,0.00933,0.95229,0.03838
7.20250,0.49500,0.00972,0.92645,0.06383
7.30250,0.49500,0.01125,0.92544,0.06331
7.40250,0.49500,0.01085,0.94453,0.04462
7.50250,0.49500,0.00909,0.95886,0.03206
7.60250,0.49500,0.01179,0.95174,0.03647
7.70250,0.49500,0.01274,0.94756,0.03970
7.80250,0.49500,0.01306,0.96105,0.02589
7.90250,0.49500,0.01084,0.95862,0.03054
8.00250,0.49500,0.00864,0.96271,0.02865
8.10250,0.49500,0.00958,0.94765,0.04276
8.20250,0.49500,0.00894,0.95342,0.03763
8.30250,0.49500,0.00848,0.95012,0.04139
8.40250,0.49500,0.00961,0.93017,0.06023
8.50250,0.49500,0.00933,0.92844,0.06223
8.60250,0.49500,0.00758,0.93818,0.05424
8.70250,0.49500,0.00727,0.94514,0.04759
8.80250,0.49500,0.00914,0.93237,0.05849
8.90250,0.49500,0.00806,0.93839,0.05355
9.00250,0.49500,0.00821,0.95697,0.03482
9.10250,0.49500,0.00835,0.95421,0.03744
9.20250,0.49500,0.00914,0.96057,0.03030
9.30250,0.49500,0.00862,0.97044,0.02094
9.40250,0.49500,0.01122,0.95896,0.02982
9.50250,0.49500,0.01171,0.94166,0.04663
9.60250,0.49500,0.00974,0.95746,0.03280
9.70250,0.49500,0.00933,0.94323,0.04744
9.80250,0.49500,0.01050,0.87795,0.11155
9.90250,0.49500,0.00962,0.89091,0.09947
10.00250,0.49500,0.00851,0.89639,0.09510
10.10250,0.49500,0.01189,0.74542,0.24268
10.20250,0.49500,0.01205,0.79466,0.19329
10.30250,0.49500,0.00968,0.78662,0.20370
10.40250,0.49500,0.01545,0.81069,0.17386
10.50250,0.49500,0.01651,0.82471,0.15878
10.60250,0.49500,0.01736,0.86388,0.11876
10.70250,0.49500,0.02270,0.89129,0.08601
10.80250,0.49500,0.01643,0.91188,0.07169
10.90250,0.49500,0.01789,0.96125,0.02086
11.00250,0.49500,0.01709,0.94707,0.03584
11.10250,0.49500,0.01526,0.96100,0.02373
11.20250,0.49500,0.01134,0.96998,0.01868
11.30250,0.49500,0.00936,0.96642,0.02423
11.40250,0.49500,0.00952,0.94005,0.05043
11.50250,0.49500,0.00856,0.92948,0.06196
11.60250,0.49500,0.00883,0.94832,0.04285
11.70250,0.49500,0.00973,0.92841,0.06187
11.80250,0.49500,0.01005,0.92434,0.06561
11.90250,0.49500,0.00937,0.94467,0.04596
12.00250,0.49500,0.01437,0.95426,0.03137
12.10250,0.49500,0.01450,0.95444,0.03105
12.20250,0.49500,0.01915,0.94692,0.03393
12.30250,0.49500,0.01880,0.93878,0.04243
12.40250,0.49500,0.01377,0.94550,0.04073
12.50250,0.49500,0.00837,0.95177,0.03987
12.60250,0.49500,0.00910,0.96050,0.03039
12.70250,0.49500,0.00977,0.95153,0.03870
12.80250,0.49500,0.01363,0.96657,0.01981
12.90250,0.49500,0.01122,0.96836,0.02042
13.00250,0.49500,0.01342,0.95929,0.02729
13.10250,0.49500,0.01599,0.93968,0.04433
13.20250,0.49500,0.01065,0.93395,0.05540
13.30250,0.49500,0.00868,0.90922,0.08210
13.40250,0.49500,0.00824,0.89840,0.09336
13.50250,0.49500,0.00972,0.88768,0.10259
13.60250,0.49500,0.00758,0.94324,0.04919
13.70250,0.49500,0.01013,0.91197,0.07790
13.80250,0.49500,0.01037,0.93703,0.05259
13.90250,0.49500,0.01054,0.96134,0.02812
14.00250,0.49500,0.00956,0.95904,0.03140
14.10250,0.49500,0.01174,0.92605,0.06220
14.20250,0.49500,0.00950,0.93924,0.05126
14.30250,0.49500,0.01207,0.94052,0.04741
14.40250,0.49500,0.00969,0.94819,0.04212
14.50250,0.49500,0.01146,0.94137,0.04717
14.60250,0.49500,0.01088,0.94741,0.04171
14.70250,0.49500,0.00991,0.92023,0.06986
14.80250,0.49500,0.00816,0.95080,0.04104
14.90250,0.49500,0.01023,0.96103,0.02873
15.00250,0.49500,0.01058,0.95382,0.03560
15.10250,0.49500,0.01528,0.90723,0.07750
15.20250,0.49500,0.01042,0.94817,0.04141
15.30250,0.49500,0.00859,0.92582,0.06559
15.40250,0.49500,0.01205,0.91456,0.07340
15.50250,0.49500,0.01270,0.90964,0.07766
15.60250,0.49500,0.01197,0.93322,0.05482
15.70250,0.49500,0.01685,0.90203,0.08112
15.80250,0.49500,0.01123,0.93606,0.05271
15.90250,0.49500,0.00959,0.88876,0.10165
16.00250,0.49500,0.00886,0.88978,0.10136
16.10250,0.49500,0.00871,0.91972,0.07156
16.20250,0.49500,0.00865,0.92485,0.06651
16.30250,0.49500,0.01001,0.91233,0.07766
16.40250,0.49500,0.01023,0.94087,0.04890
16.50250,0.49500,0.00997,0.94168,0.04835
16.60250,0.49500,0.01442,0.86442,0.12115
16.70250,0.49500,0.01313,0.86619,0.12068
16.80250,0.49500,0.01237,0.91867,0.06896
16.90250,0.49500,0.01917,0.81550,0.16533
17.00250,0.49500,0.01484,0.74237,0.24280
17.10250,0.49500,0.01215,0.87750,0.11035
17.20250,0.49500,0.01352,0.87903,0.10745
17.30250,0.49500,0.01127,0.85006,0.13867
17.40250,0.49500,0.02282,0.91906,0.05812
17.50250,0.49500,0.01625,0.95534,0.02841
17.60250,0.49500,0.01802,0.94591,0.03607
17.70250,0.49500,0.01449,0.93617,0.04935
17.80250,0.49500,0.00878,0.95043,0.04079
17.90250,0.49500,0.00881,0.95785,0.03334
18.00250,0.49500,0.01080,0.91261,0.07659
18.10250,0.49500,0.01223,0.89221,0.09556
18.20250,0.49500,0.01191,0.86055,0.12754
18.30250,0.49500,0.01301,0.81930,0.16769
18.40250,0.49500,0.01163,0.79346,0.19491
18.50250,0.49500,0.01048,0.81053,0.17899
18.60250,0.49500,0.00968,0.83915,0.15117
18.70250,0.49500,0.00857,0.91335,0.07808
18.80250,0.49500,0.01036,0.93552,0.05412
18.90250,0.49500,0.01145,0.94292,0.04564
19.00250,0.49500,0.01064,0.95063,0.03873
19.10250,0.49500,0.00998,0.95896,0.03107
19.20250,0.49500,0.00969,0.96146,0.02886
19.30250,0.49500,0.01152,0.95526,0.03321
19.40250,0.49500,0.01111,0.96574,0.02316
19.50250,0.49500,0.01125,0.96266,0.02609
19.60250,0.49500,0.01186,0.96105,0.02709
19.70250,0.49500,0.01118,0.96683,0.02199
19.80250,0.49500,0.01203,0.95318,0.03479
19.90250,0.49500,0.01123,0.96130,0.02747
20.00250,0.49500,0.00906,0.95873,0.03222
20.10250,0.49500,0.00790,0.94107,0.05102
20.20250,0.49500,0.00833,0.94311,0.04856
20.30250,0.49500,0.01266,0.94151,0.04583
20.40250,0.49500,0.01301,0.93224,0.05475
20.50250,0.49500,0.01636,0.87093,0.11271
20.60250,0.49500,0.01358,0.90801,0.07841
20.70250,0.49500,0.00890,0.88488,0.10622
20.80250,0.49500,0.00869,0.87533,0.11598
20.90250,0.49500,0.00926,0.88966,0.10108
21.00250,0.49500,0.00836,0.93548,0.05617
21.10250,0.49500,0.00867,0.91389,0.07744
21.20250,0.49500,0.01109,0.90580,0.08312
21.30250,0.49500,0.01058,0.94889,0.04053
21.40250,0.49500,0.01472,0.95029,0.03499
21.50250,0.49500,0.01524,0.94645,0.03831
21.60250,0.49500,0.01870,0.95139,0.02991
21.70250,0.49500,0.01512,0.94757,0.03730
21.80250,0.49500,0.01045,0.96376,0.02579
21.90250,0.49500,0.01030,0.95153,0.03816
22.00250,0.49500,0.01206,0.92128,0.06665
22.10250,0.49500,0.01264,0.88433,0.10303
22.20250,0.49500,0.02374,0.85000,0.12627
22.30250,0.49500,0.02469,0.86430,0.11100
22.40250,0.49500,0.03797,0.79385,0.16817
22.50250,0.49500,0.03736,0.60512,0.35753
22.60250,0.49500,0.02213,0.71918,0.25869
22.70250,0.49500,0.02017,0.55936,0.42048
22.80250,0.49500,0.02076,0.38018,0.59906
22.90250,0.49500,0.01751,0.35051,0.63199
23.00250,0.49500,0.01969,0.44299,0.53732
23.10250,0.49500,0.01672,0.38293,0.60034
23.20250,0.49500,0.01986,0.57725,0.40289
23.30250,0.49500,0.01545,0.76527,0.21928
23.40250,0.49500,0.01344,0.88120,0.10536
23.50250,0.49500,0.01298,0.94986,0.03716
23.60250,0.49500,0.01540,0.96121,0.02338
23.70250,0.49500,0.02056,0.94755,0.03190
23.80250,0.49500,0.01791,0.96946,0.01263
23.90250,0.49500,0.01526,0.95128,0.03346
24.00250,0.49500,0.01587,0.94959,0.03454
24.10250,0.49500,0.01371,0.92726,0.05903
24.20250,0.49500,0.01192,0.88905,0.09903
24.30250,0.49500,0.00968,0.84221,0.14811
24.40250,0.49500,0.01215,0.81158,0.17627
24.50250,0.49500,0.01977,0.68032,0.29992
24.60250,0.49500,0.02486,0.75494,0.22020
24.70250,0.49500,0.02717,0.55097,0.42186
24.80250,0.49500,0.02308,0.66452,0.31240
24.90250,0.49500,0.02025,0.66678,0.31297
25.00250,0.49500,0.01724,0.56235,0.42042
25.10250,0.49500,0.01565,0.64171,0.34263
25.20250,0.49500,0.01512,0.61943,0.36546
25.30250,0.49500,0.01657,0.62306,0.36038
25.40250,0.49500,0.02257,0.50467,0.47276
25.50250,0.49500,0.02606,0.49323,0.48071
25.60250,0.49500,0.02092,0.64935,0.32974
25.70250,0.49500,0.02468,0.70669,0.26863
25.80250,0.49500,0.01840,0.56185,0.41975
25.90250,0.49500,0.02407,0.58914,0.38679
26.00250,0.49500,0.01843,0.74083,0.24074
26.10250,0.49500,0.02579,0.53697,0.43724
26.20250,0.49500,0.02293,0.76666,0.21041
26.30250,0.49500,0.01511,0.82400,0.16089
26.40250,0.49500,0.01419,0.84082,0.14499
26.50250,0.49500,0.01709,0.73753,0.24537
26.60250,0.49500,0.01085,0.88104,0.10811
26.70250,0.49500,0.01165,0.87158,0.11678
26.80250,0.49500,0.01218,0.84700,0.14083
26.90250,0.49500,0.01748,0.73691,0.24562
27.00250,0.49500,0.01588,0.79604,0.18808
27.10250,0.49500,0.01989,0.76667,0.21344
27.20250,0.49500,0.01859,0.77386,0.20755
27.30250,0.49500,0.01950,0.69616,0.28434
27.40250,0.49500,0.01478,0.68829,0.29694
27.50250,0.49500,0.01436,0.69146,0.29419
27.60250,0.49500,0.01766,0.65475,0.32759
27.70250,0.49500,0.01721,0.61845,0.36434
27.80250,0.49500,0.01601,0.56058,0.42340
27.90250,0.49500,0.01595,0.72671,0.25735
28.00250,0.49500,0.01682,0.68356,0.29962
28.10250,0.49500,0.01902,0.70179,0.27920
28.20250,0.49500,0.01492,0.67844,0.30663
28.30250,0.49500,0.01667,0.76047,0.22286
28.40250,0.49500,0.01616,0.81565,0.16820
28.50250,0.49500,0.02096,0.77417,0.20488
28.60250,0.49500,0.02326,0.85900,0.11774
28.70250,0.49500,0.01521,0.93886,0.04593
28.80250,0.49500,0.01215,0.95766,0.03019
28.90250,0.49500,0.01404,0.95609,0.02987
29.00250,0.49500,0.01472,0.91155,0.07373
29.10250,0.49500,0.02055,0.93538,0.04407
29.20250,0.49500,0.01539,0.94894,0.03567
29.30250,0.49500,0.01633,0.94401,0.03966
29.40250,0.49500,0.01799,0.94975,0.03226
29.50250,0.49500,0.01132,0.96474,0.02394
29.60250,0.49500,0.01007,0.97814,0.01179
29.70250,0.49500,0.01123,0.97314,0.01563
29.80250,0.49500,0.01234,0.97092,0.01675
29.90250,0.49500,0.01187,0.97047,0.01767
30.00250,0.49500,0.01189,0.96291,0.02520
30.10250,0.49500,0.01175,0.95704,0.03120
30.20250,0.49500,0.01464,0.91531,0.07005
30.30250,0.49500,0.01898,0.91287,0.06816
30.40250,0.49500,0.01236,0.95752,0.03011
30.50250,0.49500,0.01892,0.91220,0.06888
30.60250,0.49500,0.01723,0.90587,0.07690
30.70250,0.49500,0.01327,0.90948,0.07725
30.80250,0.49500,0.01152,0.93706,0.05143
30.90250,0.49500,0.01150,0.91462,0.07388
31.00250,0.49500,0.01195,0.90742,0.08063
31.10250,0.49500,0.01318,0.87293,0.11389
31.20250,0.49500,0.01191,0.89413,0.09395
31.30250,0.49500,0.01434,0.78121,0.20444
31.40250,0.49500,0.01500,0.78154,0.20346
31.50250,0.49500,0.01457,0.80435,0.18108
31.60250,0.49500,0.01652,0.79277,0.19071
31.70250,0.49500,0.01813,0.75978,0.22209
31.80250,0.49500,0.01688,0.86237,0.12075
31.90250,0.49500,0.01951,0.80965,0.17084
32.00250,0.49500,0.01349,0.73636,0.25016
32.10250,0.49500,0.01611,0.77317,0.21072
32.20250,0.49500,0.01127,0.71274,0.27599
32.30250,0.49500,0.01093,0.78227,0.20680
32.40250,0.49500,0.01150,0.74775,0.24074
32.50250,0.49500,0.01314,0.74058,0.24628
32.60250,0.49500,0.01579,0.72071,0.26350
32.70250,0.49500,0.01392,0.78280,0.20328
32.80250,0.49500,0.01599,0.69139,0.29262
32.90250,0.49500,0.01663,0.70065,0.28272
33.00250,0.49500,0.01446,0.71137,0.27417
33.10250,0.49500,0.01217,0.82835,0.15948
33.20250,0.49500,0.01271,0.80638,0.18091
33.30250,0.49500,0.01187,0.77009,0.21805
33.40250,0.49500,0.01305,0.81067,0.17628
33.50250,0.49500,0.01212,0.81386,0.17402
33.60250,0.49500,0.01058,0.85329,0.13613
33.70250,0.49500,0.01316,0.82674,0.16010
33.80250,0.49500,0.01161,0.86462,0.12377
33.90250,0.49500,0.01341,0.81087,0.17573
34.00250,0.49500,0.01252,0.82247,0.16501
34.10250,0.49500,0.01517,0.63554,0.34930
34.20250,0.49500,0.01493,0.69344,0.29163
34.30250,0.49500,0.01271,0.69950,0.28778
34.40250,0.49500,0.01295,0.77231,0.21474
34.50250,0.49500,0.02108,0.65678,0.32214
34.60250,0.49500,0.02660,0.72848,0.24492
34.70250,0.49500,0.02529,0.74167,0.23303
34.80250,0.49500,0.02534,0.74769,0.22697
34.90250,0.49500,0.02090,0.54124,0.43786
35.00250,0.49500,0.01627,0.59194,0.39179
35.10250,0.49500,0.01698,0.59482,0.38820
35.20250,0.49500,0.01497,0.48766,0.49737
35.30250,0.49500,0.01296,0.47144,0.51560
35.40250,0.49500,0.01339,0.38842,0.59819
35.50250,0.49500,0.01395,0.30503,0.68102
35.60250,0.49500,0.01335,0.32959,0.65706
35.70250,0.49500,0.01471,0.37108,0.61421
35.80250,0.49500,0.01544,0.32821,0.65634
35.90250,0.49500,0.01347,0.30333,0.68320
36.00250,0.49500,0.01734,0.25780,0.72486
36.10250,0.49500,0.01639,0.22010,0.76351
36.20250,0.49500,0.01660,0.20126,0.78214
36.30250,0.49500,0.01723,0.17903,0.80373
36.40250,0.49500,0.01547,0.26640,0.71814
36.50250,0.49500,0.01258,0.26082,0.72660
36.60250,0.49500,0.01339,0.39198,0.59463
36.70250,0.49500,0.01207,0.58615,0.40178
36.80250,0.49500,0.01219,0.58566,0.40214
36.90250,0.49500,0.01759,0.59871,0.38370
37.00250,0.49500,0.01442,0.70128,0.28431
37.10250,0.49500,0.01695,0.68221,0.30084
37.20250,0.49500,0.02080,0.63817,0.34103
37.30250,0.49500,0.01676,0.59844,0.38480
37.40250,0.49500,0.01947,0.58223,0.39830
37.50250,0.49500,0.02462,0.44921,0.52617
37.60250,0.49500,0.01953,0.54531,0.43515
37.70250,0.49500,0.01972,0.54817,0.43212
37.80250,0.49500,0.02031,0.51107,0.46862
37.90250,0.49500,0.02480,0.48055,0.49465
38.00250,0.49500,0.01354,0.63532,0.35113
38.10250,0.49500,0.01237,0.63050,0.35713
38.20250,0.49500,0.01252,0.74989,0.23759
38.30250,0.49500,0.01382,0.81714,0.16904
38.40250,0.49500,0.01322,0.88661,0.10017
38.50250,0.49500,0.01412,0.88794,0.09794
38.60250,0.49500,0.00975,0.92837,0.06188
38.70250,0.49500,0.00919,0.90309,0.08772
38.80250,0.49500,0.01048,0.90972,0.07980
38.90250,0.49500,0.00965,0.93870,0.05166
39.00250,0.49500,0.01629,0.83549,0.14822
39.10250,0.49500,0.01935,0.91263,0.06802
39.20250,0.49500,0.02140,0.88592,0.09268
39.30250,0.49500,0.02106,0.88905,0.08989
39.40250,0.49500,0.01893,0.87669,0.10438
39.50250,0.49500,0.01133,0.87672,0.11194
39.60250,0.49500,0.01341,0.82835,0.15824
39.70250,0.49500,0.01155,0.90477,0.08368
39.80250,0.49500,0.01124,0.88788,0.10088
39.90250,0.49500,0.01202,0.89064,0.09734
40.00250,0.49500,0.00998,0.92792,0.06209
40.10250,0.49500,0.01151,0.91159,0.07690
40.20250,0.49500,0.01537,0.83613,0.14850
40.30250,0.49500,0.01488,0.85390,0.13122
40.40250,0.49500,0.01851,0.78128,0.20021
40.50250,0.49500,0.02097,0.78891,0.19012
40.60250,0.49500,0.02264,0.61047,0.36690
40.70250,0.49500,0.02492,0.54336,0.43172
40.80250,0.49500,0.02101,0.32614,0.65286
40.90250,0.49500,0.01780,0.29015,0.69204
41.00250,0.49500,0.01524,0.30387,0.68089
41.10250,0.49500,0.01586,0.30594,0.67820
41.20250,0.49500,0.01457,0.21383,0.77160
41.30250,0.49500,0.01358,0.31037,0.67604
41.40250,0.49500,0.01663,0.32651,0.65687
41.50250,0.49500,0.01919,0.20031,0.78050
41.60250,0.49500,0.01687,0.21282,0.77031
41.70250,0.49500,0.02278,0.37827,0.59895
41.80250,0.49500,0.01706,0.32252,0.66042
41.90250,0.49500,0.01953,0.32948,0.65099
42.00250,0.49500,0.01739,0.45953,0.52308
42.10250,0.49500,0.01636,0.36133,0.62231
42.20250,0.49500,0.01540,0.27508,0.70952
42.30250,0.49500,0.01493,0.25158,0.73349
42.40250,0.49500,0.01526,0.23186,0.75289
42.50250,0.49500,0.02135,0.22590,0.75275
42.60250,0.49500,0.02224,0.41842,0.55934
42.70250,0.49500,0.02231,0.43866,0.53902
42.80250,0.49500,0.01995,0.37864,0.60140
42.90250,0.49500,0.01589,0.46629,0.51782
43.00250,0.49500,0.01548,0.53404,0.45048
43.10250,0.49500,0.01582,0.42963,0.55455
43.20250,0.49500,0.01528,0.34693,0.63780
43.30250,0.49500,0.01676,0.37529,0.60795
43.40250,0.49500,0.01574,0.42522,0.55905
43.50250,0.49500,0.01509,0.32035,0.66456
43.60250,0.49500,0.01557,0.42851,0.55593
43.70250,0.49500,0.01561,0.40346,0.58093
43.80250,0.49500,0.01393,0.49240,0.49367
43.90250,0.49500,0.01326,0.42124,0.56550
44.00250,0.49500,0.01444,0.61945,0.36611
44.10250,0.49500,0.01560,0.57577,0.40863
44.20250,0.49500,0.01606,0.53277,0.45117
44.30250,0.49500,0.01343,0.47204,0.51452
44.40250,0.49500,0.01637,0.48644,0.49719
44.50250,0.49500,0.01312,0.36720,0.61968
44.60250,0.49500,0.01492,0.24978,0.73530
44.70250,0.49500,0.02774,0.22366,0.74859
44.80250,0.49500,0.02989,0.15483,0.81528
44.90250,0.49500,0.03135,0.15569,0.81297
45.00250,0.49500,0.03141,0.14770,0.82089
45.10250,0.49500,0.02629,0.17228,0.80144
45.20250,0.49500,0.01695,0.22035,0.76270
45.30250,0.49500,0.01753,0.35769,0.62478
45.40250,0.49500,0.01671,0.49220,0.49110
45.50250,0.49500,0.01981,0.41060,0.56959
45.60250,0.49500,0.02322,0.39698,0.57980
45.70250,0.49500,0.01676,0.41588,0.56736
45.80250,0.49500,0.01262,0.26580,0.72158
45.90250,0.49500,0.01624,0.20455,0.77921
46.00250,0.49500,0.01673,0.30002,0.68325
46.10250,0.49500,0.01565,0.23671,0.74764
46.20250,0.49500,0.01596,0.24757,0.73646
46.30250,0.49500,0.01398,0.29828,0.68775
46.40250,0.49500,0.01320,0.34967,0.63713
46.50250,0.49500,0.01258,0.36313,0.62429
46.60250,0.49500,0.01469,0.40155,0.58376
46.70250,0.49500,0.01557,0.45397,0.53046
46.80250,0.49500,0.01682,0.43613,0.54705
46.90250,0.49500,0.01715,0.47688,0.50597
47.00250,0.49500,0.01508,0.51765,0.46726
47.10250,0.49500,0.01491,0.37957,0.60552
47.20250,0.49500,0.01193,0.57722,0.41086
47.30250,0.49500,0.01306,0.54175,0.44519
47.40250,0.49500,0.01526,0.55097,0.43377
47.50250,0.49500,0.01109,0.68421,0.30470
47.60250,0.49500,0.01098,0.73145,0.25756
47.70250,0.49500,0.01689,0.58015,0.40296
47.80250,0.49500,0.01289,0.70517,0.28194
47.90250,0.49500,0.01588,0.57995,0.40417
48.00250,0.49500,0.01641,0.33645,0.64715
48.10250,0.49500,0.01524,0.35981,0.62495
48.20250,0.49500,0.01585,0.58442,0.39973
48.30250,0.49500,0.01892,0.34065,0.64043
48.40250,0.49500,0.01756,0.43376,0.54868
48.50250,0.49500,0.01519,0.64229,0.34252
48.60250,0.49500,0.01543,0.58219,0.40238
48.70250,0.49500,0.01774,0.49952,0.48274
48.80250,0.49500,0.01428,0.56682,0.41890
48.90250,0.49500,0.01467,0.49954,0.48579
49.00250,0.49500,0.01402,0.47961,0.50638
49.10250,0.49500,0.01156,0.65078,0.33766
49.20250,0.49500,0.01102,0.64459,0.34438
49.30250,0.49500,0.01281,0.73996,0.24723
49.40250,0.49500,0.01337,0.72418,0.26245
49.50250,0.49500,0.01160,0.82817,0.16022
49.60250,0.49500,0.01368,0.78734,0.19898
49.70250,0.49500,0.01180,0.52857,0.45962
49.80250,0.49500,0.01332,0.46662,0.52006
49.90250,0.49500,0.01278,0.51375,0.47347
50.00250,0.49500,0.01478,0.32689,0.65834
50.10250,0.49500,0.01961,0.17595,0.80445
50.20250,0.49500,0.01829,0.23502,0.74669
50.30250,0.49500,0.02068,0.19645,0.78287
50.40250,0.49500,0.02169,0.18765,0.79066
50.50250,0.49500,0.01734,0.18485,0.79781
50.60250,0.49500,0.06340,0.26026,0.67634
50.70250,0.49500,0.04857,0.32207,0.62936
50.80250,0.49500,0.06836,0.33877,0.59287
50.90250,0.49500,0.07219,0.48681,0.44100
51.00250,0.49500,0.02547,0.54643,0.42810
51.10250,0.49500,0.01975,0.41967,0.56058
51.20250,0.49500,0.02541,0.50082,0.47378
51.30250,0.49500,0.04947,0.61282,0.33771
51.40250,0.49500,0.04786,0.65880,0.29334
51.50250,0.49500,0.05487,0.67474,0.27039
51.60250,0.49500,0.05365,0.53995,0.40640
51.70250,0.49500,0.02804,0.49358,0.47839
51.80250,0.49500,0.02716,0.60925,0.36359
51.90250,0.49500,0.03011,0.58275,0.38714
52.00250,0.49500,0.04276,0.51680,0.44044
52.10250,0.49500,0.04178,0.44030,0.51792
52.20250,0.49500,0.04947,0.58818,0.36234
52.30250,0.49500,0.05569,0.34958,0.59473
52.40250,0.49500,0.06846,0.34765,0.58389
52.50250,0.49500,0.04891,0.23840,0.71270
52.60250,0.49500,0.03982,0.30893,0.65126
52.70250,0.49500,0.04116,0.37634,0.58251
52.80250,0.49500,0.03266,0.43956,0.52778
52.90250,0.49500,0.06003,0.72715,0.21281
53.00250,0.49500,0.05231,0.67063,0.27706
53.10250,0.49500,0.03181,0.64561,0.32258
53.20250,0.49500,0.03989,0.65517,0.30495
53.30250,0.49500,0.02067,0.68683,0.29250
53.40250,0.49500,0.04527,0.64843,0.30630
53.50250,0.49500,0.04025,0.50055,0.45920
53.60250,0.49500,0.12543,0.45814,0.41644
53.70250,0.49500,0.10508,0.52005,0.37488
53.80250,0.49500,0.05047,0.34951,0.60002
53.90250,0.49500,0.21485,0.33346,0.45169
54.00250,0.49500,0.07897,0.61457,0.30646
54.10250,0.49500,0.06050,0.70013,0.23937
54.20250,0.49500,0.05540,0.80385,0.14075
54.30250,0.49500,0.01490,0.91487,0.07023
54.40250,0.49500,0.01178,0.93937,0.04884
54.50250,0.49500,0.01026,0.95171,0.03803
54.60250,0.49500,0.01193,0.96692,0.02116
54.70250,0.49500,0.01159,0.96900,0.01941
54.80250,0.49500,0.00996,0.97381,0.01623
54.90250,0.49500,0.01223,0.95260,0.03517
55.00250,0.49500,0.01154,0.94807,0.04039
55.10250,0.49500,0.01104,0.94981,0.03915
55.20250,0.49500,0.01471,0.93930,0.04599
55.30250,0.49500,0.01896,0.92966,0.05139
55.40250,0.49500,0.01224,0.94375,0.04401
55.50250,0.49500,0.01588,0.95935,0.02477
55.60250,0.49500,0.01541,0.94237,0.04222
55.70250,0.49500,0.01258,0.94763,0.03979
55.80250,0.49500,0.01010,0.95459,0.03531
55.90250,0.49500,0.00989,0.93395,0.05616
56.00250,0.49500,0.01283,0.89818,0.08900
56.10250,0.49500,0.01184,0.86407,0.12409
56.20250,0.49500,0.01400,0.78698,0.19902
56.30250,0.49500,0.01064,0.83344,0.15592
56.40250,0.49500,0.01011,0.78996,0.19993
56.50250,0.49500,0.00904,0.83622,0.15474
56.60250,0.49500,0.01142,0.83625,0.15233
56.70250,0.49500,0.00994,0.87620,0.11386
56.80250,0.49500,0.01170,0.86433,0.12397
56.90250,0.49500,0.01377,0.81569,0.17054
57.00250,0.49500,0.01583,0.87931,0.10486
57.10250,0.49500,0.01354,0.86474,0.12172
57.20250,0.49500,0.01112,0.82587,0.16301
57.30250,0.49500,0.01335,0.83078,0.15587
57.40250,0.49500,0.01204,0.82883,0.15913
57.50250,0.49500,0.01322,0.80403,0.18276
57.60250,0.49500,0.01637,0.80538,0.17825
57.70250,0.49500,0.00981,0.84476,0.14543
57.80250,0.49500,0.01140,0.83493,0.15366
57.90250,0.49500,0.01104,0.83047,0.15849
58.00250,0.49500,0.01185,0.86565,0.12250
58.10250,0.49500,0.01215,0.85699,0.13086
58.20250,0.49500,0.01448,0.88975,0.09577
58.30250,0.49500,0.01329,0.87406,0.11265
58.40250,0.49500,0.01233,0.84641,0.14126
58.50250,0.49500,0.01310,0.78722,0.19967
58.60250,0.49500,0.01137,0.80365,0.18498
58.70250,0.49500,0.01057,0.84317,0.14626
58.80250,0.49500,0.01146,0.80786,0.18067
58.90250,0.49500,0.01291,0.80660,0.18049
59.00250,0.49500,0.01323,0.88102,0.10575
59.10250,0.49500,0.01140,0.91407,0.07453
59.20250,0.49500,0.01405,0.87825,0.10770
59.30250,0.49500,0.01715,0.77371,0.20914
59.40250,0.49500,0.01127,0.89829,0.09043
59.50250,0.49500,0.01117,0.85875,0.13008
59.60250,0.49500,0.01198,0.87185,0.11617
59.70250,0.49500,0.01195,0.87959,0.10846
59.80250,0.49500,0.00945,0.92873,0.06183
59.90250,0.49500,0.01070,0.93212,0.05717
60.00250,0.49500,0.01128,0.93879,0.04993
60.10250,0.49500,0.01167,0.94679,0.04154
60.20250,0.49500,0.01190,0.95855,0.02954
60.30250,0.49500,0.01624,0.94223,0.04152
60.40250,0.49500,0.01820,0.88674,0.09505
60.50250,0.49500,0.01869,0.88215,0.09916
60.60250,0.49500,0.02166,0.78192,0.19642
60.70250,0.49500,0.01501,0.79989,0.18510
60.80250,0.49500,0.01249,0.72502,0.26249
60.90250,0.49500,0.01008,0.83873,0.15119
61.00250,0.49500,0.01030,0.84777,0.14193
61.10250,0.49500,0.01173,0.83928,0.14899
61.20250,0.49500,0.01092,0.82842,0.16066
61.30250,0.49500,0.01023,0.84996,0.13981
61.40250,0.49500,0.01254,0.79118,0.19628
61.50250,0.49500,0.01277,0.70318,0.28405
61.60250,0.49500,0.01114,0.76823,0.22063
61.70250,0.49500,0.01229,0.73234,0.25537
61.80250,0.49500,0.01275,0.78303,0.20422
61.90250,0.49500,0.01338,0.82130,0.16532
62.00250,0.49500,0.01260,0.84500,0.14240
62.10250,0.49500,0.01038,0.90253,0.08709
62.20250,0.49500,0.01068,0.89515,0.09416
62.30250,0.49500,0.00902,0.91991,0.07107
62.40250,0.49500,0.01275,0.87370,0.11354
62.50250,0.49500,0.01164,0.88910,0.09926
62.60250,0.49500,0.01231,0.84681,0.14088
62.70250,0.49500,0.01229,0.86524,0.12247
62.80250,0.49500,0.01052,0.87111,0.11837
62.90250,0.49500,0.01288,0.84681,0.14031
63.00250,0.49500,0.01167,0.90423,0.08411
63.10250,0.49500,0.00966,0.91762,0.07272
63.20250,0.49500,0.01060,0.91910,0.07030
63.30250,0.49500,0.01036,0.91642,0.07322
63.40250,0.49500,0.00888,0.93830,0.05282
63.50250,0.49500,0.00962,0.89659,0.09379
63.60250,0.49500,0.01138,0.82550,0.16312
63.70250,0.49500,0.01150,0.78551,0.20299
63.80250,0.49500,0.01095,0.82718,0.16188
63.90250,0.49500,0.01062,0.82923,0.16015
64.00250,0.49500,0.01253,0.77054,0.21693
64.10250,0.49500,0.01453,0.87890,0.10657
64.20250,0.49500,0.01462,0.89056,0.09482
64.30250,0.49500,0.01107,0.93110,0.05783
64.40250,0.49500,0.01435,0.88471,0.10094
64.50250,0.49500,0.01153,0.87294,0.11553
64.60250,0.49500,0.01480,0.83449,0.15072
64.70250,0.49500,0.01694,0.89563,0.08744
64.80250,0.49500,0.01966,0.90192,0.07842
64.90250,0.49500,0.03549,0.81178,0.15273
65.00250,0.49500,0.03122,0.84595,0.12284
65.10250,0.49500,0.02141,0.76609,0.21250
65.20250,0.49500,0.01474,0.78065,0.20461
65.30250,0.49500,0.01425,0.75963,0.22613
65.40250,0.49500,0.01157,0.78784,0.20059
65.50250,0.49500,0.01131,0.84551,0.14318
65.60250,0.49500,0.01206,0.82444,0.16350
65.70250,0.49500,0.01039,0.90818,0.08143
65.80250,0.49500,0.01357,0.94226,0.04417
65.90250,0.49500,0.02148,0.86223,0.11628
66.00250,0.49500,0.02074,0.89591,0.08335
66.10250,0.49500,0.01500,0.92480,0.06021
66.20250,0.49500,0.01112,0.87924,0.10964
66.30250,0.49500,0.01068,0.86853,0.12079
66.40250,0.49500,0.01239,0.87641,0.11119
66.50250,0.49500,0.01210,0.90878,0.07912
66.60250,0.49500,0.01326,0.89223,0.09452
66.70250,0.49500,0.01406,0.89219,0.09375
66.80250,0.49500,0.01370,0.90215,0.08416
66.90250,0.49500,0.01416,0.76975,0.21609
67.00250,0.49500,0.01257,0.77949,0.20794
67.10250,0.49500,0.01284,0.72296,0.26421
67.20250,0.49500,0.01339,0.75087,0.23574
67.30250,0.49500,0.01423,0.80076,0.18501
67.40250,0.49500,0.01155,0.83328,0.15517
67.50250,0.49500,0.01356,0.86316,0.12328
67.60250,0.49500,0.01093,0.89736,0.09171
67.70250,0.49500,0.01084,0.88500,0.10416
67.80250,0.49500,0.01226,0.83532,0.15241
67.90250,0.49500,0.01349,0.84452,0.14199
68.00250,0.49500,0.01475,0.79020,0.19506
68.10250,0.49500,0.01869,0.74968,0.23162
68.20250,0.49500,0.01779,0.69714,0.28506
68.30250,0.49500,0.01790,0.57067,0.41143
68.40250,0.49500,0.01855,0.56996,0.41149
68.50250,0.49500,0.01657,0.56531,0.41813
68.60250,0.49500,0.01510,0.81573,0.16917
68.70250,0.49500,0.01909,0.66295,0.31796
68.80250,0.49500,0.02002,0.57607,0.40391
68.90250,0.49500,0.02078,0.65099,0.32824
69.00250,0.49500,0.01409,0.83207,0.15384
69.10250,0.49500,0.01615,0.79103,0.19282
69.20250,0.49500,0.01810,0.85784,0.12406
69.30250,0.49500,0.01167,0.94450,0.04384
69.40250,0.49500,0.00908,0.98063,0.01029
69.50250,0.49500,0.01091,0.96282,0.02627
69.60250,0.49500,0.01879,0.80558,0.17563
69.70250,0.49500,0.01682,0.88645,0.09674
69.80250,0.49500,0.01216,0.87069,0.11714
69.90250,0.49500,0.01894,0.58756,0.39350
70.00250,0.49500,0.01961,0.52607,0.45432
70.10250,0.49500,0.01096,0.69706,0.29198
70.20250,0.49500,0.01880,0.43139,0.54981
70.30250,0.49500,0.01972,0.52683,0.45345
70.40250,0.49500,0.01523,0.44866,0.53610
70.50250,0.49500,0.03278,0.49473,0.47248
70.60250,0.49500,0.01981,0.75728,0.22291
70.70250,0.49500,0.01900,0.78560,0.19540
70.80250,0.49500,0.02521,0.69630,0.27849
70.90250,0.49500,0.01363,0.86031,0.12606
71.00250,0.49500,0.01243,0.76480,0.22277
71.10250,0.49500,0.01791,0.72393,0.25816
71.20250,0.49500,0.01333,0.82754,0.15913
71.30250,0.49500,0.01676,0.76750,0.21574
71.40250,0.49500,0.01823,0.58849,0.39327
71.50250,0.49500,0.01791,0.68018,0.30191
71.60250,0.49500,0.01676,0.77863,0.20461
71.70250,0.49500,0.02162,0.81448,0.16389
71.80250,0.49500,0.02255,0.81076,0.16669
71.90250,0.49500,0.02208,0.79469,0.18322
72.00250,0.49500,0.01811,0.82708,0.15482
72.10250,0.49500,0.01186,0.77231,0.21583
72.20250,0.49500,0.01486,0.60837,0.37677
72.30250,0.49500,0.01422,0.63060,0.35518
72.40250,0.49500,0.01421,0.65742,0.32837
72.50250,0.49500,0.01773,0.48557,0.49669
72.60250,0.49500,0.02028,0.53361,0.44612
72.70250,0.49500,0.02015,0.43288,0.54697
72.80250,0.49500,0.02026,0.57178,0.40797
72.90250,0.49500,0.02219,0.40634,0.57146
73.00250,0.49500,0.02443,0.40156,0.57401
73.10250,0.49500,0.02447,0.38455,0.59097
73.20250,0.49500,0.02548,0.46864,0.50589
73.30250,0.49500,0.02294,0.42734,0.54971
73.40250,0.49500,0.02275,0.37546,0.60178
73.50250,0.49500,0.02391,0.58932,0.38677
73.60250,0.49500,0.01996,0.55926,0.42078
73.70250,0.49500,0.01867,0.56776,0.41358
73.80250,0.49500,0.01645,0.54188,0.44167
73.90250,0.49500,0.01351,0.73980,0.24669
74.00250,0.49500,0.01324,0.63399,0.35277
74.10250,0.49500,0.01399,0.77556,0.21045
74.20250,0.49500,0.01259,0.81524,0.17217
74.30250,0.49500,0.01110,0.83899,0.14992
74.40250,0.49500,0.01453,0.81896,0.16651
74.50250,0.49500,0.01172,0.72855,0.25972
74.60250,0.49500,0.01283,0.74851,0.23866
74.70250,0.49500,0.01214,0.78949,0.19836
74.80250,0.49500,0.01590,0.65712,0.32699
74.90250,0.49500,0.01684,0.69055,0.29262
75.00250,0.49500,0.01731,0.89999,0.08271
75.10250,0.49500,0.01510,0.92644,0.05846
75.20250,0.49500,0.02127,0.89405,0.08467
75.30250,0.49500,0.01711,0.94116,0.04173
75.40250,0.49500,0.01260,0.96287,0.02454
75.50250,0.49500,0.01316,0.96862,0.01822
75.60250,0.49500,0.01568,0.95603,0.02829
75.70250,0.49500,0.01808,0.94608,0.03584
75.80250,0.49500,0.01559,0.96327,0.02114
75.90250,0.49500,0.01387,0.91419,0.07194
76.00250,0.49500,0.01400,0.87649,0.10951
76.10250,0.49500,0.01465,0.84003,0.14532
76.20250,0.49500,0.01886,0.70243,0.27872
76.30250,0.49500,0.01728,0.53604,0.44668
76.40250,0.49500,0.01822,0.68753,0.29424
76.50250,0.49500,0.01991,0.63325,0.34684
76.60250,0.49500,0.02148,0.70957,0.26895
76.70250,0.49500,0.01766,0.77046,0.21188
76.80250,0.49500,0.01710,0.83730,0.14560
76.90250,0.49500,0.01446,0.79184,0.19371
77.00250,0.49500,0.01329,0.70227,0.28444
77.10250,0.49500,0.01286,0.70429,0.28285
77.20250,0.49500,0.01136,0.76720,0.22144
77.30250,0.49500,0.01206,0.85958,0.12836
77.40250,0.49500,0.01312,0.87753,0.10934
77.50250,0.49500,0.01569,0.96159,0.02272
77.60250,0.49500,0.01676,0.94860,0.03465
77.70250,0.49500,0.01815,0.95562,0.02623
77.80250,0.49500,0.01901,0.96277,0.01822
77.90250,0.49500,0.01456,0.94943,0.03601
78.00250,0.49500,0.01933,0.92476,0.05591
78.10250,0.49500,0.01281,0.95944,0.02774
78.20250,0.49500,0.01139,0.93250,0.05611
78.30250,0.49500,0.01096,0.95438,0.03465
78.40250,0.49500,0.00990,0.96904,0.02106
78.50250,0.49500,0.01109,0.96790,0.02102
78.60250,0.49500,0.01327,0.95402,0.03271
78.70250,0.49500,0.01657,0.95938,0.02405
78.80250,0.49500,0.01447,0.96425,0.02129
78.90250,0.49500,0.01931,0.94512,0.03557
79.00250,0.49500,0.02021,0.93172,0.04807
79.10250,0.49500,0.01114,0.93548,0.05338
79.20250,0.49500,0.01213,0.93668,0.05119
79.30250,0.49500,0.01270,0.90818,0.07911
79.40250,0.49500,0.01171,0.92085,0.06744
79.50250,0.49500,0.01100,0.94965,0.03935
79.60250,0.49500,0.01086,0.91929,0.06986
79.70250,0.49500,0.01332,0.91161,0.07507
79.80250,0.49500,0.01163,0.94104,0.04733
79.90250,0.49500,0.01354,0.92057,0.06589
80.00250,0.49500,0.01209,0.92866,0.05926
80.10250,0.49500,0.01173,0.93744,0.05083
80.20250,0.49500,0.01968,0.95362,0.02670
80.30250,0.49500,0.01918,0.95086,0.02996
80.40250,0.49500,0.02049,0.95093,0.02858
80.50250,0.49500,0.01655,0.95693,0.02652
80.60250,0.49500,0.01119,0.96170,0.02711
80.70250,0.49500,0.01095,0.96617,0.02289
80.80250,0.49500,0.01076,0.95792,0.03132
80.90250,0.49500,0.01138,0.95770,0.03091
81.00250,0.49500,0.01235,0.93384,0.05381
81.10250,0.49500,0.01329,0.86645,0.12025
81.20250,0.49500,0.01298,0.90489,0.08213
81.30250,0.49500,0.01980,0.70505,0.27515
81.40250,0.49500,0.02619,0.58398,0.38983
81.50250,0.49500,0.03321,0.56989,0.39689
81.60250,0.49500,0.02316,0.68836,0.28849
81.70250,0.49500,0.02135,0.68015,0.29849
81.80250,0.49500,0.02437,0.72254,0.25309
81.90250,0.49500,0.01424,0.80865,0.17710
82.00250,0.49500,0.01276,0.93424,0.05300
82.10250,0.49500,0.01436,0.92925,0.05639
82.20250,0.49500,0.01333,0.90526,0.08140
82.30250,0.49500,0.01237,0.91917,0.06846
82.40250,0.49500,0.01134,0.90975,0.07891
82.50250,0.49500,0.01314,0.81493,0.17193
82.60250,0.49500,0.01360,0.83267,0.15373
82.70250,0.49500,0.01631,0.83985,0.14385
82.80250,0.49500,0.01923,0.91364,0.06713
82.90250,0.49500,0.02502,0.81805,0.15693
83.00250,0.49500,0.02415,0.82893,0.14693
83.10250,0.49500,0.02299,0.70135,0.27566
83.20250,0.49500,0.02134,0.62290,0.35576
83.30250,0.49500,0.02179,0.72899,0.24922
83.40250,0.49500,0.02052,0.78075,0.19873
83.50250,0.49500,0.02424,0.65181,0.32395
83.60250,0.49500,0.01678,0.73171,0.25151
83.70250,0.49500,0.01439,0.84141,0.14420
83.80250,0.49500,0.01612,0.82067,0.16322
83.90250,0.49500,0.01603,0.83536,0.14860
84.00250,0.49500,0.01505,0.80263,0.18232
84.10250,0.49500,0.01101,0.89745,0.09154
84.20250,0.49500,0.01269,0.87927,0.10805
84.30250,0.49500,0.01216,0.88095,0.10689
84.40250,0.49500,0.01202,0.90366,0.08432
84.50250,0.49500,0.01168,0.91500,0.07331
84.60250,0.49500,0.00946,0.95613,0.03441
84.70250,0.49500,0.01347,0.91761,0.06892
84.80250,0.49500,0.01015,0.91674,0.07311
84.90250,0.49500,0.01239,0.93015,0.05746
85.00250,0.49500,0.01083,0.95670,0.03246
85.10250,0.49500,0.01106,0.95276,0.03618
85.20250,0.49500,0.01267,0.92387,0.06346
85.30250,0.49500,0.01451,0.89457,0.09092
85.40250,0.49500,0.01435,0.93707,0.04858
85.50250,0.49500,0.01560,0.91544,0.06896
85.60250,0.49500,0.01507,0.93016,0.05478
85.70250,0.49500,0.02003,0.89418,0.08579
85.80250,0.49500,0.01282,0.94218,0.04500
85.90250,0.49500,0.01083,0.96241,0.02676
86.00250,0.49500,0.01134,0.96085,0.02781
86.10250,0.49500,0.01275,0.93692,0.05033
86.20250,0.49500,0.00842,0.97321,0.01836
86.30250,0.49500,0.01311,0.94421,0.04268
86.40250,0.49500,0.01040,0.96621,0.02340
86.50250,0.49500,0.01461,0.95064,0.03475
86.60250,0.49500,0.01141,0.95770,0.03088
86.70250,0.49500,0.01128,0.92455,0.06417
86.80250,0.49500,0.00979,0.94222,0.04799
86.90250,0.49500,0.01126,0.92999,0.05875
87.00250,0.49500,0.01027,0.93064,0.05909
87.10250,0.49500,0.01236,0.92889,0.05875
87.20250,0.49500,0.01055,0.94162,0.04783
87.30250,0.49500,0.01069,0.95438,0.03494
87.40250,0.49500,0.01049,0.95836,0.03115
87.50250,0.49500,0.01346,0.94432,0.04223
87.60250,0.49500,0.01191,0.96100,0.02709
87.70250,0.49500,0.01240,0.95875,0.02884
87.80250,0.49500,0.01469,0.94318,0.04214
87.90250,0.49500,0.01593,0.95141,0.03266
88.00250,0.49500,0.01350,0.96780,0.01871
88.10250,0.49500,0.01357,0.96108,0.02534
88.20250,0.49500,0.01355,0.95524,0.03121
88.30250,0.49500,0.01337,0.94524,0.04139
88.40250,0.49500,0.01188,0.92684,0.06128
88.50250,0.49500,0.01092,0.94954,0.03954
88.60250,0.49500,0.01275,0.93403,0.05322
88.70250,0.49500,0.01081,0.90750,0.08170
88.80250,0.49500,0.01082,0.91327,0.07590
88.90250,0.49500,0.01152,0.93684,0.05164
89.00250,0.49500,0.01286,0.87759,0.10955
89.10250,0.49500,0.01481,0.88768,0.09751
89.20250,0.49500,0.01454,0.92270,0.06276
89.30250,0.49500,0.01514,0.92433,0.06053
89.40250,0.49500,0.01591,0.91147,0.07262
89.50250,0.49500,0.01154,0.95566,0.03281
89.60250,0.49500,0.01400,0.96625,0.01976
89.70250,0.49500,0.01170,0.96742,0.02089
89.80250,0.49500,0.01380,0.96666,0.01954
89.90250,0.49500,0.01198,0.95777,0.03025
90.00250,0.49500,0.01267,0.90769,0.07964
90.10250,0.49500,0.01356,0.83613,0.15031
90.20250,0.49500,0.01021,0.82207,0.16772
90.30250,0.49500,0.01169,0.68959,0.29871
90.40250,0.49500,0.01198,0.51278,0.47523
90.50250,0.49500,0.01329,0.40693,0.57977
90.60250,0.49500,0.01653,0.63359,0.34988
90.70250,0.49500,0.01699,0.65868,0.32432
90.80250,0.49500,0.01898,0.62532,0.35570
90.90250,0.49500,0.01665,0.71332,0.27003
91.00250,0.49500,0.01948,0.77033,0.21018
91.10250,0.49500,0.01390,0.78368,0.20242
91.20250,0.49500,0.01370,0.80382,0.18247
91.30250,0.49500,0.01256,0.78573,0.20171
91.40250,0.49500,0.00917,0.75287,0.23797
91.50250,0.49500,0.01610,0.77559,0.20830
91.60250,0.49500,0.01488,0.78630,0.19881
91.70250,0.49500,0.01705,0.69515,0.28779
91.80250,0.49500,0.01814,0.64919,0.33268
91.90250,0.49500,0.02109,0.78196,0.19696
92.00250,0.49500,0.01694,0.69635,0.28672
92.10250,0.49500,0.01479,0.75629,0.22892
92.20250,0.49500,0.01700,0.72498,0.25802
92.30250,0.49500,0.01463,0.75658,0.22879
92.40250,0.49500,0.01432,0.75936,0.22632
92.50250,0.49500,0.01296,0.74812,0.23892
92.60250,0.49500,0.01517,0.61783,0.36700
92.70250,0.49500,0.01540,0.53737,0.44723
92.80250,0.49500,0.01471,0.64582,0.33947
92.90250,0.49500,0.01659,0.53109,0.45232
93.00250,0.49500,0.01466,0.41569,0.56966
93.10250,0.49500,0.01435,0.49250,0.49316
93.20250,0.49500,0.01946,0.64026,0.34028
93.30250,0.49500,0.01815,0.61760,0.36425
93.40250,0.49500,0.01685,0.66117,0.32198
93.50250,0.49500,0.01237,0.87137,0.11627
93.60250,0.49500,0.01073,0.86484,0.12443
93.70250,0.49500,0.00967,0.81741,0.17291
93.80250,0.49500,0.01049,0.87269,0.11682
93.90250,0.49500,0.00764,0.94993,0.04243
94.00250,0.49500,0.00621,0.96259,0.03120
94.10250,0.49500,0.01026,0.93709,0.05265
94.20250,0.49500,0.01009,0.95582,0.03408
94.30250,0.49500,0.01029,0.95072,0.03900
94.40250,0.49500,0.00935,0.94286,0.04779
94.50250,0.49500,0.01128,0.86458,0.12414
94.60250,0.49500,0.01244,0.84694,0.14062
94.70250,0.49500,0.01343,0.77469,0.21188
94.80250,0.49500,0.01156,0.75987,0.22857
94.90250,0.49500,0.01287,0.75413,0.23300
95.00250,0.49500,0.01000,0.76574,0.22426
95.10250,0.49500,0.01387,0.74641,0.23972
95.20250,0.49500,0.01832,0.63652,0.34516
95.30250,0.49500,0.01464,0.66799,0.31737
95.40250,0.49500,0.01470,0.66155,0.32375
95.50250,0.49500,0.01481,0.67300,0.31219
95.60250,0.49500,0.01314,0.62720,0.35966
95.70250,0.49500,0.01425,0.72379,0.26196
95.80250,0.49500,0.01428,0.80017,0.18555
95.90250,0.49500,0.00955,0.88427,0.10618
96.00250,0.49500,0.01073,0.85312,0.13615
96.10250,0.49500,0.00853,0.93243,0.05904
96.20250,0.49500,0.00995,0.91236,0.07768
96.30250,0.49500,0.01126,0.91233,0.07641
96.40250,0.49500,0.01320,0.85272,0.13408
96.50250,0.49500,0.01258,0.81544,0.17198
96.60250,0.49500,0.01395,0.84000,0.14605
96.70250,0.49500,0.01371,0.78551,0.20078
96.80250,0.49500,0.01398,0.79694,0.18908
96.90250,0.49500,0.01696,0.77490,0.20814
97.00250,0.49500,0.01497,0.71369,0.27133
97.10250,0.49500,0.02623,0.57661,0.39716
97.20250,0.49500,0.02474,0.61912,0.35613
97.30250,0.49500,0.02749,0.70479,0.26772
97.40250,0.49500,0.02385,0.79136,0.18479
97.50250,0.49500,0.01658,0.85137,0.13205
97.60250,0.49500,0.01352,0.89579,0.09069
97.70250,0.49500,0.01002,0.94613,0.04384
97.80250,0.49500,0.01105,0.94141,0.04754
97.90250,0.49500,0.01361,0.88711,0.09928
98.00250,0.49500,0.01254,0.86272,0.12474
98.10250,0.49500,0.01766,0.87782,0.10452
98.20250,0.49500,0.01489,0.84722,0.13789
98.30250,0.49500,0.01845,0.76581,0.21574
98.40250,0.49500,0.01941,0.72824,0.25235
98.50250,0.49500,0.01278,0.78443,0.20279
98.60250,0.49500,0.01236,0.77763,0.21001
98.70250,0.49500,0.01694,0.48374,0.49932
98.80250,0.49500,0.01782,0.63610,0.34608
98.90250,0.49500,0.02122,0.69758,0.28120
99.00250,0.49500,0.02330,0.71459,0.26211
99.10250,0.49500,0.02268,0.64123,0.33610
99.20250,0.49500,0.02218,0.72692,0.25090
99.30250,0.49500,0.02534,0.49390,0.48076
99.40250,0.49500,0.01960,0.44099,0.53942
99.50250,0.49500,0.01654,0.39704,0.58642
99.60250,0.49500,0.01674,0.44677,0.53649
99.70250,0.49500,0.01636,0.51544,0.46819
99.80250,0.49500,0.01877,0.50252,0.47871
99.90250,0.49500,0.02495,0.68725,0.28780
100.00250,0.49500,0.02106,0.76565,0.21329
100.10250,0.49500,0.02258,0.70582,0.27160
100.20250,0.49500,0.05257,0.63720,0.31024
100.30250,0.49500,0.03063,0.65907,0.31030
100.40250,0.49500,0.03252,0.61232,0.35516
100.50250,0.49500,0.02488,0.62664,0.34847
100.60250,0.49500,0.01981,0.47469,0.50550
100.70250,0.49500,0.01627,0.35830,0.62543
100.80250,0.49500,0.02106,0.43345,0.54548
100.90250,0.49500,0.02182,0.36880,0.60938
101.00250,0.49500,0.02196,0.45653,0.52151
101.10250,0.49500,0.01694,0.70286,0.28020
101.20250,0.49500,0.01442,0.78656,0.19902
101.30250,0.49500,0.01784,0.78593,0.19623
101.40250,0.49500,0.01063,0.94114,0.04823
101.50250,0.49500,0.01461,0.94290,0.04250
101.60250,0.49500,0.01618,0.90304,0.08078
101.70250,0.49500,0.01901,0.90814,0.07285
101.80250,0.49500,0.01358,0.94491,0.04150
101.90250,0.49500,0.01265,0.88147,0.10587
102.00250,0.49500,0.02157,0.80740,0.17103
102.10250,0.49500,0.01829,0.86327,0.11844
102.20250,0.49500,0.01752,0.85379,0.12870
102.30250,0.49500,0.02567,0.83960,0.13473
102.40250,0.49500,0.01754,0.92062,0.06184
102.50250,0.49500,0.02376,0.88352,0.09272
102.60250,0.49500,0.02285,0.81793,0.15922
102.70250,0.49500,0.01908,0.80093,0.17999
102.80250,0.49500,0.01419,0.79854,0.18727
102.90250,0.49500,0.01105,0.77291,0.21604
103.00250,0.49500,0.01334,0.64355,0.34311
103.10250,0.49500,0.01877,0.79367,0.18756
103.20250,0.49500,0.03243,0.72998,0.23759
103.30250,0.49500,0.03160,0.65142,0.31698
103.40250,0.49500,0.03807,0.52115,0.44079
103.50250,0.49500,0.02893,0.39904,0.57203
103.60250,0.49500,0.01471,0.31529,0.66999
103.70250,0.49500,0.01689,0.29669,0.68641
103.80250,0.49500,0.01881,0.26135,0.71984
103.90250,0.49500,0.01585,0.43676,0.54740
104.00250,0.49500,0.01658,0.52259,0.46083
104.10250,0.49500,0.01614,0.68276,0.30110
104.20250,0.49500,0.01488,0.77032,0.21480
104.30250,0.49500,0.01242,0.85645,0.13113
104.40250,0.49500,0.01251,0.90980,0.07769
104.50250,0.49500,0.01018,0.92143,0.06839
104.60250,0.49500,0.00928,0.92394,0.06678
104.70250,0.49500,0.01013,0.90797,0.08190
104.80250,0.49500,0.01128,0.92862,0.06010
104.90250,0.49500,0.00979,0.94155,0.04867
105.00250,0.49500,0.01271,0.94931,0.03798
105.10250,0.49500,0.01546,0.92660,0.05793
105.20250,0.49500,0.01254,0.93187,0.05559
105.30250,0.49500,0.01531,0.89095,0.09374
105.40250,0.49500,0.01121,0.87011,0.11868
105.50250,0.49500,0.01619,0.78160,0.20221
105.60250,0.49500,0.01586,0.72124,0.26290
105.70250,0.49500,0.01861,0.76408,0.21731
105.80250,0.49500,0.01593,0.77531,0.20876
105.90250,0.49500,0.01537,0.63482,0.34982
106.00250,0.49500,0.01217,0.84300,0.14483
106.10250,0.49500,0.01109,0.77505,0.21386
106.20250,0.49500,0.01186,0.80188,0.18626
106.30250,0.49500,0.01442,0.88432,0.10126
106.40250,0.49500,0.01358,0.90530,0.08112
106.50250,0.49500,0.01504,0.90905,0.07591
106.60250,0.49500,0.01528,0.86679,0.11793
106.70250,0.49500,0.01133,0.88261,0.10606
106.80250,0.49500,0.01204,0.87627,0.11169
106.90250,0.49500,0.01127,0.86081,0.12791
107.00250,0.49500,0.01292,0.73264,0.25444
107.10250,0.49500,0.01201,0.82282,0.16517
107.20250,0.49500,0.01105,0.67265,0.31629
107.30250,0.49500,0.01187,0.68538,0.30275
107.40250,0.49500,0.01232,0.67984,0.30784
107.50250,0.49500,0.01676,0.71113,0.27211
107.60250,0.49500,0.01897,0.61711,0.36391
107.70250,0.49500,0.02738,0.78628,0.18634
107.80250,0.49500,0.02482,0.74402,0.23116
107.90250,0.49500,0.02189,0.56256,0.41554
108.00250,0.49500,0.01836,0.71482,0.26683
108.10250,0.49500,0.01656,0.81887,0.16457
108.20250,0.49500,0.01901,0.78697,0.19401
108.30250,0.49500,0.02460,0.81877,0.15663
108.40250,0.49500,0.01771,0.91000,0.07229
108.50250,0.49500,0.01133,0.90100,0.08767
108.60250,0.49500,0.01177,0.89146,0.09678
108.70250,0.49500,0.01371,0.75626,0.23003
108.80250,0.49500,0.01334,0.87786,0.10880
108.90250,0.49500,0.01412,0.81278,0.17310
109.00250,0.49500,0.00970,0.85550,0.13480
109.10250,0.49500,0.01189,0.82744,0.16067
109.20250,0.49500,0.01001,0.89330,0.09670
109.30250,0.49500,0.01482,0.80199,0.18318
109.40250,0.49500,0.01235,0.86277,0.12488
109.50250,0.49500,0.01948,0.78160,0.19892
109.60250,0.49500,0.01338,0.86299,0.12363
109.70250,0.49500,0.01467,0.85670,0.12862
109.80250,0.49500,0.01359,0.87720,0.10920
109.90250,0.49500,0.01113,0.86162,0.12725
110.00250,0.49500,0.00758,0.96726,0.02516
110.10250,0.49500,0.00798,0.96179,0.03023
110.20250,0.49500,0.01244,0.96963,0.01792
110.30250,0.49500,0.01089,0.97603,0.01308
110.40250,0.49500,0.01270,0.96793,0.01937
110.50250,0.49500,0.01189,0.96597,0.02213
110.60250,0.49500,0.00723,0.97172,0.02106
110.70250,0.49500,0.00610,0.97754,0.01636
110.80250,0.49500,0.00778,0.96528,0.02694
110.90250,0.49500,0.00705,0.96280,0.03016
111.00250,0.49500,0.00832,0.94958,0.04210
111.10250,0.49500,0.00597,0.96678,0.02726
111.20250,0.49500,0.00773,0.95324,0.03903
111.30250,0.49500,0.00939,0.96722,0.02339
111.40250,0.49500,0.00944,0.97098,0.01959
111.50250,0.49500,0.00982,0.98018,0.01000
111.60250,0.49500,0.00864,0.98254,0.00882
111.70250,0.49500,0.00667,0.98248,0.01085
111.80250,0.49500,0.00734,0.98054,0.01212
111.90250,0.49500,0.00734,0.98586,0.00679
112.00250,0.49500,0.01010,0.98470,0.00520
112.10250,0.49500,0.01094,0.98309,0.00597
112.20250,0.49500,0.01052,0.98509,0.00439
112.30250,0.49500,0.00808,0.98780,0.00413
112.40250,0.49500,0.00728,0.98638,0.00633
112.50250,0.49500,0.01060,0.97747,0.01193
112.60250,0.49500,0.01066,0.97134,0.01800
112.70250,0.49500,0.01152,0.97719,0.01130
112.80250,0.49500,0.01171,0.97930,0.00899
112.90250,0.49500,0.01253,0.96440,0.02307
113.00250,0.49500,0.00981,0.97223,0.01796
113.10250,0.49500,0.00885,0.96844,0.02271
113.20250,0.49500,0.00820,0.96961,0.02219
113.30250,0.49500,0.00938,0.93757,0.05304
113.40250,0.49500,0.00908,0.89758,0.09333
113.50250,0.49500,0.00808,0.86097,0.13095
113.60250,0.49500,0.00868,0.84132,0.15000
113.70250,0.49500,0.00832,0.82182,0.16985
113.80250,0.49500,0.00765,0.87334,0.11901
113.90250,0.49500,0.01021,0.90807,0.08172
114.00250,0.49500,0.00796,0.93278,0.05925
114.10250,0.49500,0.00921,0.96674,0.02405
114.20250,0.49500,0.00756,0.97326,0.01919
114.30250,0.49500,0.00916,0.97603,0.01481
114.40250,0.49500,0.00846,0.98190,0.00965
114.50250,0.49500,0.00788,0.97644,0.01568
114.60250,0.49500,0.00656,0.97863,0.01481
114.70250,0.49500,0.00754,0.93855,0.05391
114.80250,0.49500,0.00799,0.89292,0.09909
114.90250,0.49500,0.00789,0.85684,0.13527
115.00250,0.49500,0.00546,0.93024,0.06430
115.10250,0.49500,0.00998,0.87175,0.11827
115.20250,0.49500,0.00939,0.93998,0.05063
115.30250,0.49500,0.00738,0.95169,0.04093
115.40250,0.49500,0.00775,0.95633,0.03592
115.50250,0.49500,0.00732,0.96418,0.02849
115.60250,0.49500,0.00675,0.95835,0.03490
115.70250,0.49500,0.00874,0.95393,0.03733
115.80250,0.49500,0.00874,0.94396,0.04730
115.90250,0.49500,0.00976,0.90994,0.08029
116.00250,0.49500,0.01476,0.79427,0.19098
116.10250,0.49500,0.02172,0.75246,0.22583
116.20250,0.49500,0.02424,0.48652,0.48924
116.30250,0.49500,0.02487,0.75260,0.22254
116.40250,0.49500,0.02385,0.43002,0.54613
116.50250,0.49500,0.01971,0.58859,0.39170
116.60250,0.49500,0.01508,0.74325,0.24167
116.70250,0.49500,0.01325,0.64588,0.34087
116.80250,0.49500,0.01687,0.49952,0.48361
116.90250,0.49500,0.03067,0.76777,0.20157
117.00250,0.49500,0.03629,0.72944,0.23427
117.10250,0.49500,0.04171,0.76561,0.19268
