Time (seconds), Duration (seconds),pred_(unlabeled),pred_empty_box,pred_table
0.00250,0.49500,0.10117,0.27415,0.62468
0.10250,0.49500,0.18818,0.20056,0.61126
0.20250,0.49500,0.16914,0.39699,0.43387
0.30250,0.49500,0.09445,0.14627,0.75928
0.40250,0.49500,0.13542,0.10949,0.75509
0.50250,0.49500,0.16277,0.20762,0.62961
0.60250,0.49500,0.16020,0.24437,0.59544
0.70250,0.49500,0.17799,0.15331,0.66870
0.80250,0.49500,0.15739,0.58193,0.26068
0.90250,0.49500,0.17691,0.24298,0.58012
1.00250,0.49500,0.25358,0.37485,0.37157
1.10250,0.49500,0.05039,0.44674,0.50287
1.20250,0.49500,0.18033,0.33694,0.48273
1.30250,0.49500,0.06990,0.27566,0.65444
1.40250,0.49500,0.16627,0.34374,0.48999
1.50250,0.49500,0.13698,0.23585,0.62717
1.60250,0.49500,0.08129,0.40350,0.51521
1.70250,0.49500,0.11380,0.24342,0.64278
1.80250,0.49500,0.14638,0.57332,0.28030
1.90250,0.49500,0.13613,0.33259,0.53128
2.00250,0.49500,0.12799,0.66333,0.20868
2.10250,0.49500,0.11303,0.48883,0.39814
2.20250,0.49500,0.20025,0.37917,0.42058
2.30250,0.49500,0.14334,0.42854,0.42813
2.40250,0.49500,0.14567,0.45866,0.39567
2.50250,0.49500,0.08603,0.18753,0.72644
2.60250,0.49500,0.13315,0.78037,0.08647
2.70250,0.49500,0.10695,0.20638,0.68667
2.80250,0.49500,0.07520,0.42665,0.49816
2.90250,0.49500,0.04977,0.55722,0.39301
3.00250,0.49500,0.06956,0.55598,0.37446
3.10250,0.49500,0.04529,0.59966,0.35505
3.20250,0.49500,0.04247,0.51899,0.43854
3.30250,0.49500,0.02492,0.27935,0.69573
3.40250,0.49500,0.03197,0.24387,0.72416
3.50250,0.49500,0.03603,0.12612,0.83785
3.60250,0.49500,0.03838,0.16223,0.79940
3.70250,0.49500,0.02118,0.07383,0.90499
3.80250,0.49500,0.04166,0.19337,0.76497
3.90250,0.49500,0.02732,0.15228,0.82040
4.00250,0.49500,0.01733,0.12241,0.86027
4.10250,0.49500,0.02290,0.50883,0.46827
4.20250,0.49500,0.05383,0.32752,0.61865
4.30250,0.49500,0.09869,0.26697,0.63433
4.40250,0.49500,0.06432,0.20305,0.73262
4.50250,0.49500,0.06056,0.63510,0.30434
4.60250,0.49500,0.05450,0.22827,0.71722
4.70250,0.49500,0.07002,0.52054,0.40944
4.80250,0.49500,0.03798,0.41203,0.54999
4.90250,0.49500,0.03973,0.25674,0.70354
5.00250,0.49500,0.05909,0.41557,0.52534
5.10250,0.49500,0.05179,0.40171,0.54650
5.20250,0.49500,0.04052,0.35845,0.60103
5.30250,0.49500,0.06979,0.47213,0.45808
5.40250,0.49500,0.04061,0.62818,0.33120
5.50250,0.49500,0.07760,0.34982,0.57258
5.60250,0.49500,0.03308,0.61049,0.35644
5.70250,0.49500,0.03366,0.45494,0.51140
5.80250,0.49500,0.02497,0.58881,0.38622
5.90250,0.49500,0.03677,0.32840,0.63483
6.00250,0.49500,0.09693,0.36558,0.53749
6.10250,0.49500,0.07325,0.24551,0.68124
6.20250,0.49500,0.12920,0.16860,0.70220
6.30250,0.49500,0.05336,0.11766,0.82897
6.40250,0.49500,0.06285,0.29490,0.64225
6.50250,0.49500,0.07649,0.24439,0.67912
6.60250,0.49500,0.05603,0.31113,0.63284
6.70250,0.49500,0.02523,0.32251,0.65226
6.80250,0.49500,0.04730,0.65228,0.30041
6.90250,0.49500,0.05202,0.53757,0.41041
7.00250,0.49500,0.10534,0.30315,0.59152
7.10250,0.49500,0.04766,0.25522,0.69712
7.20250,0.49500,0.07918,0.29436,0.62646
7.30250,0.49500,0.05061,0.34020,0.60918
7.40250,0.49500,0.08283,0.14797,0.76920
7.50250,0.49500,0.07191,0.48039,0.44770
7.60250,0.49500,0.05706,0.40009,0.54285
7.70250,0.49500,0.06533,0.22822,0.70645
7.80250,0.49500,0.05239,0.30125,0.64637
7.90250,0.49500,0.03147,0.31933,0.64920
8.00250,0.49500,0.07143,0.61479,0.31379
8.10250,0.49500,0.02339,0.27804,0.69858
8.20250,0.49500,0.03759,0.52100,0.44141
8.30250,0.49500,0.03125,0.50139,0.46736
8.40250,0.49500,0.08542,0.35658,0.55800
8.50250,0.49500,0.07782,0.30444,0.61774
8.60250,0.49500,0.11217,0.64462,0.24321
8.70250,0.49500,0.14300,0.58499,0.27201
8.80250,0.49500,0.04289,0.65500,0.30211
8.90250,0.49500,0.06438,0.55455,0.38107
9.00250,0.49500,0.05793,0.77283,0.16924
9.10250,0.49500,0.03932,0.66671,0.29397
9.20250,0.49500,0.04815,0.78362,0.16823
9.30250,0.49500,0.04619,0.23859,0.71522
9.40250,0.49500,0.13619,0.45685,0.40696
9.50250,0.49500,0.10841,0.33034,0.56125
9.60250,0.49500,0.09863,0.29389,0.60747
9.70250,0.49500,0.15304,0.39474,0.45222
9.80250,0.49500,0.05804,0.38794,0.55402
9.90250,0.49500,0.03459,0.37262,0.59279
10.00250,0.49500,0.05996,0.76044,0.17960
10.10250,0.49500,0.05839,0.33338,0.60823
10.20250,0.49500,0.07592,0.58960,0.33448
10.30250,0.49500,0.07999,0.64311,0.27689
10.40250,0.49500,0.04098,0.67147,0.28755
10.50250,0.49500,0.06140,0.46320,0.47540
10.60250,0.49500,0.03614,0.74556,0.21830
10.70250,0.49500,0.07197,0.63070,0.29733
10.80250,0.49500,0.08785,0.46705,0.44510
10.90250,0.49500,0.04056,0.72624,0.23319
11.00250,0.49500,0.03426,0.60652,0.35922
11.10250,0.49500,0.03664,0.84903,0.11432
11.20250,0.49500,0.02591,0.85250,0.12159
11.30250,0.49500,0.06295,0.57783,0.35922
11.40250,0.49500,0.01063,0.54295,0.44642
11.50250,0.49500,0.02400,0.76764,0.20836
11.60250,0.49500,0.07240,0.74740,0.18021
11.70250,0.49500,0.09540,0.65559,0.24901
11.80250,0.49500,0.07068,0.36831,0.56100
11.90250,0.49500,0.08348,0.66681,0.24972
12.00250,0.49500,0.04567,0.76397,0.19036
12.10250,0.49500,0.03383,0.46572,0.50045
12.20250,0.49500,0.04379,0.54616,0.41005
12.30250,0.49500,0.01678,0.74806,0.23516
12.40250,0.49500,0.07961,0.66898,0.25141
12.50250,0.49500,0.14704,0.63319,0.21977
12.60250,0.49500,0.17437,0.47002,0.35561
12.70250,0.49500,0.20914,0.50560,0.28526
12.80250,0.49500,0.10568,0.28529,0.60903
12.90250,0.49500,0.13316,0.41396,0.45288
13.00250,0.49500,0.04401,0.37094,0.58506
13.10250,0.49500,0.09795,0.30915,0.59291
13.20250,0.49500,0.05778,0.27767,0.66454
13.30250,0.49500,0.09079,0.17431,0.73490
13.40250,0.49500,0.16019,0.28511,0.55470
13.50250,0.49500,0.19285,0.38541,0.42174
13.60250,0.49500,0.31186,0.38769,0.30045
13.70250,0.49500,0.19120,0.37021,0.43859
13.80250,0.49500,0.17898,0.39151,0.42951
13.90250,0.49500,0.17300,0.45226,0.37474
14.00250,0.49500,0.08929,0.46217,0.44854
14.10250,0.49500,0.06187,0.26220,0.67593
14.20250,0.49500,0.01543,0.39642,0.58815
14.30250,0.49500,0.02455,0.33521,0.64024
14.40250,0.49500,0.05000,0.47924,0.47076
14.50250,0.49500,0.02828,0.23695,0.73478
14.60250,0.49500,0.03124,0.41889,0.54987
14.70250,0.49500,0.04284,0.64582,0.31134
14.80250,0.49500,0.02417,0.44651,0.52933
14.90250,0.49500,0.03468,0.56009,0.40523
15.00250,0.49500,0.02619,0.57177,0.40204
15.10250,0.49500,0.02952,0.41948,0.55101
15.20250,0.49500,0.02560,0.63667,0.33773
15.30250,0.49500,0.07047,0.40980,0.51973
15.40250,0.49500,0.04368,0.39193,0.56439
15.50250,0.49500,0.09260,0.28084,0.62656
15.60250,0.49500,0.06952,0.27134,0.65914
15.70250,0.49500,0.08008,0.45738,0.46254
15.80250,0.49500,0.09590,0.53268,0.37142
15.90250,0.49500,0.06269,0.39910,0.53822
16.00250,0.49500,0.03569,0.52891,0.43540
16.10250,0.49500,0.04644,0.31958,0.63398
16.20250,0.49500,0.03184,0.52395,0.44421
16.30250,0.49500,0.02414,0.50737,0.46848
16.40250,0.49500,0.01410,0.59989,0.38600
16.50250,0.49500,0.01744,0.55172,0.43084
16.60250,0.49500,0.10291,0.47204,0.42505
16.70250,0.49500,0.04760,0.68738,0.26502
16.80250,0.49500,0.08728,0.39007,0.52264
16.90250,0.49500,0.04792,0.36937,0.58272
17.00250,0.49500,0.03450,0.44515,0.52035
17.10250,0.49500,0.07687,0.51284,0.41030
17.20250,0.49500,0.07912,0.46931,0.45157
17.30250,0.49500,0.06527,0.80855,0.12618
17.40250,0.49500,0.10274,0.49456,0.40270
17.50250,0.49500,0.06477,0.70865,0.22657
17.60250,0.49500,0.03124,0.30637,0.66238
17.70250,0.49500,0.04775,0.44925,0.50300
17.80250,0.49500,0.04841,0.36807,0.58352
17.90250,0.49500,0.06681,0.43566,0.49753
18.00250,0.49500,0.06560,0.33379,0.60061
18.10250,0.49500,0.05157,0.42390,0.52453
18.20250,0.49500,0.05086,0.30391,0.64523
18.30250,0.49500,0.03847,0.43492,0.52661
18.40250,0.49500,0.02258,0.32318,0.65424
18.50250,0.49500,0.05005,0.60937,0.34058
18.60250,0.49500,0.02584,0.56706,0.40709
18.70250,0.49500,0.04525,0.42144,0.53332
18.80250,0.49500,0.04396,0.37497,0.58107
18.90250,0.49500,0.11673,0.45643,0.42684
19.00250,0.49500,0.07918,0.44515,0.47567
19.10250,0.49500,0.11913,0.28274,0.59813
19.20250,0.49500,0.02741,0.55339,0.41920
19.30250,0.49500,0.05703,0.36506,0.57792
19.40250,0.49500,0.01778,0.38477,0.59744
19.50250,0.49500,0.03656,0.68351,0.27993
19.60250,0.49500,0.03681,0.70181,0.26137
19.70250,0.49500,0.05491,0.47686,0.46823
19.80250,0.49500,0.03716,0.33476,0.62808
19.90250,0.49500,0.01848,0.39354,0.58799
20.00250,0.49500,0.02016,0.53156,0.44828
20.10250,0.49500,0.03659,0.37302,0.59039
20.20250,0.49500,0.05139,0.34639,0.60222
20.30250,0.49500,0.10223,0.31272,0.58505
20.40250,0.49500,0.12435,0.62634,0.24931
20.50250,0.49500,0.11040,0.42499,0.46461
20.60250,0.49500,0.08288,0.38898,0.52814
20.70250,0.49500,0.03075,0.46653,0.50272
20.80250,0.49500,0.06606,0.70426,0.22968
20.90250,0.49500,0.05081,0.61378,0.33540
21.00250,0.49500,0.06113,0.70239,0.23648
21.10250,0.49500,0.04587,0.70883,0.24530
21.20250,0.49500,0.03536,0.84359,0.12105
21.30250,0.49500,0.01798,0.88764,0.09438
21.40250,0.49500,0.01366,0.83561,0.15072
21.50250,0.49500,0.02187,0.87421,0.10392
21.60250,0.49500,0.03146,0.86561,0.10293
21.70250,0.49500,0.03002,0.73843,0.23155
21.80250,0.49500,0.09011,0.71499,0.19489
21.90250,0.49500,0.10137,0.55941,0.33922
22.00250,0.49500,0.14415,0.65163,0.20422
22.10250,0.49500,0.04874,0.65165,0.29962
22.20250,0.49500,0.01687,0.73708,0.24605
22.30250,0.49500,0.04853,0.67860,0.27288
22.40250,0.49500,0.06177,0.80350,0.13473
22.50250,0.49500,0.03499,0.77681,0.18820
22.60250,0.49500,0.05406,0.69675,0.24919
22.70250,0.49500,0.03793,0.70891,0.25316
22.80250,0.49500,0.11168,0.81607,0.07225
22.90250,0.49500,0.06439,0.77601,0.15960
23.00250,0.49500,0.17269,0.70018,0.12713
23.10250,0.49500,0.07322,0.82357,0.10322
23.20250,0.49500,0.09822,0.76273,0.13905
23.30250,0.49500,0.08512,0.60209,0.31280
23.40250,0.49500,0.07412,0.73333,0.19256
23.50250,0.49500,0.07978,0.66543,0.25479
23.60250,0.49500,0.04723,0.82398,0.12880
23.70250,0.49500,0.07883,0.72892,0.19224
23.80250,0.49500,0.04450,0.65204,0.30346
23.90250,0.49500,0.05465,0.73757,0.20777
24.00250,0.49500,0.05043,0.46579,0.48378
24.10250,0.49500,0.02947,0.84677,0.12376
24.20250,0.49500,0.03334,0.72356,0.24310
24.30250,0.49500,0.04703,0.81911,0.13386
24.40250,0.49500,0.04690,0.51919,0.43391
24.50250,0.49500,0.09129,0.62628,0.28243
24.60250,0.49500,0.09144,0.41269,0.49587
24.70250,0.49500,0.10699,0.52716,0.36585
24.80250,0.49500,0.05891,0.23689,0.70420
24.90250,0.49500,0.09109,0.29939,0.60952
25.00250,0.49500,0.05086,0.32651,0.62263
25.10250,0.49500,0.16975,0.58173,0.24852
25.20250,0.49500,0.10281,0.28352,0.61366
25.30250,0.49500,0.15692,0.19982,0.64326
25.40250,0.49500,0.03805,0.25539,0.70657
25.50250,0.49500,0.02363,0.18484,0.79153
25.60250,0.49500,0.03588,0.40941,0.55470
25.70250,0.49500,0.01617,0.19032,0.79350
25.80250,0.49500,0.07527,0.23981,0.68491
25.90250,0.49500,0.05160,0.17318,0.77521
26.00250,0.49500,0.08531,0.17848,0.73621
26.10250,0.49500,0.03757,0.10596,0.85648
26.20250,0.49500,0.11650,0.09004,0.79346
26.30250,0.49500,0.03040,0.16541,0.80419
26.40250,0.49500,0.13985,0.37697,0.48318
26.50250,0.49500,0.05509,0.41210,0.53282
26.60250,0.49500,0.12441,0.28503,0.59056
26.70250,0.49500,0.04961,0.53573,0.41465
26.80250,0.49500,0.11829,0.28802,0.59369
26.90250,0.49500,0.08793,0.35970,0.55237
27.00250,0.49500,0.07637,0.43810,0.48554
27.10250,0.49500,0.06149,0.26221,0.67630
27.20250,0.49500,0.04873,0.41071,0.54056
27.30250,0.49500,0.06522,0.33026,0.60451
27.40250,0.49500,0.05020,0.28269,0.66711
27.50250,0.49500,0.06074,0.59367,0.34559
27.60250,0.49500,0.04896,0.56222,0.38882
27.70250,0.49500,0.08892,0.32374,0.58734
27.80250,0.49500,0.07296,0.48483,0.44220
27.90250,0.49500,0.04048,0.48221,0.47731
28.00250,0.49500,0.05471,0.37798,0.56730
28.10250,0.49500,0.02747,0.37100,0.60154
28.20250,0.49500,0.07548,0.51742,0.40710
28.30250,0.49500,0.05770,0.20169,0.74061
28.40250,0.49500,0.07835,0.39986,0.52178
28.50250,0.49500,0.06197,0.20534,0.73269
28.60250,0.49500,0.07966,0.54220,0.37814
28.70250,0.49500,0.07536,0.27185,0.65279
28.80250,0.49500,0.04454,0.44287,0.51259
28.90250,0.49500,0.09356,0.38680,0.51964
29.00250,0.49500,0.14545,0.42203,0.43253
29.10250,0.49500,0.15099,0.38052,0.46849
29.20250,0.49500,0.09906,0.42433,0.47661
29.30250,0.49500,0.12446,0.44626,0.42928
29.40250,0.49500,0.04386,0.53653,0.41961
29.50250,0.49500,0.05351,0.28740,0.65909
29.60250,0.49500,0.05847,0.38949,0.55204
29.70250,0.49500,0.06404,0.33081,0.60515
29.80250,0.49500,0.07885,0.43210,0.48905
29.90250,0.49500,0.03143,0.54988,0.41869
30.00250,0.49500,0.02596,0.59558,0.37846
30.10250,0.49500,0.02125,0.46000,0.51875
30.20250,0.49500,0.01994,0.56262,0.41744
30.30250,0.49500,0.03714,0.57616,0.38671
30.40250,0.49500,0.05433,0.68714,0.25854
30.50250,0.49500,0.12144,0.23002,0.64854
30.60250,0.49500,0.09775,0.49061,0.41163
30.70250,0.49500,0.14669,0.26840,0.58491
30.80250,0.49500,0.09463,0.45287,0.45250
30.90250,0.49500,0.08444,0.22554,0.69002
31.00250,0.49500,0.06264,0.41562,0.52175
31.10250,0.49500,0.05710,0.25561,0.68728
31.20250,0.49500,0.08567,0.34945,0.56488
31.30250,0.49500,0.09982,0.32222,0.57796
31.40250,0.49500,0.10035,0.45017,0.44949
31.50250,0.49500,0.03162,0.47629,0.49209
31.60250,0.49500,0.06310,0.44525,0.49164
31.70250,0.49500,0.03640,0.43113,0.53247
31.80250,0.49500,0.03317,0.43697,0.52986
31.90250,0.49500,0.10104,0.77337,0.12558
32.00250,0.49500,0.12847,0.39943,0.47211
32.10250,0.49500,0.11521,0.31018,0.57461
32.20250,0.49500,0.12647,0.50398,0.36955
32.30250,0.49500,0.04596,0.42109,0.53296
32.40250,0.49500,0.09268,0.46731,0.44001
32.50250,0.49500,0.02812,0.44643,0.52545
32.60250,0.49500,0.04211,0.71838,0.23951
32.70250,0.49500,0.02032,0.57862,0.40106
32.80250,0.49500,0.02993,0.42909,0.54098
32.90250,0.49500,0.03046,0.70470,0.26484
33.00250,0.49500,0.06513,0.57758,0.35729
33.10250,0.49500,0.07281,0.54689,0.38030
33.20250,0.49500,0.06010,0.45646,0.48343
33.30250,0.49500,0.08926,0.74175,0.16900
33.40250,0.49500,0.03795,0.67366,0.28839
33.50250,0.49500,0.02018,0.72278,0.25704
33.60250,0.49500,0.01202,0.80244,0.18553
33.70250,0.49500,0.01316,0.83049,0.15635
33.80250,0.49500,0.00998,0.68835,0.30167
33.90250,0.49500,0.02235,0.86399,0.11366
34.00250,0.49500,0.02051,0.62734,0.35215
34.10250,0.49500,0.04587,0.73978,0.21435
34.20250,0.49500,0.02705,0.64877,0.32418
34.30250,0.49500,0.02261,0.49423,0.48316
34.40250,0.49500,0.04645,0.67622,0.27733
34.50250,0.49500,0.05671,0.73026,0.21302
34.60250,0.49500,0.06808,0.65515,0.27678
34.70250,0.49500,0.07305,0.65468,0.27227
34.80250,0.49500,0.07720,0.38278,0.54002
34.90250,0.49500,0.08582,0.68586,0.22832
35.00250,0.49500,0.08003,0.50598,0.41399
35.10250,0.49500,0.15288,0.25109,0.59603
35.20250,0.49500,0.09927,0.22000,0.68073
35.30250,0.49500,0.13129,0.52791,0.34079
35.40250,0.49500,0.29722,0.30016,0.40262
35.50250,0.49500,0.10657,0.44701,0.44642
35.60250,0.49500,0.21153,0.55969,0.22877
35.70250,0.49500,0.27922,0.28281,0.43797
35.80250,0.49500,0.37030,0.16493,0.46477
35.90250,0.49500,0.33721,0.21837,0.44443
36.00250,0.49500,0.33667,0.26540,0.39793
36.10250,0.49500,0.38518,0.48028,0.13454
36.20250,0.49500,0.30099,0.09795,0.60107
36.30250,0.49500,0.36283,0.25122,0.38596
36.40250,0.49500,0.26765,0.16308,0.56927
36.50250,0.49500,0.15043,0.13274,0.71683
36.60250,0.49500,0.01753,0.70198,0.28049
36.70250,0.49500,0.06195,0.83937,0.09867
36.80250,0.49500,0.13305,0.67718,0.18977
36.90250,0.49500,0.19466,0.28182,0.52352
37.00250,0.49500,0.23999,0.46757,0.29244
37.10250,0.49500,0.24630,0.36868,0.38502
37.20250,0.49500,0.21829,0.32058,0.46113
37.30250,0.49500,0.21730,0.12899,0.65372
37.40250,0.49500,0.30678,0.33005,0.36317
37.50250,0.49500,0.09332,0.16106,0.74562
37.60250,0.49500,0.19586,0.52700,0.27714
37.70250,0.49500,0.15480,0.67294,0.17226
37.80250,0.49500,0.06191,0.83000,0.10809
37.90250,0.49500,0.06308,0.83510,0.10183
38.00250,0.49500,0.05018,0.67464,0.27518
38.10250,0.49500,0.06510,0.87370,0.06120
38.20250,0.49500,0.03471,0.93381,0.03147
38.30250,0.49500,0.06469,0.84177,0.09353
38.40250,0.49500,0.24770,0.21840,0.53390
38.50250,0.49500,0.17250,0.58663,0.24087
38.60250,0.49500,0.13426,0.23953,0.62621
38.70250,0.49500,0.05376,0.14678,0.79946
38.80250,0.49500,0.01104,0.33556,0.65340
38.90250,0.49500,0.00799,0.44546,0.54655
39.00250,0.49500,0.02137,0.77501,0.20362
39.10250,0.49500,0.02431,0.61290,0.36279
39.20250,0.49500,0.02919,0.82083,0.14998
39.30250,0.49500,0.02142,0.50230,0.47628
39.40250,0.49500,0.12031,0.67358,0.20611
39.50250,0.49500,0.07503,0.17181,0.75315
39.60250,0.49500,0.06176,0.44344,0.49480
39.70250,0.49500,0.04212,0.21597,0.74190
39.80250,0.49500,0.05014,0.28142,0.66844
39.90250,0.49500,0.05408,0.44148,0.50443
40.00250,0.49500,0.08211,0.19481,0.72308
40.10250,0.49500,0.03694,0.18891,0.77414
40.20250,0.49500,0.04879,0.14081,0.81040
40.30250,0.49500,0.05364,0.08460,0.86175
40.40250,0.49500,0.18294,0.05608,0.76098
40.50250,0.49500,0.04745,0.02824,0.92431
40.60250,0.49500,0.20753,0.13948,0.65299
40.70250,0.49500,0.14343,0.14531,0.71126
40.80250,0.49500,0.17812,0.15103,0.67085
40.90250,0.49500,0.12542,0.14127,0.73330
41.00250,0.49500,0.12005,0.48474,0.39521
41.10250,0.49500,0.07269,0.16469,0.76262
41.20250,0.49500,0.04534,0.40258,0.55208
41.30250,0.49500,0.05400,0.46816,0.47784
41.40250,0.49500,0.05006,0.76352,0.18642
41.50250,0.49500,0.05344,0.41432,0.53224
41.60250,0.49500,0.03939,0.56045,0.40016
41.70250,0.49500,0.01378,0.36101,0.62521
41.80250,0.49500,0.02076,0.48280,0.49644
41.90250,0.49500,0.01862,0.32769,0.65369
42.00250,0.49500,0.04388,0.38101,0.57511
42.10250,0.49500,0.04743,0.31447,0.63811
42.20250,0.49500,0.07433,0.25939,0.66628
42.30250,0.49500,0.12152,0.13963,0.73885
42.40250,0.49500,0.10930,0.16067,0.73003
42.50250,0.49500,0.05706,0.16590,0.77704
42.60250,0.49500,0.09472,0.28717,0.61811
42.70250,0.49500,0.14500,0.39889,0.45611
42.80250,0.49500,0.20613,0.43432,0.35955
42.90250,0.49500,0.11479,0.41451,0.47071
43.00250,0.49500,0.10312,0.50452,0.39236
43.10250,0.49500,0.04954,0.52581,0.42466
43.20250,0.49500,0.04017,0.83531,0.12452
43.30250,0.49500,0.02304,0.81867,0.15829
43.40250,0.49500,0.02078,0.82445,0.15477
43.50250,0.49500,0.03439,0.37539,0.59022
43.60250,0.49500,0.02406,0.86377,0.11217
43.70250,0.49500,0.02370,0.66013,0.31616
43.80250,0.49500,0.02676,0.69770,0.27554
43.90250,0.49500,0.03766,0.59065,0.37169
44.00250,0.49500,0.02427,0.55334,0.42239
44.10250,0.49500,0.03017,0.52936,0.44047
44.20250,0.49500,0.10440,0.37414,0.52145
44.30250,0.49500,0.03073,0.34861,0.62066
44.40250,0.49500,0.19374,0.29467,0.51159
44.50250,0.49500,0.08199,0.51713,0.40088
44.60250,0.49500,0.12096,0.47192,0.40712
44.70250,0.49500,0.08416,0.27634,0.63950
44.80250,0.49500,0.06653,0.50415,0.42932
44.90250,0.49500,0.03641,0.44109,0.52250
45.00250,0.49500,0.04675,0.74272,0.21053
45.10250,0.49500,0.02005,0.83477,0.14518
45.20250,0.49500,0.02549,0.66602,0.30849
45.30250,0.49500,0.03499,0.70852,0.25650
45.40250,0.49500,0.03456,0.58826,0.37718
45.50250,0.49500,0.08059,0.61369,0.30572
45.60250,0.49500,0.08225,0.42530,0.49245
45.70250,0.49500,0.03995,0.74742,0.21263
45.80250,0.49500,0.02276,0.87514,0.10210
45.90250,0.49500,0.04079,0.65887,0.30034
46.00250,0.49500,0.04493,0.73077,0.22430
46.10250,0.49500,0.03540,0.68055,0.28405
46.20250,0.49500,0.04868,0.75299,0.19833
46.30250,0.49500,0.02319,0.64703,0.32977
46.40250,0.49500,0.02097,0.55442,0.42461
46.50250,0.49500,0.04445,0.41121,0.54434
46.60250,0.49500,0.01434,0.36382,0.62185
46.70250,0.49500,0.02468,0.59770,0.37762
46.80250,0.49500,0.02007,0.67093,0.30900
46.90250,0.49500,0.02481,0.77659,0.19860
47.00250,0.49500,0.06463,0.83945,0.09592
47.10250,0.49500,0.06040,0.55778,0.38182
47.20250,0.49500,0.09858,0.81311,0.08831
47.30250,0.49500,0.02282,0.76333,0.21385
47.40250,0.49500,0.02032,0.90160,0.07808
47.50250,0.49500,0.00966,0.88784,0.10249
47.60250,0.49500,0.02340,0.86124,0.11536
47.70250,0.49500,0.02213,0.90900,0.06887
47.80250,0.49500,0.01461,0.87557,0.10981
47.90250,0.49500,0.01321,0.84626,0.14053
48.00250,0.49500,0.03006,0.83113,0.13882
48.10250,0.49500,0.06745,0.87279,0.05976
48.20250,0.49500,0.07238,0.76831,0.15931
48.30250,0.49500,0.04536,0.80564,0.14900
48.40250,0.49500,0.02302,0.90179,0.07519
48.50250,0.49500,0.02299,0.91369,0.06332
48.60250,0.49500,0.01050,0.94749,0.04202
48.70250,0.49500,0.01988,0.92404,0.05608
48.80250,0.49500,0.04264,0.89643,0.06093
48.90250,0.49500,0.03221,0.89421,0.07358
49.00250,0.49500,0.01744,0.90422,0.07834
49.10250,0.49500,0.00974,0.94656,0.04370
49.20250,0.49500,0.01694,0.90699,0.07607
49.30250,0.49500,0.00858,0.91833,0.07309
49.40250,0.49500,0.02308,0.86268,0.11424
49.50250,0.49500,0.01486,0.91276,0.07238
49.60250,0.49500,0.06644,0.71386,0.21970
49.70250,0.49500,0.01544,0.45066,0.53390
49.80250,0.49500,0.03327,0.48133,0.48541
49.90250,0.49500,0.02855,0.57331,0.39814
50.00250,0.49500,0.04197,0.36392,0.59411
50.10250,0.49500,0.07826,0.30756,0.61418
50.20250,0.49500,0.03045,0.28183,0.68772
50.30250,0.49500,0.02303,0.74324,0.23373
50.40250,0.49500,0.03428,0.55937,0.40635
50.50250,0.49500,0.04232,0.34547,0.61221
50.60250,0.49500,0.02897,0.52776,0.44327
50.70250,0.49500,0.04923,0.41966,0.53111
50.80250,0.49500,0.02483,0.51049,0.46468
50.90250,0.49500,0.02302,0.45309,0.52389
51.00250,0.49500,0.04720,0.45781,0.49500
51.10250,0.49500,0.03417,0.47111,0.49472
51.20250,0.49500,0.02691,0.58056,0.39254
51.30250,0.49500,0.03411,0.27298,0.69291
51.40250,0.49500,0.02754,0.35437,0.61809
51.50250,0.49500,0.03360,0.06078,0.90562
51.60250,0.49500,0.04951,0.15990,0.79059
51.70250,0.49500,0.02087,0.06573,0.91341
51.80250,0.49500,0.02575,0.07572,0.89854
51.90250,0.49500,0.01393,0.06318,0.92289
52.00250,0.49500,0.01321,0.15500,0.83179
52.10250,0.49500,0.03016,0.17456,0.79527
52.20250,0.49500,0.00797,0.13519,0.85684
52.30250,0.49500,0.01763,0.37888,0.60349
52.40250,0.49500,0.01483,0.54583,0.43934
52.50250,0.49500,0.02017,0.61755,0.36228
52.60250,0.49500,0.01693,0.33584,0.64724
52.70250,0.49500,0.01946,0.46209,0.51845
52.80250,0.49500,0.02678,0.21260,0.76062
52.90250,0.49500,0.12875,0.20252,0.66874
53.00250,0.49500,0.06126,0.03873,0.90001
53.10250,0.49500,0.14718,0.10079,0.75203
53.20250,0.49500,0.05009,0.04039,0.90952
53.30250,0.49500,0.10593,0.01635,0.87773
53.40250,0.49500,0.09452,0.02613,0.87935
53.50250,0.49500,0.20227,0.03872,0.75901
53.60250,0.49500,0.04095,0.01335,0.94571
53.70250,0.49500,0.13145,0.10746,0.76109
53.80250,0.49500,0.02542,0.04370,0.93088
53.90250,0.49500,0.03398,0.04556,0.92045
54.00250,0.49500,0.02037,0.01321,0.96642
54.10250,0.49500,0.03223,0.10154,0.86623
54.20250,0.49500,0.04065,0.15129,0.80805
54.30250,0.49500,0.04363,0.10911,0.84726
54.40250,0.49500,0.15466,0.18998,0.65536
54.50250,0.49500,0.12596,0.13639,0.73765
54.60250,0.49500,0.12175,0.09212,0.78613
54.70250,0.49500,0.05318,0.05978,0.88704
54.80250,0.49500,0.03373,0.19890,0.76737
54.90250,0.49500,0.02946,0.35439,0.61615
55.00250,0.49500,0.03477,0.34290,0.62232
55.10250,0.49500,0.02234,0.16763,0.81004
55.20250,0.49500,0.02574,0.14276,0.83150
55.30250,0.49500,0.03158,0.25152,0.71690
55.40250,0.49500,0.04743,0.50706,0.44551
55.50250,0.49500,0.04845,0.12827,0.82328
55.60250,0.49500,0.03012,0.30976,0.66012
55.70250,0.49500,0.02695,0.13261,0.84044
55.80250,0.49500,0.03159,0.20302,0.76538
55.90250,0.49500,0.02409,0.27897,0.69694
56.00250,0.49500,0.04976,0.38977,0.56047
56.10250,0.49500,0.01466,0.18574,0.79961
56.20250,0.49500,0.03058,0.31512,0.65430
56.30250,0.49500,0.02021,0.25188,0.72792
56.40250,0.49500,0.01992,0.36211,0.61796
56.50250,0.49500,0.01348,0.21187,0.77465
56.60250,0.49500,0.04447,0.55026,0.40527
56.70250,0.49500,0.02632,0.14854,0.82514
56.80250,0.49500,0.04425,0.18812,0.76762
56.90250,0.49500,0.01784,0.09604,0.88612
57.00250,0.49500,0.01580,0.10989,0.87431
57.10250,0.49500,0.03737,0.17903,0.78360
57.20250,0.49500,0.04261,0.19710,0.76029
57.30250,0.49500,0.06928,0.30343,0.62729
57.40250,0.49500,0.06350,0.19656,0.73994
57.50250,0.49500,0.02197,0.21749,0.76053
57.60250,0.49500,0.04881,0.12950,0.82169
57.70250,0.49500,0.02671,0.09536,0.87792
57.80250,0.49500,0.03889,0.07894,0.88216
57.90250,0.49500,0.03402,0.01580,0.95017
58.00250,0.49500,0.02126,0.01854,0.96020
58.10250,0.49500,0.02281,0.05830,0.91889
58.20250,0.49500,0.04354,0.02139,0.93507
58.30250,0.49500,0.06109,0.04473,0.89418
58.40250,0.49500,0.06088,0.08385,0.85528
58.50250,0.49500,0.16623,0.15194,0.68183
58.60250,0.49500,0.03661,0.02590,0.93749
58.70250,0.49500,0.03033,0.03323,0.93644
58.80250,0.49500,0.08658,0.16342,0.75000
58.90250,0.49500,0.04012,0.10937,0.85051
59.00250,0.49500,0.10233,0.11250,0.78517
59.10250,0.49500,0.03422,0.09972,0.86606
59.20250,0.49500,0.06510,0.07437,0.86053
59.30250,0.49500,0.07439,0.02879,0.89682
59.40250,0.49500,0.02841,0.10727,0.86432
59.50250,0.49500,0.07981,0.16785,0.75234
59.60250,0.49500,0.05856,0.04512,0.89632
59.70250,0.49500,0.06389,0.14614,0.78997
59.80250,0.49500,0.09988,0.04989,0.85023
59.90250,0.49500,0.02000,0.01780,0.96220
60.00250,0.49500,0.03223,0.01647,0.95130
60.10250,0.49500,0.04458,0.00759,0.94783
60.20250,0.49500,0.02472,0.00849,0.96679
60.30250,0.49500,0.04015,0.01626,0.94358
60.40250,0.49500,0.03562,0.01564,0.94874
60.50250,0.49500,0.08882,0.04895,0.86224
60.60250,0.49500,0.08606,0.04604,0.86790
60.70250,0.49500,0.07733,0.04416,0.87851
60.80250,0.49500,0.11634,0.28898,0.59467
60.90250,0.49500,0.22215,0.37631,0.40155
61.00250,0.49500,0.09004,0.24743,0.66253
61.10250,0.49500,0.14003,0.68060,0.17936
61.20250,0.49500,0.11799,0.84985,0.03216
61.30250,0.49500,0.10743,0.29394,0.59863
61.40250,0.49500,0.25828,0.50253,0.23918
61.50250,0.49500,0.14593,0.65551,0.19855
61.60250,0.49500,0.12208,0.23568,0.64224
61.70250,0.49500,0.05872,0.30975,0.63153
61.80250,0.49500,0.06497,0.09818,0.83685
61.90250,0.49500,0.02116,0.07101,0.90783
62.00250,0.49500,0.06738,0.04795,0.88467
62.10250,0.49500,0.05201,0.02771,0.92028
62.20250,0.49500,0.06113,0.03592,0.90295
62.30250,0.49500,0.04276,0.00931,0.94793
62.40250,0.49500,0.02319,0.00591,0.97091
62.50250,0.49500,0.01580,0.00220,0.98200
62.60250,0.49500,0.02419,0.00086,0.97495
62.70250,0.49500,0.01736,0.00236,0.98028
62.80250,0.49500,0.03274,0.00454,0.96272
62.90250,0.49500,0.04878,0.00414,0.94709
63.00250,0.49500,0.05065,0.01461,0.93474
63.10250,0.49500,0.02356,0.00281,0.97363
63.20250,0.49500,0.01340,0.00305,0.98354
63.30250,0.49500,0.03022,0.00847,0.96131
63.40250,0.49500,0.01815,0.00839,0.97345
63.50250,0.49500,0.02672,0.01794,0.95534
63.60250,0.49500,0.01538,0.06345,0.92118
63.70250,0.49500,0.04079,0.07226,0.88694
63.80250,0.49500,0.02821,0.07986,0.89193
63.90250,0.49500,0.03899,0.07725,0.88376
64.00250,0.49500,0.03927,0.04654,0.91420
64.10250,0.49500,0.02172,0.03817,0.94011
64.20250,0.49500,0.08526,0.07790,0.83684
64.30250,0.49500,0.02172,0.04686,0.93141
64.40250,0.49500,0.07448,0.23204,0.69348
64.50250,0.49500,0.02581,0.05308,0.92111
64.60250,0.49500,0.01339,0.05107,0.93553
64.70250,0.49500,0.02930,0.33806,0.63264
64.80250,0.49500,0.01609,0.10831,0.87560
64.90250,0.49500,0.04507,0.06508,0.88986
65.00250,0.49500,0.03700,0.16380,0.79920
65.10250,0.49500,0.08058,0.08535,0.83407
65.20250,0.49500,0.11140,0.31750,0.57110
65.30250,0.49500,0.07659,0.08935,0.83406
65.40250,0.49500,0.03353,0.02863,0.93784
65.50250,0.49500,0.01424,0.07551,0.91024
65.60250,0.49500,0.02092,0.05279,0.92629
65.70250,0.49500,0.01681,0.01888,0.96430
65.80250,0.49500,0.01314,0.00837,0.97848
65.90250,0.49500,0.01255,0.01096,0.97648
66.00250,0.49500,0.01716,0.01617,0.96667
66.10250,0.49500,0.00918,0.00324,0.98758
66.20250,0.49500,0.01365,0.00682,0.97953
66.30250,0.49500,0.01755,0.00459,0.97786
66.40250,0.49500,0.05493,0.01734,0.92774
66.50250,0.49500,0.04399,0.02979,0.92623
66.60250,0.49500,0.04150,0.02166,0.93684
66.70250,0.49500,0.07462,0.03140,0.89398
66.80250,0.49500,0.25692,0.15761,0.58547
66.90250,0.49500,0.05937,0.04803,0.89261
67.00250,0.49500,0.11995,0.06019,0.81986
67.10250,0.49500,0.04832,0.11019,0.84149
67.20250,0.49500,0.04974,0.10598,0.84428
67.30250,0.49500,0.03811,0.05876,0.90313
67.40250,0.49500,0.02190,0.02284,0.95526
67.50250,0.49500,0.01958,0.16295,0.81747
67.60250,0.49500,0.01336,0.03283,0.95381
67.70250,0.49500,0.01326,0.07892,0.90782
67.80250,0.49500,0.01907,0.29634,0.68459
67.90250,0.49500,0.09038,0.49617,0.41344
68.00250,0.49500,0.02886,0.48426,0.48688
68.10250,0.49500,0.02049,0.45325,0.52627
68.20250,0.49500,0.02200,0.34473,0.63327
68.30250,0.49500,0.01809,0.46636,0.51555
68.40250,0.49500,0.03095,0.51469,0.45435
68.50250,0.49500,0.03236,0.70252,0.26513
68.60250,0.49500,0.01888,0.28929,0.69183
68.70250,0.49500,0.01627,0.17382,0.80991
68.80250,0.49500,0.01875,0.27950,0.70175
68.90250,0.49500,0.02641,0.33719,0.63639
69.00250,0.49500,0.02614,0.06229,0.91157
69.10250,0.49500,0.05145,0.13067,0.81788
69.20250,0.49500,0.17771,0.22479,0.59750
69.30250,0.49500,0.09865,0.15165,0.74970
69.40250,0.49500,0.13440,0.13472,0.73088
69.50250,0.49500,0.04326,0.13719,0.81955
69.60250,0.49500,0.04078,0.22116,0.73807
69.70250,0.49500,0.02786,0.12836,0.84378
69.80250,0.49500,0.01656,0.08544,0.89800
69.90250,0.49500,0.01728,0.13798,0.84473
70.00250,0.49500,0.05814,0.12452,0.81734
70.10250,0.49500,0.02367,0.04251,0.93382
70.20250,0.49500,0.07563,0.12353,0.80085
70.30250,0.49500,0.08096,0.11958,0.79946
70.40250,0.49500,0.10146,0.08829,0.81025
70.50250,0.49500,0.08892,0.08440,0.82668
70.60250,0.49500,0.03019,0.09382,0.87599
70.70250,0.49500,0.08345,0.06691,0.84964
70.80250,0.49500,0.04401,0.07278,0.88321
70.90250,0.49500,0.12665,0.09425,0.77911
71.00250,0.49500,0.02598,0.01424,0.95978
71.10250,0.49500,0.02520,0.01528,0.95952
71.20250,0.49500,0.02081,0.05632,0.92287
71.30250,0.49500,0.03311,0.05947,0.90742
71.40250,0.49500,0.02429,0.10093,0.87478
71.50250,0.49500,0.01930,0.05006,0.93064
71.60250,0.49500,0.01189,0.03973,0.94838
71.70250,0.49500,0.04314,0.15594,0.80093
71.80250,0.49500,0.03613,0.05599,0.90788
71.90250,0.49500,0.02209,0.00431,0.97360
72.00250,0.49500,0.02119,0.02175,0.95706
72.10250,0.49500,0.06744,0.01568,0.91688
72.20250,0.49500,0.03797,0.00540,0.95662
72.30250,0.49500,0.08243,0.00783,0.90975
72.40250,0.49500,0.03951,0.00479,0.95570
72.50250,0.49500,0.01833,0.02149,0.96017
72.60250,0.49500,0.02200,0.11722,0.86078
72.70250,0.49500,0.02345,0.10921,0.86733
72.80250,0.49500,0.01582,0.19654,0.78764
72.90250,0.49500,0.04931,0.56261,0.38809
73.00250,0.49500,0.04026,0.34679,0.61295
73.10250,0.49500,0.18910,0.66112,0.14978
73.20250,0.49500,0.07668,0.13295,0.79037
73.30250,0.49500,0.15764,0.35759,0.48477
73.40250,0.49500,0.05173,0.39451,0.55376
73.50250,0.49500,0.20197,0.45542,0.34260
73.60250,0.49500,0.10857,0.46722,0.42420
73.70250,0.49500,0.12017,0.15376,0.72607
73.80250,0.49500,0.06602,0.32394,0.61004
73.90250,0.49500,0.06981,0.55722,0.37297
74.00250,0.49500,0.09882,0.66425,0.23693
74.10250,0.49500,0.05890,0.32677,0.61433
74.20250,0.49500,0.13007,0.68110,0.18884
74.30250,0.49500,0.09825,0.82598,0.07578
74.40250,0.49500,0.16780,0.73859,0.09361
74.50250,0.49500,0.12874,0.53671,0.33456
74.60250,0.49500,0.15203,0.71239,0.13558
74.70250,0.49500,0.14112,0.69464,0.16424
74.80250,0.49500,0.33503,0.19116,0.47381
74.90250,0.49500,0.10551,0.05109,0.84341
75.00250,0.49500,0.16464,0.14181,0.69356
75.10250,0.49500,0.04705,0.12605,0.82689
75.20250,0.49500,0.19981,0.20137,0.59882
75.30250,0.49500,0.06519,0.12023,0.81458
75.40250,0.49500,0.03679,0.12562,0.83759
75.50250,0.49500,0.04919,0.17417,0.77664
75.60250,0.49500,0.02397,0.17991,0.79613
75.70250,0.49500,0.04304,0.30200,0.65496
75.80250,0.49500,0.02971,0.34592,0.62437
75.90250,0.49500,0.05718,0.42220,0.52062
76.00250,0.49500,0.02992,0.19805,0.77203
76.10250,0.49500,0.13601,0.21766,0.64633
76.20250,0.49500,0.04522,0.09392,0.86086
76.30250,0.49500,0.15041,0.08934,0.76025
76.40250,0.49500,0.01950,0.00950,0.97101
76.50250,0.49500,0.04777,0.04899,0.90324
76.60250,0.49500,0.02827,0.03691,0.93482
76.70250,0.49500,0.04257,0.01040,0.94704
76.80250,0.49500,0.06600,0.03043,0.90357
76.90250,0.49500,0.05203,0.03330,0.91467
77.00250,0.49500,0.07028,0.02019,0.90952
77.10250,0.49500,0.02640,0.00882,0.96478
77.20250,0.49500,0.03335,0.01507,0.95158
77.30250,0.49500,0.02973,0.00244,0.96783
77.40250,0.49500,0.02405,0.00650,0.96944
77.50250,0.49500,0.03192,0.02075,0.94733
77.60250,0.49500,0.02439,0.00919,0.96642
77.70250,0.49500,0.02828,0.00306,0.96867
77.80250,0.49500,0.02351,0.00620,0.97029
77.90250,0.49500,0.01528,0.00355,0.98117
78.00250,0.49500,0.08088,0.01535,0.90377
78.10250,0.49500,0.03039,0.00775,0.96186
78.20250,0.49500,0.04779,0.00488,0.94733
78.30250,0.49500,0.02056,0.00286,0.97658
78.40250,0.49500,0.04540,0.01369,0.94091
78.50250,0.49500,0.05804,0.00779,0.93416
78.60250,0.49500,0.10002,0.06620,0.83378
78.70250,0.49500,0.09301,0.01643,0.89056
78.80250,0.49500,0.10617,0.01562,0.87821
78.90250,0.49500,0.05250,0.04403,0.90347
79.00250,0.49500,0.01572,0.02401,0.96028
79.10250,0.49500,0.03408,0.03240,0.93353
79.20250,0.49500,0.04369,0.04856,0.90775
79.30250,0.49500,0.07915,0.02245,0.89840
79.40250,0.49500,0.01854,0.00334,0.97812
79.50250,0.49500,0.04128,0.00466,0.95406
79.60250,0.49500,0.02663,0.00888,0.96450
79.70250,0.49500,0.05186,0.02264,0.92550
79.80250,0.49500,0.04592,0.00461,0.94947
79.90250,0.49500,0.06782,0.01796,0.91421
80.00250,0.49500,0.08564,0.02246,0.89190
80.10250,0.49500,0.05278,0.01903,0.92819
80.20250,0.49500,0.03606,0.00423,0.95971
80.30250,0.49500,0.05456,0.01428,0.93116
80.40250,0.49500,0.05008,0.06060,0.88933
80.50250,0.49500,0.06948,0.08116,0.84935
80.60250,0.49500,0.04751,0.05568,0.89681
80.70250,0.49500,0.05516,0.04916,0.89568
80.80250,0.49500,0.08192,0.21479,0.70329
80.90250,0.49500,0.03847,0.03357,0.92796
81.00250,0.49500,0.08132,0.04361,0.87508
81.10250,0.49500,0.03782,0.06642,0.89576
81.20250,0.49500,0.03724,0.08071,0.88205
81.30250,0.49500,0.05387,0.10676,0.83938
81.40250,0.49500,0.02874,0.24367,0.72759
81.50250,0.49500,0.03822,0.10959,0.85219
81.60250,0.49500,0.03733,0.11705,0.84562
81.70250,0.49500,0.02702,0.20892,0.76406
81.80250,0.49500,0.01574,0.09869,0.88557
81.90250,0.49500,0.02480,0.05174,0.92346
82.00250,0.49500,0.03485,0.08514,0.88001
82.10250,0.49500,0.06477,0.04914,0.88609
82.20250,0.49500,0.02330,0.02620,0.95049
82.30250,0.49500,0.03232,0.03351,0.93418
82.40250,0.49500,0.01975,0.15794,0.82231
82.50250,0.49500,0.02587,0.10315,0.87097
82.60250,0.49500,0.04255,0.26335,0.69410
82.70250,0.49500,0.05611,0.21368,0.73021
82.80250,0.49500,0.11016,0.15832,0.73152
82.90250,0.49500,0.05572,0.19804,0.74624
83.00250,0.49500,0.03659,0.05775,0.90566
83.10250,0.49500,0.05860,0.09630,0.84510
83.20250,0.49500,0.02603,0.06704,0.90693
83.30250,0.49500,0.04758,0.09346,0.85896
83.40250,0.49500,0.08699,0.09558,0.81743
83.50250,0.49500,0.04034,0.15054,0.80912
83.60250,0.49500,0.04624,0.07015,0.88361
83.70250,0.49500,0.07214,0.33894,0.58893
83.80250,0.49500,0.07980,0.06111,0.85909
83.90250,0.49500,0.10442,0.08857,0.80700
84.00250,0.49500,0.07237,0.01452,0.91311
84.10250,0.49500,0.04610,0.05741,0.89650
84.20250,0.49500,0.03399,0.02496,0.94105
84.30250,0.49500,0.07344,0.02941,0.89714
84.40250,0.49500,0.05362,0.07054,0.87584
84.50250,0.49500,0.16794,0.07096,0.76110
84.60250,0.49500,0.08367,0.09996,0.81637
84.70250,0.49500,0.05645,0.11479,0.82876
84.80250,0.49500,0.05145,0.21636,0.73219
84.90250,0.49500,0.04375,0.36385,0.59240
85.00250,0.49500,0.03356,0.22610,0.74033
85.10250,0.49500,0.02567,0.58700,0.38733
85.20250,0.49500,0.03507,0.39066,0.57427
85.30250,0.49500,0.03234,0.32099,0.64667
85.40250,0.49500,0.02903,0.28578,0.68519
85.50250,0.49500,0.07786,0.32371,0.59843
85.60250,0.49500,0.06749,0.07636,0.85615
85.70250,0.49500,0.02713,0.02049,0.95237
85.80250,0.49500,0.04831,0.24699,0.70469
85.90250,0.49500,0.08539,0.17846,0.73615
86.00250,0.49500,0.08482,0.10835,0.80682
86.10250,0.49500,0.04081,0.08492,0.87427
86.20250,0.49500,0.02802,0.04499,0.92699
86.30250,0.49500,0.01453,0.10689,0.87857
86.40250,0.49500,0.02232,0.25456,0.72312
86.50250,0.49500,0.03466,0.39396,0.57139
86.60250,0.49500,0.05057,0.34773,0.60170
86.70250,0.49500,0.04567,0.23453,0.71980
86.80250,0.49500,0.10784,0.23781,0.65435
86.90250,0.49500,0.03710,0.07097,0.89192
87.00250,0.49500,0.09943,0.23895,0.66162
87.10250,0.49500,0.02282,0.19877,0.77841
87.20250,0.49500,0.02634,0.15427,0.81939
87.30250,0.49500,0.02786,0.37626,0.59588
87.40250,0.49500,0.03082,0.04971,0.91947
87.50250,0.49500,0.06757,0.01547,0.91696
87.60250,0.49500,0.04608,0.02417,0.92975
87.70250,0.49500,0.03509,0.02452,0.94039
87.80250,0.49500,0.03304,0.00759,0.95937
87.90250,0.49500,0.01469,0.00847,0.97685
88.00250,0.49500,0.03113,0.00973,0.95914
88.10250,0.49500,0.02082,0.00773,0.97144
88.20250,0.49500,0.02106,0.00924,0.96970
88.30250,0.49500,0.02281,0.00957,0.96761
88.40250,0.49500,0.02482,0.01803,0.95716
88.50250,0.49500,0.08242,0.14070,0.77688
88.60250,0.49500,0.09333,0.27326,0.63341
88.70250,0.49500,0.17714,0.38615,0.43671
88.80250,0.49500,0.10933,0.24655,0.64413
88.90250,0.49500,0.12889,0.29892,0.57219
89.00250,0.49500,0.08330,0.10047,0.81623
89.10250,0.49500,0.13280,0.27222,0.59498
89.20250,0.49500,0.06390,0.01972,0.91638
89.30250,0.49500,0.27680,0.18107,0.54214
89.40250,0.49500,0.18900,0.17887,0.63214
89.50250,0.49500,0.18313,0.16738,0.64949
89.60250,0.49500,0.05756,0.37869,0.56375
89.70250,0.49500,0.11188,0.84018,0.04794
89.80250,0.49500,0.12861,0.63996,0.23143
89.90250,0.49500,0.10306,0.78741,0.10953
90.00250,0.49500,0.06477,0.83649,0.09875
90.10250,0.49500,0.03020,0.95112,0.01868
90.20250,0.49500,0.03073,0.92348,0.04579
