Time (seconds), Duration (seconds),pred_(unlabeled),pred_empty_box,pred_table
0.00250,0.49500,0.01732,0.98259,0.00010
0.10250,0.49500,0.01141,0.98857,0.00002
0.20250,0.49500,0.00944,0.99052,0.00004
0.30250,0.49500,0.00278,0.99722,0.00000
0.40250,0.49500,0.00403,0.99597,0.00000
0.50250,0.49500,0.00569,0.99431,0.00000
0.60250,0.49500,0.00434,0.99566,0.00000
0.70250,0.49500,0.00857,0.99143,0.00000
0.80250,0.49500,0.00879,0.99120,0.00001
0.90250,0.49500,0.00363,0.99636,0.00000
1.00250,0.49500,0.00888,0.99108,0.00004
1.10250,0.49500,0.00459,0.99538,0.00003
1.20250,0.49500,0.00559,0.99437,0.00004
1.30250,0.49500,0.00741,0.99254,0.00005
1.40250,0.49500,0.00704,0.99295,0.00001
1.50250,0.49500,0.00643,0.99357,0.00000
1.60250,0.49500,0.01081,0.98919,0.00000
1.70250,0.49500,0.00409,0.99591,0.00000
1.80250,0.49500,0.00412,0.99588,0.00000
1.90250,0.49500,0.00827,0.99173,0.00000
2.00250,0.49500,0.00443,0.99557,0.00000
2.10250,0.49500,0.00612,0.99388,0.00000
2.20250,0.49500,0.00737,0.99263,0.00000
2.30250,0.49500,0.00636,0.99363,0.00000
2.40250,0.49500,0.00842,0.99158,0.00000
2.50250,0.49500,0.00997,0.99003,0.00000
2.60250,0.49500,0.02422,0.97578,0.00000
2.70250,0.49500,0.01577,0.98423,0.00000
2.80250,0.49500,0.00842,0.99157,0.00001
2.90250,0.49500,0.00898,0.99101,0.00001
3.00250,0.49500,0.01116,0.98878,0.00006
3.10250,0.49500,0.01264,0.98729,0.00007
3.20250,0.49500,0.01017,0.98980,0.00002
3.30250,0.49500,0.01710,0.98289,0.00001
3.40250,0.49500,0.01063,0.98935,0.00002
3.50250,0.49500,0.00640,0.99357,0.00003
3.60250,0.49500,0.00677,0.99316,0.00008
3.70250,0.49500,0.00565,0.99432,0.00003
3.80250,0.49500,0.00371,0.99617,0.00012
3.90250,0.49500,0.00452,0.99544,0.00004
4.00250,0.49500,0.00186,0.99807,0.00007
4.10250,0.49500,0.00630,0.99366,0.00005
4.20250,0.49500,0.00277,0.99709,0.00014
4.30250,0.49500,0.00559,0.99440,0.00002
4.40250,0.49500,0.00477,0.99488,0.00035
4.50250,0.49500,0.01702,0.98296,0.00002
4.60250,0.49500,0.01547,0.98447,0.00005
4.70250,0.49500,0.01377,0.98619,0.00004
4.80250,0.49500,0.01664,0.98335,0.00001
4.90250,0.49500,0.00541,0.99458,0.00002
5.00250,0.49500,0.00742,0.99257,0.00001
5.10250,0.49500,0.00369,0.99631,0.00000
5.20250,0.49500,0.00525,0.99474,0.00000
5.30250,0.49500,0.00208,0.99792,0.00000
5.40250,0.49500,0.00398,0.99602,0.00000
5.50250,0.49500,0.00779,0.99219,0.00002
5.60250,0.49500,0.01940,0.98059,0.00001
5.70250,0.49500,0.01365,0.98631,0.00005
5.80250,0.49500,0.03798,0.96196,0.00006
5.90250,0.49500,0.02599,0.97399,0.00001
6.00250,0.49500,0.01776,0.98223,0.00001
6.10250,0.49500,0.02310,0.97684,0.00006
6.20250,0.49500,0.02996,0.97000,0.00003
6.30250,0.49500,0.00534,0.99465,0.00001
6.40250,0.49500,0.01778,0.98220,0.00002
6.50250,0.49500,0.01072,0.98917,0.00011
6.60250,0.49500,0.01116,0.98883,0.00001
6.70250,0.49500,0.03494,0.96484,0.00022
6.80250,0.49500,0.06808,0.93131,0.00061
6.90250,0.49500,0.03148,0.96721,0.00131
7.00250,0.49500,0.03831,0.96086,0.00083
7.10250,0.49500,0.01387,0.98573,0.00040
7.20250,0.49500,0.03547,0.96441,0.00012
7.30250,0.49500,0.01867,0.98129,0.00004
7.40250,0.49500,0.02217,0.97782,0.00001
7.50250,0.49500,0.01163,0.98837,0.00000
7.60250,0.49500,0.01237,0.98762,0.00001
7.70250,0.49500,0.00976,0.99024,0.00000
7.80250,0.49500,0.00602,0.99398,0.00000
7.90250,0.49500,0.00440,0.99560,0.00000
8.00250,0.49500,0.00783,0.99216,0.00001
8.10250,0.49500,0.00552,0.99447,0.00000
8.20250,0.49500,0.02572,0.97422,0.00005
8.30250,0.49500,0.02537,0.97461,0.00002
8.40250,0.49500,0.06210,0.93790,0.00000
8.50250,0.49500,0.02141,0.97858,0.00000
8.60250,0.49500,0.02663,0.97336,0.00000
8.70250,0.49500,0.01074,0.98926,0.00000
8.80250,0.49500,0.01285,0.98715,0.00000
8.90250,0.49500,0.01604,0.98395,0.00000
9.00250,0.49500,0.00694,0.99305,0.00001
9.10250,0.49500,0.01307,0.98689,0.00004
9.20250,0.49500,0.01074,0.98924,0.00002
9.30250,0.49500,0.00856,0.99143,0.00001
9.40250,0.49500,0.00826,0.99170,0.00004
9.50250,0.49500,0.01971,0.98021,0.00008
9.60250,0.49500,0.00969,0.99029,0.00002
9.70250,0.49500,0.02230,0.97769,0.00001
9.80250,0.49500,0.02389,0.97603,0.00008
9.90250,0.49500,0.02028,0.97971,0.00002
10.00250,0.49500,0.00977,0.99022,0.00001
10.10250,0.49500,0.01198,0.98800,0.00001
10.20250,0.49500,0.00317,0.99683,0.00000
10.30250,0.49500,0.00422,0.99577,0.00000
10.40250,0.49500,0.00324,0.99674,0.00001
10.50250,0.49500,0.00279,0.99720,0.00000
10.60250,0.49500,0.00157,0.99843,0.00001
10.70250,0.49500,0.00831,0.99166,0.00003
10.80250,0.49500,0.00464,0.99534,0.00002
10.90250,0.49500,0.00760,0.99238,0.00002
11.00250,0.49500,0.00944,0.99052,0.00004
11.10250,0.49500,0.00258,0.99742,0.00000
11.20250,0.49500,0.00373,0.99627,0.00000
11.30250,0.49500,0.00370,0.99630,0.00000
11.40250,0.49500,0.00310,0.99689,0.00000
11.50250,0.49500,0.00642,0.99358,0.00000
11.60250,0.49500,0.00573,0.99427,0.00000
11.70250,0.49500,0.00798,0.99202,0.00000
11.80250,0.49500,0.00682,0.99318,0.00000
11.90250,0.49500,0.00844,0.99156,0.00000
12.00250,0.49500,0.00649,0.99351,0.00000
12.10250,0.49500,0.00830,0.99170,0.00000
12.20250,0.49500,0.00543,0.99457,0.00000
12.30250,0.49500,0.01303,0.98697,0.00000
12.40250,0.49500,0.01449,0.98551,0.00000
12.50250,0.49500,0.01404,0.98596,0.00000
12.60250,0.49500,0.01791,0.98208,0.00001
12.70250,0.49500,0.00975,0.99025,0.00000
12.80250,0.49500,0.00806,0.99194,0.00000
12.90250,0.49500,0.00404,0.99596,0.00000
13.00250,0.49500,0.01223,0.98776,0.00001
13.10250,0.49500,0.00457,0.99543,0.00000
13.20250,0.49500,0.00703,0.99296,0.00000
13.30250,0.49500,0.01691,0.98308,0.00001
13.40250,0.49500,0.00426,0.99574,0.00000
13.50250,0.49500,0.00254,0.99745,0.00001
13.60250,0.49500,0.00404,0.99595,0.00000
13.70250,0.49500,0.00477,0.99522,0.00001
13.80250,0.49500,0.00414,0.99585,0.00001
13.90250,0.49500,0.01589,0.98407,0.00004
14.00250,0.49500,0.00693,0.99303,0.00004
14.10250,0.49500,0.00824,0.99173,0.00003
14.20250,0.49500,0.00385,0.99611,0.00004
14.30250,0.49500,0.01036,0.98959,0.00005
14.40250,0.49500,0.00543,0.99455,0.00002
14.50250,0.49500,0.00622,0.99376,0.00002
14.60250,0.49500,0.01197,0.98802,0.00002
14.70250,0.49500,0.00253,0.99746,0.00001
14.80250,0.49500,0.00407,0.99592,0.00000
14.90250,0.49500,0.00893,0.99101,0.00006
15.00250,0.49500,0.00647,0.99352,0.00001
15.10250,0.49500,0.01418,0.98579,0.00003
15.20250,0.49500,0.01080,0.98916,0.00004
15.30250,0.49500,0.01452,0.98548,0.00001
15.40250,0.49500,0.01540,0.98457,0.00003
15.50250,0.49500,0.02518,0.97481,0.00001
15.60250,0.49500,0.02550,0.97449,0.00000
15.70250,0.49500,0.01210,0.98789,0.00001
15.80250,0.49500,0.00915,0.99084,0.00002
15.90250,0.49500,0.00534,0.99463,0.00003
16.00250,0.49500,0.00616,0.99368,0.00015
16.10250,0.49500,0.00798,0.99200,0.00002
16.20250,0.49500,0.00783,0.99202,0.00015
16.30250,0.49500,0.02273,0.97717,0.00010
16.40250,0.49500,0.01190,0.98757,0.00054
16.50250,0.49500,0.01982,0.98006,0.00012
16.60250,0.49500,0.01327,0.98667,0.00006
16.70250,0.49500,0.01380,0.98577,0.00043
16.80250,0.49500,0.00501,0.99477,0.00023
16.90250,0.49500,0.00301,0.99681,0.00018
17.00250,0.49500,0.00260,0.99711,0.00030
17.10250,0.49500,0.01447,0.98500,0.00053
17.20250,0.49500,0.05156,0.94829,0.00015
17.30250,0.49500,0.05331,0.94668,0.00001
17.40250,0.49500,0.03185,0.96813,0.00001
17.50250,0.49500,0.02924,0.97066,0.00010
17.60250,0.49500,0.01868,0.98128,0.00003
17.70250,0.49500,0.01671,0.98328,0.00001
17.80250,0.49500,0.02802,0.97160,0.00038
17.90250,0.49500,0.02339,0.97603,0.00058
18.00250,0.49500,0.01100,0.98889,0.00011
18.10250,0.49500,0.01366,0.98605,0.00028
18.20250,0.49500,0.00983,0.98917,0.00100
18.30250,0.49500,0.01946,0.98050,0.00003
18.40250,0.49500,0.04898,0.95070,0.00032
18.50250,0.49500,0.02624,0.97374,0.00002
18.60250,0.49500,0.05201,0.94796,0.00003
18.70250,0.49500,0.00629,0.99371,0.00000
18.80250,0.49500,0.00672,0.99327,0.00001
18.90250,0.49500,0.07086,0.92913,0.00001
19.00250,0.49500,0.11023,0.88959,0.00018
19.10250,0.49500,0.06763,0.93235,0.00001
19.20250,0.49500,0.07452,0.92524,0.00024
19.30250,0.49500,0.01125,0.98867,0.00008
19.40250,0.49500,0.01512,0.98487,0.00001
19.50250,0.49500,0.01448,0.98552,0.00000
19.60250,0.49500,0.02745,0.97253,0.00002
19.70250,0.49500,0.01686,0.98314,0.00000
19.80250,0.49500,0.01050,0.98949,0.00000
19.90250,0.49500,0.01385,0.98614,0.00000
20.00250,0.49500,0.01598,0.98402,0.00000
20.10250,0.49500,0.01199,0.98800,0.00001
20.20250,0.49500,0.07847,0.92138,0.00016
20.30250,0.49500,0.04586,0.95394,0.00020
20.40250,0.49500,0.06460,0.93498,0.00043
20.50250,0.49500,0.13566,0.86358,0.00076
20.60250,0.49500,0.11242,0.88446,0.00312
20.70250,0.49500,0.04669,0.95288,0.00043
20.80250,0.49500,0.02962,0.96853,0.00185
20.90250,0.49500,0.01807,0.98091,0.00101
21.00250,0.49500,0.03166,0.96751,0.00083
21.10250,0.49500,0.00949,0.99039,0.00011
21.20250,0.49500,0.01560,0.98437,0.00002
21.30250,0.49500,0.17679,0.82293,0.00028
21.40250,0.49500,0.13190,0.86809,0.00001
21.50250,0.49500,0.20751,0.79249,0.00001
21.60250,0.49500,0.19017,0.80982,0.00001
21.70250,0.49500,0.07642,0.92350,0.00008
21.80250,0.49500,0.08209,0.91784,0.00006
21.90250,0.49500,0.04379,0.95614,0.00007
22.00250,0.49500,0.04811,0.95174,0.00015
22.10250,0.49500,0.01477,0.98458,0.00065
22.20250,0.49500,0.06498,0.93498,0.00004
22.30250,0.49500,0.27888,0.72028,0.00085
22.40250,0.49500,0.24194,0.75803,0.00002
22.50250,0.49500,0.19120,0.80876,0.00004
22.60250,0.49500,0.05220,0.94770,0.00010
22.70250,0.49500,0.01559,0.98436,0.00005
22.80250,0.49500,0.02265,0.97707,0.00028
22.90250,0.49500,0.05633,0.94361,0.00007
23.00250,0.49500,0.01882,0.98117,0.00001
23.10250,0.49500,0.03312,0.96677,0.00011
23.20250,0.49500,0.05776,0.94145,0.00079
23.30250,0.49500,0.01946,0.98048,0.00006
23.40250,0.49500,0.01809,0.98191,0.00000
23.50250,0.49500,0.03565,0.96430,0.00004
23.60250,0.49500,0.16651,0.83330,0.00019
23.70250,0.49500,0.12277,0.87722,0.00001
23.80250,0.49500,0.03971,0.96029,0.00000
23.90250,0.49500,0.07506,0.92474,0.00020
24.00250,0.49500,0.01080,0.98916,0.00004
24.10250,0.49500,0.03543,0.96453,0.00004
24.20250,0.49500,0.03811,0.96173,0.00017
24.30250,0.49500,0.04224,0.95767,0.00009
24.40250,0.49500,0.03866,0.96125,0.00009
24.50250,0.49500,0.06491,0.93508,0.00001
24.60250,0.49500,0.13452,0.86546,0.00002
24.70250,0.49500,0.07567,0.92430,0.00003
24.80250,0.49500,0.10400,0.89600,0.00001
24.90250,0.49500,0.12076,0.87922,0.00002
25.00250,0.49500,0.03305,0.96689,0.00006
25.10250,0.49500,0.01026,0.98973,0.00001
25.20250,0.49500,0.00724,0.99276,0.00000
25.30250,0.49500,0.01120,0.98874,0.00007
25.40250,0.49500,0.01661,0.98336,0.00003
25.50250,0.49500,0.04398,0.95573,0.00029
25.60250,0.49500,0.04657,0.95335,0.00008
25.70250,0.49500,0.08667,0.91333,0.00000
25.80250,0.49500,0.24117,0.75879,0.00004
25.90250,0.49500,0.15648,0.84346,0.00006
26.00250,0.49500,0.01718,0.98282,0.00000
26.10250,0.49500,0.01319,0.98681,0.00000
26.20250,0.49500,0.02850,0.97149,0.00000
26.30250,0.49500,0.03577,0.96413,0.00010
26.40250,0.49500,0.02072,0.97928,0.00000
26.50250,0.49500,0.00644,0.99347,0.00008
26.60250,0.49500,0.00634,0.99359,0.00007
26.70250,0.49500,0.00276,0.99722,0.00003
26.80250,0.49500,0.00441,0.99549,0.00010
26.90250,0.49500,0.00597,0.99401,0.00002
27.00250,0.49500,0.00319,0.99674,0.00007
27.10250,0.49500,0.00517,0.99482,0.00002
27.20250,0.49500,0.00868,0.99130,0.00001
27.30250,0.49500,0.00710,0.99288,0.00002
27.40250,0.49500,0.01098,0.98901,0.00001
27.50250,0.49500,0.01324,0.98669,0.00007
27.60250,0.49500,0.01470,0.98528,0.00002
27.70250,0.49500,0.08932,0.91067,0.00001
27.80250,0.49500,0.09876,0.90124,0.00000
27.90250,0.49500,0.07893,0.92107,0.00000
28.00250,0.49500,0.09466,0.90531,0.00003
28.10250,0.49500,0.04365,0.95635,0.00000
28.20250,0.49500,0.05412,0.94588,0.00000
28.30250,0.49500,0.17669,0.82331,0.00000
28.40250,0.49500,0.31404,0.68588,0.00008
28.50250,0.49500,0.10922,0.89076,0.00002
28.60250,0.49500,0.01894,0.98106,0.00000
28.70250,0.49500,0.05443,0.94557,0.00000
28.80250,0.49500,0.06814,0.93181,0.00006
28.90250,0.49500,0.06716,0.93193,0.00091
29.00250,0.49500,0.03429,0.96567,0.00003
29.10250,0.49500,0.02081,0.97917,0.00001
29.20250,0.49500,0.09880,0.90097,0.00022
29.30250,0.49500,0.01556,0.98441,0.00003
29.40250,0.49500,0.01659,0.98340,0.00001
29.50250,0.49500,0.01290,0.98709,0.00000
29.60250,0.49500,0.01212,0.98787,0.00001
29.70250,0.49500,0.01354,0.98646,0.00000
29.80250,0.49500,0.00528,0.99472,0.00000
29.90250,0.49500,0.02066,0.97934,0.00000
30.00250,0.49500,0.00824,0.99176,0.00001
30.10250,0.49500,0.01029,0.98968,0.00002
30.20250,0.49500,0.00739,0.99260,0.00001
30.30250,0.49500,0.00630,0.99368,0.00003
30.40250,0.49500,0.01362,0.98638,0.00001
30.50250,0.49500,0.00609,0.99387,0.00003
30.60250,0.49500,0.00713,0.99282,0.00005
30.70250,0.49500,0.00344,0.99635,0.00020
30.80250,0.49500,0.00508,0.99481,0.00011
30.90250,0.49500,0.01178,0.98757,0.00066
31.00250,0.49500,0.01285,0.98680,0.00035
31.10250,0.49500,0.01366,0.98585,0.00048
31.20250,0.49500,0.01241,0.98743,0.00017
31.30250,0.49500,0.00381,0.99617,0.00002
31.40250,0.49500,0.00442,0.99556,0.00002
31.50250,0.49500,0.00599,0.99399,0.00002
31.60250,0.49500,0.00692,0.99307,0.00001
31.70250,0.49500,0.00419,0.99581,0.00000
31.80250,0.49500,0.00971,0.99029,0.00000
31.90250,0.49500,0.04913,0.95086,0.00001
32.00250,0.49500,0.05812,0.94187,0.00000
32.10250,0.49500,0.05860,0.94139,0.00001
32.20250,0.49500,0.05706,0.94294,0.00000
32.30250,0.49500,0.01119,0.98880,0.00000
32.40250,0.49500,0.02243,0.97756,0.00001
32.50250,0.49500,0.03566,0.96433,0.00002
32.60250,0.49500,0.01603,0.98391,0.00007
32.70250,0.49500,0.05678,0.94319,0.00003
32.80250,0.49500,0.03644,0.96350,0.00006
32.90250,0.49500,0.05591,0.94406,0.00003
33.00250,0.49500,0.08889,0.91108,0.00003
33.10250,0.49500,0.04672,0.95322,0.00006
33.20250,0.49500,0.07379,0.92618,0.00002
33.30250,0.49500,0.02221,0.97778,0.00001
33.40250,0.49500,0.01894,0.98106,0.00001
33.50250,0.49500,0.00651,0.99349,0.00000
33.60250,0.49500,0.00894,0.99106,0.00000
33.70250,0.49500,0.00687,0.99312,0.00000
33.80250,0.49500,0.00601,0.99399,0.00000
33.90250,0.49500,0.00537,0.99463,0.00000
34.00250,0.49500,0.00665,0.99335,0.00000
34.10250,0.49500,0.01144,0.98855,0.00000
34.20250,0.49500,0.01433,0.98566,0.00001
34.30250,0.49500,0.01191,0.98809,0.00000
34.40250,0.49500,0.00592,0.99407,0.00001
34.50250,0.49500,0.00811,0.99188,0.00000
34.60250,0.49500,0.00712,0.99288,0.00000
34.70250,0.49500,0.00488,0.99511,0.00000
34.80250,0.49500,0.00448,0.99552,0.00000
34.90250,0.49500,0.00240,0.99759,0.00000
35.00250,0.49500,0.01083,0.98917,0.00000
35.10250,0.49500,0.01459,0.98541,0.00000
35.20250,0.49500,0.02879,0.97121,0.00000
35.30250,0.49500,0.01695,0.98304,0.00001
35.40250,0.49500,0.00813,0.99187,0.00000
35.50250,0.49500,0.00491,0.99507,0.00002
35.60250,0.49500,0.00248,0.99750,0.00001
35.70250,0.49500,0.00299,0.99701,0.00001
35.80250,0.49500,0.00373,0.99626,0.00001
35.90250,0.49500,0.00455,0.99545,0.00000
36.00250,0.49500,0.00824,0.99175,0.00001
36.10250,0.49500,0.01004,0.98996,0.00000
36.20250,0.49500,0.00956,0.99044,0.00000
36.30250,0.49500,0.00685,0.99314,0.00001
36.40250,0.49500,0.00703,0.99297,0.00000
36.50250,0.49500,0.00685,0.99315,0.00000
36.60250,0.49500,0.00311,0.99687,0.00001
36.70250,0.49500,0.00383,0.99614,0.00004
36.80250,0.49500,0.00605,0.99379,0.00017
36.90250,0.49500,0.01572,0.98420,0.00008
37.00250,0.49500,0.02470,0.97523,0.00007
37.10250,0.49500,0.01513,0.98486,0.00001
37.20250,0.49500,0.01898,0.98094,0.00008
37.30250,0.49500,0.02097,0.97902,0.00001
37.40250,0.49500,0.01870,0.98130,0.00000
37.50250,0.49500,0.02443,0.97557,0.00000
37.60250,0.49500,0.00933,0.99067,0.00000
37.70250,0.49500,0.00699,0.99301,0.00000
37.80250,0.49500,0.00868,0.99132,0.00000
37.90250,0.49500,0.01462,0.98538,0.00000
38.00250,0.49500,0.00650,0.99350,0.00000
38.10250,0.49500,0.01266,0.98734,0.00000
38.20250,0.49500,0.01830,0.98170,0.00000
38.30250,0.49500,0.01855,0.98145,0.00000
38.40250,0.49500,0.03387,0.96612,0.00000
38.50250,0.49500,0.02250,0.97750,0.00000
38.60250,0.49500,0.00801,0.99199,0.00000
38.70250,0.49500,0.01996,0.98003,0.00001
38.80250,0.49500,0.00902,0.99097,0.00001
38.90250,0.49500,0.01173,0.98823,0.00004
39.00250,0.49500,0.01165,0.98833,0.00003
39.10250,0.49500,0.01671,0.98311,0.00018
39.20250,0.49500,0.00962,0.99009,0.00029
39.30250,0.49500,0.00935,0.98998,0.00067
39.40250,0.49500,0.00399,0.99586,0.00015
39.50250,0.49500,0.00795,0.99199,0.00006
39.60250,0.49500,0.00562,0.99432,0.00006
39.70250,0.49500,0.00545,0.99449,0.00006
39.80250,0.49500,0.00649,0.99351,0.00000
39.90250,0.49500,0.00676,0.99323,0.00001
40.00250,0.49500,0.00852,0.99145,0.00003
40.10250,0.49500,0.00543,0.99456,0.00001
40.20250,0.49500,0.01048,0.98951,0.00001
40.30250,0.49500,0.00753,0.99247,0.00000
40.40250,0.49500,0.01486,0.98514,0.00000
40.50250,0.49500,0.02166,0.97833,0.00001
40.60250,0.49500,0.02028,0.97971,0.00000
40.70250,0.49500,0.00903,0.99096,0.00001
40.80250,0.49500,0.01197,0.98802,0.00001
40.90250,0.49500,0.01892,0.98107,0.00001
41.00250,0.49500,0.01315,0.98680,0.00005
41.10250,0.49500,0.00832,0.99167,0.00001
41.20250,0.49500,0.04343,0.95652,0.00004
41.30250,0.49500,0.01059,0.98940,0.00001
41.40250,0.49500,0.02091,0.97909,0.00001
41.50250,0.49500,0.03677,0.96320,0.00003
41.60250,0.49500,0.01384,0.98616,0.00000
41.70250,0.49500,0.03637,0.96363,0.00001
41.80250,0.49500,0.01378,0.98622,0.00000
41.90250,0.49500,0.01175,0.98825,0.00000
42.00250,0.49500,0.01219,0.98779,0.00003
42.10250,0.49500,0.01183,0.98815,0.00002
42.20250,0.49500,0.01253,0.98737,0.00010
42.30250,0.49500,0.01013,0.98983,0.00003
42.40250,0.49500,0.00711,0.99281,0.00007
42.50250,0.49500,0.00662,0.99332,0.00006
42.60250,0.49500,0.01066,0.98926,0.00009
42.70250,0.49500,0.00952,0.99046,0.00002
42.80250,0.49500,0.01002,0.98994,0.00004
42.90250,0.49500,0.01273,0.98722,0.00005
43.00250,0.49500,0.01425,0.98574,0.00001
43.10250,0.49500,0.01279,0.98720,0.00001
43.20250,0.49500,0.01377,0.98615,0.00007
43.30250,0.49500,0.01168,0.98831,0.00002
43.40250,0.49500,0.01780,0.98215,0.00005
43.50250,0.49500,0.00725,0.99263,0.00012
43.60250,0.49500,0.01734,0.98088,0.00178
43.70250,0.49500,0.01144,0.98845,0.00011
43.80250,0.49500,0.00595,0.99402,0.00003
43.90250,0.49500,0.00603,0.99396,0.00001
44.00250,0.49500,0.00287,0.99713,0.00000
44.10250,0.49500,0.00466,0.99534,0.00000
44.20250,0.49500,0.00656,0.99343,0.00001
44.30250,0.49500,0.00770,0.99230,0.00000
44.40250,0.49500,0.00577,0.99422,0.00001
44.50250,0.49500,0.00530,0.99466,0.00004
44.60250,0.49500,0.00496,0.99502,0.00002
44.70250,0.49500,0.00447,0.99552,0.00002
44.80250,0.49500,0.01363,0.98635,0.00002
44.90250,0.49500,0.00452,0.99547,0.00000
45.00250,0.49500,0.01076,0.98924,0.00000
45.10250,0.49500,0.00749,0.99250,0.00001
45.20250,0.49500,0.01989,0.98011,0.00000
45.30250,0.49500,0.01784,0.98213,0.00002
45.40250,0.49500,0.00596,0.99404,0.00000
45.50250,0.49500,0.02166,0.97832,0.00002
45.60250,0.49500,0.00871,0.99128,0.00001
45.70250,0.49500,0.02269,0.97730,0.00001
45.80250,0.49500,0.01974,0.98024,0.00003
45.90250,0.49500,0.01143,0.98857,0.00000
46.00250,0.49500,0.02404,0.97596,0.00000
46.10250,0.49500,0.00737,0.99263,0.00000
46.20250,0.49500,0.00681,0.99319,0.00000
46.30250,0.49500,0.00499,0.99501,0.00000
46.40250,0.49500,0.00398,0.99601,0.00000
46.50250,0.49500,0.00745,0.99254,0.00000
46.60250,0.49500,0.00539,0.99458,0.00003
46.70250,0.49500,0.01594,0.98403,0.00002
46.80250,0.49500,0.01319,0.98678,0.00003
46.90250,0.49500,0.01040,0.98956,0.00004
47.00250,0.49500,0.00928,0.99042,0.00029
47.10250,0.49500,0.00660,0.99311,0.00029
47.20250,0.49500,0.00623,0.99373,0.00005
47.30250,0.49500,0.00924,0.99074,0.00002
47.40250,0.49500,0.00718,0.99277,0.00005
47.50250,0.49500,0.00403,0.99596,0.00000
47.60250,0.49500,0.00535,0.99465,0.00001
47.70250,0.49500,0.02265,0.97734,0.00002
47.80250,0.49500,0.23238,0.76756,0.00006
47.90250,0.49500,0.13930,0.86013,0.00057
48.00250,0.49500,0.13340,0.86628,0.00032
48.10250,0.49500,0.02790,0.97132,0.00078
48.20250,0.49500,0.00903,0.99094,0.00003
48.30250,0.49500,0.03578,0.96405,0.00018
48.40250,0.49500,0.04695,0.95301,0.00004
48.50250,0.49500,0.02456,0.97543,0.00000
48.60250,0.49500,0.05874,0.94125,0.00001
48.70250,0.49500,0.04539,0.95450,0.00011
48.80250,0.49500,0.01526,0.98473,0.00001
48.90250,0.49500,0.00401,0.99599,0.00001
49.00250,0.49500,0.01210,0.98790,0.00000
49.10250,0.49500,0.00800,0.99199,0.00000
49.20250,0.49500,0.01560,0.98439,0.00000
49.30250,0.49500,0.01384,0.98616,0.00000
49.40250,0.49500,0.01707,0.98293,0.00000
49.50250,0.49500,0.01608,0.98392,0.00000
49.60250,0.49500,0.00762,0.99238,0.00000
49.70250,0.49500,0.02173,0.97826,0.00000
49.80250,0.49500,0.01214,0.98786,0.00000
49.90250,0.49500,0.00684,0.99316,0.00000
50.00250,0.49500,0.00332,0.99668,0.00000
50.10250,0.49500,0.00303,0.99697,0.00000
50.20250,0.49500,0.00453,0.99547,0.00000
50.30250,0.49500,0.00521,0.99478,0.00000
50.40250,0.49500,0.01905,0.98094,0.00000
50.50250,0.49500,0.01628,0.98372,0.00000
50.60250,0.49500,0.05129,0.94871,0.00000
50.70250,0.49500,0.04363,0.95637,0.00000
50.80250,0.49500,0.06834,0.93166,0.00001
50.90250,0.49500,0.03677,0.96323,0.00000
51.00250,0.49500,0.00567,0.99432,0.00000
51.10250,0.49500,0.00956,0.99043,0.00000
51.20250,0.49500,0.03313,0.96687,0.00000
51.30250,0.49500,0.06036,0.93964,0.00000
51.40250,0.49500,0.09378,0.90622,0.00000
51.50250,0.49500,0.06918,0.93081,0.00000
51.60250,0.49500,0.04352,0.95647,0.00001
51.70250,0.49500,0.06929,0.93069,0.00002
51.80250,0.49500,0.02359,0.97638,0.00003
51.90250,0.49500,0.00746,0.99251,0.00003
52.00250,0.49500,0.00671,0.99309,0.00020
52.10250,0.49500,0.00482,0.99505,0.00013
52.20250,0.49500,0.00479,0.99513,0.00007
52.30250,0.49500,0.00417,0.99581,0.00002
52.40250,0.49500,0.00604,0.99396,0.00000
52.50250,0.49500,0.00739,0.99260,0.00001
52.60250,0.49500,0.00400,0.99599,0.00000
52.70250,0.49500,0.00388,0.99611,0.00000
52.80250,0.49500,0.00338,0.99661,0.00001
52.90250,0.49500,0.00146,0.99853,0.00000
53.00250,0.49500,0.00302,0.99698,0.00000
53.10250,0.49500,0.00170,0.99830,0.00000
53.20250,0.49500,0.00711,0.99289,0.00000
53.30250,0.49500,0.01088,0.98911,0.00001
53.40250,0.49500,0.00496,0.99503,0.00000
53.50250,0.49500,0.01249,0.98750,0.00001
53.60250,0.49500,0.00607,0.99391,0.00002
53.70250,0.49500,0.00587,0.99413,0.00000
53.80250,0.49500,0.00747,0.99253,0.00001
53.90250,0.49500,0.00806,0.99193,0.00000
54.00250,0.49500,0.00494,0.99506,0.00000
54.10250,0.49500,0.00655,0.99345,0.00000
54.20250,0.49500,0.00499,0.99500,0.00000
54.30250,0.49500,0.00181,0.99819,0.00000
54.40250,0.49500,0.00266,0.99733,0.00001
54.50250,0.49500,0.00223,0.99774,0.00003
54.60250,0.49500,0.00280,0.99714,0.00006
54.70250,0.49500,0.00450,0.99540,0.00010
54.80250,0.49500,0.00489,0.99507,0.00004
54.90250,0.49500,0.00640,0.99351,0.00009
55.00250,0.49500,0.00647,0.99349,0.00005
55.10250,0.49500,0.00516,0.99467,0.00016
55.20250,0.49500,0.01305,0.98653,0.00042
55.30250,0.49500,0.00996,0.98878,0.00126
55.40250,0.49500,0.01274,0.98587,0.00140
55.50250,0.49500,0.00677,0.99257,0.00066
55.60250,0.49500,0.03208,0.96693,0.00099
55.70250,0.49500,0.00940,0.98992,0.00068
55.80250,0.49500,0.03349,0.96628,0.00023
55.90250,0.49500,0.02543,0.97447,0.00010
56.00250,0.49500,0.00946,0.99048,0.00006
56.10250,0.49500,0.00414,0.99582,0.00004
56.20250,0.49500,0.00287,0.99712,0.00000
56.30250,0.49500,0.00408,0.99591,0.00000
56.40250,0.49500,0.00420,0.99579,0.00000
56.50250,0.49500,0.00501,0.99499,0.00000
56.60250,0.49500,0.01117,0.98883,0.00000
56.70250,0.49500,0.01093,0.98907,0.00001
56.80250,0.49500,0.00876,0.99124,0.00000
56.90250,0.49500,0.01293,0.98707,0.00000
57.00250,0.49500,0.00557,0.99443,0.00000
57.10250,0.49500,0.00375,0.99625,0.00000
57.20250,0.49500,0.00686,0.99313,0.00000
57.30250,0.49500,0.00560,0.99440,0.00000
57.40250,0.49500,0.01835,0.98165,0.00000
57.50250,0.49500,0.00629,0.99371,0.00001
57.60250,0.49500,0.02371,0.97628,0.00001
57.70250,0.49500,0.01286,0.98714,0.00000
57.80250,0.49500,0.00593,0.99407,0.00000
57.90250,0.49500,0.02935,0.97064,0.00001
58.00250,0.49500,0.00684,0.99316,0.00000
58.10250,0.49500,0.00885,0.99115,0.00001
58.20250,0.49500,0.00264,0.99735,0.00001
58.30250,0.49500,0.00188,0.99812,0.00000
58.40250,0.49500,0.00581,0.99416,0.00003
58.50250,0.49500,0.00326,0.99665,0.00009
58.60250,0.49500,0.00874,0.99114,0.00013
58.70250,0.49500,0.00712,0.99262,0.00026
58.80250,0.49500,0.00702,0.99286,0.00012
58.90250,0.49500,0.00947,0.99041,0.00012
59.00250,0.49500,0.01695,0.98295,0.00010
59.10250,0.49500,0.00501,0.99498,0.00000
59.20250,0.49500,0.01731,0.98268,0.00001
59.30250,0.49500,0.00961,0.99036,0.00003
59.40250,0.49500,0.00922,0.99078,0.00000
59.50250,0.49500,0.00811,0.99189,0.00001
59.60250,0.49500,0.00454,0.99545,0.00001
59.70250,0.49500,0.02214,0.97780,0.00006
59.80250,0.49500,0.01260,0.98739,0.00002
59.90250,0.49500,0.02562,0.97434,0.00004
60.00250,0.49500,0.02411,0.97583,0.00006
60.10250,0.49500,0.00573,0.99425,0.00002
60.20250,0.49500,0.01503,0.98495,0.00002
60.30250,0.49500,0.00455,0.99545,0.00000
60.40250,0.49500,0.01018,0.98981,0.00001
60.50250,0.49500,0.00906,0.99094,0.00000
60.60250,0.49500,0.00731,0.99269,0.00000
60.70250,0.49500,0.01481,0.98519,0.00001
60.80250,0.49500,0.00320,0.99680,0.00000
60.90250,0.49500,0.00249,0.99751,0.00001
61.00250,0.49500,0.01598,0.98402,0.00000
61.10250,0.49500,0.01040,0.98958,0.00002
61.20250,0.49500,0.01631,0.98368,0.00000
61.30250,0.49500,0.01155,0.98839,0.00006
61.40250,0.49500,0.00253,0.99746,0.00001
61.50250,0.49500,0.00402,0.99597,0.00001
61.60250,0.49500,0.00373,0.99626,0.00001
61.70250,0.49500,0.00528,0.99472,0.00000
61.80250,0.49500,0.00387,0.99613,0.00000
61.90250,0.49500,0.00341,0.99658,0.00000
62.00250,0.49500,0.00589,0.99411,0.00000
62.10250,0.49500,0.00967,0.99032,0.00000
62.20250,0.49500,0.01071,0.98929,0.00000
62.30250,0.49500,0.00465,0.99535,0.00000
62.40250,0.49500,0.00628,0.99372,0.00000
62.50250,0.49500,0.01248,0.98752,0.00000
62.60250,0.49500,0.02970,0.97029,0.00001
62.70250,0.49500,0.01090,0.98908,0.00002
62.80250,0.49500,0.01093,0.98901,0.00007
62.90250,0.49500,0.00954,0.99044,0.00001
63.00250,0.49500,0.00562,0.99432,0.00006
63.10250,0.49500,0.00871,0.99119,0.00009
63.20250,0.49500,0.00858,0.99141,0.00000
63.30250,0.49500,0.01419,0.98580,0.00001
63.40250,0.49500,0.03161,0.96839,0.00001
63.50250,0.49500,0.00397,0.99603,0.00000
63.60250,0.49500,0.00515,0.99485,0.00000
63.70250,0.49500,0.00274,0.99726,0.00000
63.80250,0.49500,0.00356,0.99644,0.00000
63.90250,0.49500,0.00479,0.99521,0.00000
64.00250,0.49500,0.00836,0.99164,0.00000
64.10250,0.49500,0.01473,0.98527,0.00000
64.20250,0.49500,0.00841,0.99159,0.00000
64.30250,0.49500,0.03005,0.96994,0.00000
64.40250,0.49500,0.02150,0.97846,0.00003
64.50250,0.49500,0.01021,0.98978,0.00001
64.60250,0.49500,0.00911,0.99063,0.00027
64.70250,0.49500,0.00193,0.99805,0.00003
64.80250,0.49500,0.00135,0.99853,0.00012
64.90250,0.49500,0.00834,0.99163,0.00003
65.00250,0.49500,0.01117,0.98883,0.00001
65.10250,0.49500,0.03835,0.96165,0.00000
65.20250,0.49500,0.04634,0.95366,0.00000
65.30250,0.49500,0.01197,0.98803,0.00000
65.40250,0.49500,0.01976,0.98024,0.00000
65.50250,0.49500,0.02133,0.97867,0.00000
65.60250,0.49500,0.00684,0.99316,0.00000
65.70250,0.49500,0.01064,0.98936,0.00000
65.80250,0.49500,0.02028,0.97972,0.00000
65.90250,0.49500,0.00817,0.99183,0.00000
66.00250,0.49500,0.00822,0.99178,0.00000
66.10250,0.49500,0.01171,0.98829,0.00000
66.20250,0.49500,0.00889,0.99110,0.00001
66.30250,0.49500,0.00834,0.99160,0.00006
66.40250,0.49500,0.01644,0.98324,0.00033
66.50250,0.49500,0.01006,0.98794,0.00200
66.60250,0.49500,0.01303,0.98502,0.00195
66.70250,0.49500,0.01420,0.98244,0.00336
66.80250,0.49500,0.02472,0.93843,0.03685
66.90250,0.49500,0.02063,0.95395,0.02542
67.00250,0.49500,0.02533,0.97322,0.00145
67.10250,0.49500,0.01373,0.98584,0.00043
67.20250,0.49500,0.00607,0.99267,0.00127
67.30250,0.49500,0.00351,0.99648,0.00001
67.40250,0.49500,0.00244,0.99754,0.00003
67.50250,0.49500,0.00156,0.99843,0.00001
67.60250,0.49500,0.01014,0.98984,0.00001
67.70250,0.49500,0.04042,0.95950,0.00008
67.80250,0.49500,0.06138,0.93861,0.00001
67.90250,0.49500,0.27343,0.72657,0.00001
68.00250,0.49500,0.20039,0.79951,0.00010
68.10250,0.49500,0.07293,0.92707,0.00000
68.20250,0.49500,0.05705,0.94295,0.00000
68.30250,0.49500,0.06135,0.93863,0.00002
68.40250,0.49500,0.02993,0.97005,0.00002
68.50250,0.49500,0.04708,0.95291,0.00001
68.60250,0.49500,0.03638,0.96362,0.00000
68.70250,0.49500,0.02857,0.97143,0.00000
68.80250,0.49500,0.04606,0.95393,0.00001
68.90250,0.49500,0.01140,0.98860,0.00000
69.00250,0.49500,0.00787,0.99213,0.00000
69.10250,0.49500,0.04690,0.95309,0.00000
69.20250,0.49500,0.00607,0.99393,0.00000
69.30250,0.49500,0.02288,0.97712,0.00000
69.40250,0.49500,0.01215,0.98785,0.00000
69.50250,0.49500,0.00874,0.99126,0.00000
69.60250,0.49500,0.00377,0.99623,0.00000
69.70250,0.49500,0.00353,0.99647,0.00000
69.80250,0.49500,0.00690,0.99310,0.00000
69.90250,0.49500,0.01002,0.98998,0.00000
70.00250,0.49500,0.00561,0.99439,0.00000
70.10250,0.49500,0.00826,0.99174,0.00000
70.20250,0.49500,0.00361,0.99639,0.00000
70.30250,0.49500,0.00267,0.99733,0.00000
70.40250,0.49500,0.00688,0.99312,0.00000
70.50250,0.49500,0.00491,0.99508,0.00000
70.60250,0.49500,0.00379,0.99621,0.00000
70.70250,0.49500,0.00320,0.99678,0.00001
70.80250,0.49500,0.00296,0.99704,0.00000
70.90250,0.49500,0.00574,0.99424,0.00002
71.00250,0.49500,0.00795,0.99204,0.00000
71.10250,0.49500,0.00937,0.99062,0.00001
71.20250,0.49500,0.00589,0.99410,0.00001
71.30250,0.49500,0.00753,0.99246,0.00001
71.40250,0.49500,0.00466,0.99534,0.00000
71.50250,0.49500,0.00413,0.99586,0.00000
71.60250,0.49500,0.00470,0.99529,0.00001
71.70250,0.49500,0.00505,0.99495,0.00000
71.80250,0.49500,0.00307,0.99693,0.00000
71.90250,0.49500,0.00487,0.99513,0.00000
72.00250,0.49500,0.00689,0.99311,0.00000
72.10250,0.49500,0.00747,0.99253,0.00000
72.20250,0.49500,0.02774,0.97226,0.00000
72.30250,0.49500,0.01571,0.98428,0.00000
72.40250,0.49500,0.00955,0.99045,0.00000
72.50250,0.49500,0.01570,0.98430,0.00000
72.60250,0.49500,0.00909,0.99091,0.00000
72.70250,0.49500,0.00560,0.99440,0.00000
72.80250,0.49500,0.00486,0.99514,0.00000
72.90250,0.49500,0.00451,0.99549,0.00000
73.00250,0.49500,0.00316,0.99684,0.00000
73.10250,0.49500,0.01021,0.98978,0.00000
73.20250,0.49500,0.00687,0.99313,0.00000
73.30250,0.49500,0.00673,0.99327,0.00000
73.40250,0.49500,0.01368,0.98632,0.00000
73.50250,0.49500,0.00444,0.99556,0.00000
73.60250,0.49500,0.01115,0.98885,0.00000
73.70250,0.49500,0.01056,0.98944,0.00000
73.80250,0.49500,0.01537,0.98463,0.00000
73.90250,0.49500,0.01582,0.98418,0.00000
74.00250,0.49500,0.02299,0.97701,0.00000
74.10250,0.49500,0.01751,0.98249,0.00000
74.20250,0.49500,0.01527,0.98473,0.00000
74.30250,0.49500,0.00819,0.99181,0.00000
74.40250,0.49500,0.01008,0.98992,0.00000
74.50250,0.49500,0.01142,0.98858,0.00000
74.60250,0.49500,0.00656,0.99344,0.00000
74.70250,0.49500,0.00762,0.99238,0.00000
74.80250,0.49500,0.00558,0.99442,0.00000
74.90250,0.49500,0.00387,0.99612,0.00001
75.00250,0.49500,0.00337,0.99663,0.00000
75.10250,0.49500,0.00355,0.99643,0.00002
75.20250,0.49500,0.00704,0.99288,0.00009
75.30250,0.49500,0.00378,0.99611,0.00010
75.40250,0.49500,0.00715,0.99256,0.00028
75.50250,0.49500,0.01697,0.98180,0.00123
75.60250,0.49500,0.01063,0.98896,0.00041
75.70250,0.49500,0.00635,0.99350,0.00015
75.80250,0.49500,0.03687,0.96281,0.00032
75.90250,0.49500,0.02322,0.97662,0.00016
76.00250,0.49500,0.04550,0.95433,0.00017
76.10250,0.49500,0.04289,0.95692,0.00019
76.20250,0.49500,0.01187,0.98795,0.00018
76.30250,0.49500,0.01600,0.98398,0.00002
76.40250,0.49500,0.01054,0.98938,0.00008
76.50250,0.49500,0.02104,0.97884,0.00012
76.60250,0.49500,0.01269,0.98720,0.00011
76.70250,0.49500,0.01201,0.98764,0.00035
76.80250,0.49500,0.04738,0.95202,0.00060
76.90250,0.49500,0.01740,0.98221,0.00039
77.00250,0.49500,0.01418,0.98455,0.00127
77.10250,0.49500,0.01202,0.98778,0.00020
77.20250,0.49500,0.00752,0.99004,0.00244
77.30250,0.49500,0.01739,0.98255,0.00006
77.40250,0.49500,0.01774,0.98225,0.00001
77.50250,0.49500,0.01594,0.98406,0.00000
77.60250,0.49500,0.02374,0.97625,0.00000
77.70250,0.49500,0.01367,0.98633,0.00000
77.80250,0.49500,0.00672,0.99328,0.00000
77.90250,0.49500,0.01858,0.98142,0.00000
78.00250,0.49500,0.00730,0.99270,0.00000
78.10250,0.49500,0.01244,0.98756,0.00000
78.20250,0.49500,0.03158,0.96842,0.00000
78.30250,0.49500,0.01175,0.98825,0.00000
78.40250,0.49500,0.01983,0.98017,0.00000
78.50250,0.49500,0.01424,0.98576,0.00000
78.60250,0.49500,0.01111,0.98889,0.00000
78.70250,0.49500,0.01112,0.98888,0.00000
78.80250,0.49500,0.01799,0.98201,0.00000
78.90250,0.49500,0.01100,0.98900,0.00000
79.00250,0.49500,0.02393,0.97607,0.00000
79.10250,0.49500,0.01095,0.98904,0.00000
79.20250,0.49500,0.00509,0.99491,0.00000
79.30250,0.49500,0.00367,0.99633,0.00000
79.40250,0.49500,0.00646,0.99353,0.00000
79.50250,0.49500,0.00944,0.99055,0.00000
79.60250,0.49500,0.01434,0.98566,0.00000
79.70250,0.49500,0.01869,0.98131,0.00000
79.80250,0.49500,0.00938,0.99062,0.00000
79.90250,0.49500,0.00538,0.99462,0.00000
80.00250,0.49500,0.00650,0.99350,0.00000
80.10250,0.49500,0.00732,0.99268,0.00000
80.20250,0.49500,0.00372,0.99628,0.00000
80.30250,0.49500,0.00945,0.99055,0.00000
80.40250,0.49500,0.00912,0.99088,0.00000
80.50250,0.49500,0.00708,0.99292,0.00000
80.60250,0.49500,0.00390,0.99609,0.00000
80.70250,0.49500,0.00833,0.99167,0.00000
80.80250,0.49500,0.00360,0.99640,0.00000
80.90250,0.49500,0.00698,0.99302,0.00000
81.00250,0.49500,0.00754,0.99245,0.00000
81.10250,0.49500,0.00798,0.99202,0.00000
81.20250,0.49500,0.01920,0.98080,0.00000
81.30250,0.49500,0.02371,0.97629,0.00000
81.40250,0.49500,0.03538,0.96460,0.00002
81.50250,0.49500,0.02648,0.97352,0.00000
81.60250,0.49500,0.01408,0.98589,0.00003
81.70250,0.49500,0.03439,0.96472,0.00090
81.80250,0.49500,0.04619,0.95350,0.00030
81.90250,0.49500,0.30993,0.68676,0.00331
82.00250,0.49500,0.29896,0.70102,0.00002
82.10250,0.49500,0.79453,0.20439,0.00108
82.20250,0.49500,0.48473,0.51080,0.00447
82.30250,0.49500,0.21417,0.78563,0.00020
82.40250,0.49500,0.18229,0.81723,0.00048
82.50250,0.49500,0.36050,0.63826,0.00124
82.60250,0.49500,0.25323,0.72416,0.02262
82.70250,0.49500,0.09416,0.90576,0.00008
82.80250,0.49500,0.24306,0.75538,0.00156
82.90250,0.49500,0.13183,0.86775,0.00042
83.00250,0.49500,0.08256,0.91743,0.00001
83.10250,0.49500,0.18799,0.81200,0.00001
83.20250,0.49500,0.25124,0.74613,0.00263
83.30250,0.49500,0.03330,0.96661,0.00010
83.40250,0.49500,0.27258,0.72742,0.00000
83.50250,0.49500,0.15386,0.84614,0.00001
83.60250,0.49500,0.05512,0.94479,0.00009
83.70250,0.49500,0.04258,0.95737,0.00006
83.80250,0.49500,0.01814,0.98170,0.00016
83.90250,0.49500,0.02391,0.97604,0.00005
84.00250,0.49500,0.02329,0.97668,0.00004
84.10250,0.49500,0.01199,0.98798,0.00003
84.20250,0.49500,0.01287,0.98709,0.00004
84.30250,0.49500,0.00612,0.99384,0.00005
84.40250,0.49500,0.00948,0.99035,0.00017
84.50250,0.49500,0.01289,0.98634,0.00077
84.60250,0.49500,0.01010,0.98943,0.00047
84.70250,0.49500,0.00917,0.99054,0.00028
84.80250,0.49500,0.00900,0.98967,0.00133
84.90250,0.49500,0.01172,0.98795,0.00033
85.00250,0.49500,0.02774,0.97103,0.00123
85.10250,0.49500,0.02929,0.97014,0.00057
85.20250,0.49500,0.01232,0.98710,0.00059
85.30250,0.49500,0.01970,0.98007,0.00024
85.40250,0.49500,0.00730,0.99114,0.00156
85.50250,0.49500,0.00415,0.99567,0.00018
85.60250,0.49500,0.01132,0.98846,0.00022
85.70250,0.49500,0.02908,0.97074,0.00018
85.80250,0.49500,0.04325,0.95661,0.00013
85.90250,0.49500,0.13941,0.86057,0.00002
86.00250,0.49500,0.14810,0.85025,0.00165
86.10250,0.49500,0.12533,0.87447,0.00019
86.20250,0.49500,0.08164,0.91764,0.00072
86.30250,0.49500,0.01436,0.98538,0.00026
86.40250,0.49500,0.07156,0.92694,0.00150
86.50250,0.49500,0.06389,0.93463,0.00148
86.60250,0.49500,0.08239,0.91743,0.00018
86.70250,0.49500,0.02952,0.97008,0.00039
86.80250,0.49500,0.01553,0.98444,0.00003
86.90250,0.49500,0.00867,0.99132,0.00001
87.00250,0.49500,0.02157,0.97804,0.00039
87.10250,0.49500,0.01085,0.98871,0.00044
87.20250,0.49500,0.01660,0.98336,0.00004
87.30250,0.49500,0.03149,0.96844,0.00007
87.40250,0.49500,0.02670,0.97323,0.00007
87.50250,0.49500,0.01157,0.98843,0.00000
87.60250,0.49500,0.00691,0.99298,0.00012
87.70250,0.49500,0.00177,0.99817,0.00005
87.80250,0.49500,0.00117,0.99878,0.00005
87.90250,0.49500,0.00441,0.99542,0.00017
88.00250,0.49500,0.00652,0.99339,0.00009
88.10250,0.49500,0.00876,0.99119,0.00004
88.20250,0.49500,0.01650,0.98338,0.00013
88.30250,0.49500,0.02893,0.97077,0.00030
88.40250,0.49500,0.01016,0.98979,0.00005
88.50250,0.49500,0.00603,0.99397,0.00001
88.60250,0.49500,0.01563,0.98428,0.00008
88.70250,0.49500,0.00666,0.99333,0.00001
88.80250,0.49500,0.00719,0.99280,0.00001
88.90250,0.49500,0.01225,0.98772,0.00003
89.00250,0.49500,0.01243,0.98753,0.00004
89.10250,0.49500,0.01048,0.98948,0.00004
89.20250,0.49500,0.01653,0.98346,0.00001
89.30250,0.49500,0.01472,0.98525,0.00003
89.40250,0.49500,0.00503,0.99495,0.00002
89.50250,0.49500,0.00426,0.99573,0.00001
89.60250,0.49500,0.00541,0.99455,0.00004
89.70250,0.49500,0.00641,0.99353,0.00006
