Time (seconds), Duration (seconds),pred_(unlabeled),pred_empty_box,pred_table
0.00250,0.49500,0.00492,0.99294,0.00214
0.10250,0.49500,0.00744,0.99146,0.00110
0.20250,0.49500,0.00885,0.98850,0.00265
0.30250,0.49500,0.01900,0.98023,0.00078
0.40250,0.49500,0.01738,0.98072,0.00190
0.50250,0.49500,0.03345,0.96586,0.00070
0.60250,0.49500,0.02440,0.97392,0.00168
0.70250,0.49500,0.01669,0.98242,0.00089
0.80250,0.49500,0.02024,0.97570,0.00406
0.90250,0.49500,0.02028,0.97889,0.00084
1.00250,0.49500,0.01111,0.98676,0.00214
1.10250,0.49500,0.02204,0.97733,0.00063
1.20250,0.49500,0.00676,0.99213,0.00111
1.30250,0.49500,0.01241,0.98688,0.00071
1.40250,0.49500,0.00607,0.99135,0.00258
1.50250,0.49500,0.00988,0.98879,0.00133
1.60250,0.49500,0.01380,0.98440,0.00180
1.70250,0.49500,0.02513,0.97266,0.00221
1.80250,0.49500,0.02736,0.97192,0.00072
1.90250,0.49500,0.01883,0.97940,0.00177
2.00250,0.49500,0.01556,0.98163,0.00281
2.10250,0.49500,0.01813,0.97945,0.00241
2.20250,0.49500,0.00693,0.99103,0.00203
2.30250,0.49500,0.00803,0.99075,0.00122
2.40250,0.49500,0.00633,0.99258,0.00109
2.50250,0.49500,0.00537,0.99396,0.00066
2.60250,0.49500,0.01962,0.97901,0.00136
2.70250,0.49500,0.01825,0.97955,0.00220
2.80250,0.49500,0.01618,0.98310,0.00072
2.90250,0.49500,0.01221,0.98671,0.00108
3.00250,0.49500,0.00398,0.99554,0.00048
3.10250,0.49500,0.00528,0.99217,0.00256
3.20250,0.49500,0.01363,0.98482,0.00155
3.30250,0.49500,0.01894,0.98008,0.00098
3.40250,0.49500,0.03570,0.96265,0.00165
3.50250,0.49500,0.03715,0.96078,0.00207
3.60250,0.49500,0.03324,0.96437,0.00239
3.70250,0.49500,0.04484,0.95352,0.00164
3.80250,0.49500,0.02844,0.97038,0.00118
3.90250,0.49500,0.01780,0.98112,0.00109
4.00250,0.49500,0.03499,0.96122,0.00379
4.10250,0.49500,0.00942,0.98903,0.00154
4.20250,0.49500,0.00534,0.99327,0.00139
4.30250,0.49500,0.00347,0.99530,0.00124
4.40250,0.49500,0.01270,0.98644,0.00086
4.50250,0.49500,0.04083,0.95794,0.00122
4.60250,0.49500,0.04704,0.95128,0.00168
4.70250,0.49500,0.08120,0.91503,0.00377
4.80250,0.49500,0.00442,0.99505,0.00053
4.90250,0.49500,0.00749,0.99176,0.00075
5.00250,0.49500,0.01411,0.98307,0.00282
5.10250,0.49500,0.01211,0.98655,0.00133
5.20250,0.49500,0.00749,0.99147,0.00103
5.30250,0.49500,0.00322,0.99581,0.00097
5.40250,0.49500,0.00605,0.99331,0.00064
5.50250,0.49500,0.00750,0.99122,0.00128
5.60250,0.49500,0.01131,0.98703,0.00166
5.70250,0.49500,0.01586,0.98231,0.00182
5.80250,0.49500,0.00842,0.99049,0.00109
5.90250,0.49500,0.01262,0.98589,0.00149
6.00250,0.49500,0.01646,0.98268,0.00086
6.10250,0.49500,0.02350,0.97399,0.00251
6.20250,0.49500,0.05527,0.94299,0.00175
6.30250,0.49500,0.04413,0.95142,0.00445
6.40250,0.49500,0.10598,0.89140,0.00262
6.50250,0.49500,0.04053,0.95678,0.00269
6.60250,0.49500,0.02937,0.96982,0.00081
6.70250,0.49500,0.01047,0.98522,0.00432
6.80250,0.49500,0.05008,0.94778,0.00214
6.90250,0.49500,0.01409,0.98394,0.00196
7.00250,0.49500,0.01482,0.98320,0.00197
7.10250,0.49500,0.00538,0.99273,0.00189
7.20250,0.49500,0.00295,0.99530,0.00175
7.30250,0.49500,0.00835,0.99025,0.00140
7.40250,0.49500,0.00724,0.98811,0.00465
7.50250,0.49500,0.01000,0.98734,0.00266
7.60250,0.49500,0.01209,0.98620,0.00171
7.70250,0.49500,0.00639,0.99171,0.00190
7.80250,0.49500,0.00519,0.99276,0.00205
7.90250,0.49500,0.00437,0.99406,0.00157
8.00250,0.49500,0.00398,0.99405,0.00197
8.10250,0.49500,0.00643,0.99224,0.00134
8.20250,0.49500,0.00350,0.99592,0.00058
8.30250,0.49500,0.01174,0.98730,0.00096
8.40250,0.49500,0.01687,0.98105,0.00208
8.50250,0.49500,0.00938,0.98965,0.00097
8.60250,0.49500,0.00652,0.99315,0.00033
8.70250,0.49500,0.00385,0.99487,0.00128
8.80250,0.49500,0.00546,0.99384,0.00070
8.90250,0.49500,0.01436,0.98384,0.00180
9.00250,0.49500,0.02649,0.97247,0.00105
9.10250,0.49500,0.03468,0.96439,0.00094
9.20250,0.49500,0.06030,0.93543,0.00427
9.30250,0.49500,0.03935,0.95955,0.00109
9.40250,0.49500,0.01620,0.98180,0.00201
9.50250,0.49500,0.01035,0.98892,0.00073
9.60250,0.49500,0.00905,0.98882,0.00213
9.70250,0.49500,0.00819,0.99044,0.00137
9.80250,0.49500,0.01499,0.98107,0.00394
9.90250,0.49500,0.01317,0.98606,0.00077
10.00250,0.49500,0.00721,0.98978,0.00301
10.10250,0.49500,0.01652,0.98148,0.00200
10.20250,0.49500,0.01060,0.98774,0.00165
10.30250,0.49500,0.04214,0.95458,0.00329
10.40250,0.49500,0.02278,0.97573,0.00149
10.50250,0.49500,0.02151,0.97574,0.00275
10.60250,0.49500,0.01036,0.98882,0.00082
10.70250,0.49500,0.00740,0.99178,0.00082
10.80250,0.49500,0.00865,0.98950,0.00186
10.90250,0.49500,0.00473,0.99410,0.00118
11.00250,0.49500,0.00421,0.99383,0.00196
11.10250,0.49500,0.00261,0.99602,0.00137
11.20250,0.49500,0.00355,0.99461,0.00184
11.30250,0.49500,0.00508,0.99221,0.00271
11.40250,0.49500,0.00597,0.99199,0.00204
11.50250,0.49500,0.02124,0.97707,0.00169
11.60250,0.49500,0.05288,0.94485,0.00227
11.70250,0.49500,0.06959,0.92759,0.00282
11.80250,0.49500,0.05145,0.94387,0.00467
11.90250,0.49500,0.03548,0.96236,0.00216
12.00250,0.49500,0.00584,0.99268,0.00148
12.10250,0.49500,0.00445,0.99452,0.00103
12.20250,0.49500,0.01166,0.98544,0.00290
12.30250,0.49500,0.01134,0.98719,0.00147
12.40250,0.49500,0.01320,0.98581,0.00099
12.50250,0.49500,0.06262,0.93034,0.00704
12.60250,0.49500,0.02262,0.97513,0.00225
12.70250,0.49500,0.02129,0.97703,0.00168
12.80250,0.49500,0.01232,0.98408,0.00360
12.90250,0.49500,0.01404,0.98525,0.00071
13.00250,0.49500,0.01155,0.98554,0.00291
13.10250,0.49500,0.02253,0.97595,0.00152
13.20250,0.49500,0.00687,0.99091,0.00221
13.30250,0.49500,0.01194,0.98714,0.00093
13.40250,0.49500,0.00813,0.98983,0.00204
13.50250,0.49500,0.00851,0.99024,0.00124
13.60250,0.49500,0.02506,0.97240,0.00254
13.70250,0.49500,0.03825,0.96074,0.00101
13.80250,0.49500,0.03663,0.96065,0.00272
13.90250,0.49500,0.02473,0.97455,0.00072
14.00250,0.49500,0.01392,0.98376,0.00232
14.10250,0.49500,0.01639,0.98258,0.00103
14.20250,0.49500,0.01878,0.97990,0.00132
14.30250,0.49500,0.01807,0.98062,0.00132
14.40250,0.49500,0.04276,0.95539,0.00184
14.50250,0.49500,0.04862,0.94885,0.00253
14.60250,0.49500,0.03368,0.96444,0.00189
14.70250,0.49500,0.08080,0.91684,0.00236
14.80250,0.49500,0.00748,0.99125,0.00127
14.90250,0.49500,0.00527,0.99351,0.00122
15.00250,0.49500,0.00674,0.99115,0.00211
15.10250,0.49500,0.00851,0.99053,0.00096
15.20250,0.49500,0.00749,0.98981,0.00270
15.30250,0.49500,0.00824,0.99036,0.00140
15.40250,0.49500,0.00530,0.99236,0.00233
15.50250,0.49500,0.00771,0.99130,0.00099
15.60250,0.49500,0.00389,0.99421,0.00190
15.70250,0.49500,0.00903,0.98934,0.00162
15.80250,0.49500,0.00708,0.99118,0.00175
15.90250,0.49500,0.00453,0.99415,0.00132
16.00250,0.49500,0.00513,0.99322,0.00166
16.10250,0.49500,0.00492,0.99292,0.00216
16.20250,0.49500,0.00250,0.99618,0.00132
16.30250,0.49500,0.01192,0.98528,0.00280
16.40250,0.49500,0.00935,0.98963,0.00102
16.50250,0.49500,0.01759,0.98090,0.00150
16.60250,0.49500,0.02474,0.97397,0.00129
16.70250,0.49500,0.01627,0.98164,0.00210
16.80250,0.49500,0.04619,0.95097,0.00283
16.90250,0.49500,0.07109,0.92573,0.00318
17.00250,0.49500,0.03477,0.96373,0.00150
17.10250,0.49500,0.02234,0.97552,0.00214
17.20250,0.49500,0.02205,0.97546,0.00249
17.30250,0.49500,0.11250,0.88565,0.00185
17.40250,0.49500,0.07979,0.91663,0.00358
17.50250,0.49500,0.13997,0.85517,0.00486
17.60250,0.49500,0.02317,0.97238,0.00445
17.70250,0.49500,0.01326,0.98398,0.00277
17.80250,0.49500,0.02681,0.97134,0.00185
17.90250,0.49500,0.02137,0.97674,0.00189
18.00250,0.49500,0.04038,0.95906,0.00056
18.10250,0.49500,0.02871,0.96922,0.00207
18.20250,0.49500,0.02397,0.97446,0.00157
18.30250,0.49500,0.04754,0.95143,0.00103
18.40250,0.49500,0.01653,0.98204,0.00143
18.50250,0.49500,0.01063,0.98750,0.00186
18.60250,0.49500,0.00840,0.99016,0.00144
18.70250,0.49500,0.00921,0.99016,0.00064
18.80250,0.49500,0.01990,0.97904,0.00106
18.90250,0.49500,0.02863,0.97099,0.00038
19.00250,0.49500,0.01856,0.98013,0.00131
19.10250,0.49500,0.01199,0.98714,0.00087
19.20250,0.49500,0.01687,0.98199,0.00114
19.30250,0.49500,0.00976,0.98958,0.00067
19.40250,0.49500,0.00828,0.99085,0.00086
19.50250,0.49500,0.02503,0.97377,0.00120
19.60250,0.49500,0.02116,0.97821,0.00063
19.70250,0.49500,0.05462,0.94470,0.00069
19.80250,0.49500,0.08970,0.90968,0.00062
19.90250,0.49500,0.08467,0.91485,0.00048
20.00250,0.49500,0.08116,0.91532,0.00352
20.10250,0.49500,0.01836,0.98124,0.00040
20.20250,0.49500,0.00379,0.99529,0.00093
20.30250,0.49500,0.00875,0.98879,0.00246
20.40250,0.49500,0.02962,0.96755,0.00284
20.50250,0.49500,0.07706,0.91966,0.00328
20.60250,0.49500,0.12315,0.87665,0.00019
20.70250,0.49500,0.39709,0.60249,0.00042
20.80250,0.49500,0.71272,0.28708,0.00020
20.90250,0.49500,0.99694,0.00306,0.00000
21.00250,0.49500,0.99947,0.00053,0.00000
21.10250,0.49500,0.99950,0.00050,0.00000
21.20250,0.49500,0.99750,0.00248,0.00002
21.30250,0.49500,0.96405,0.03576,0.00019
21.40250,0.49500,0.60605,0.39094,0.00301
21.50250,0.49500,0.75150,0.15215,0.09635
21.60250,0.49500,0.46147,0.53826,0.00027
21.70250,0.49500,0.57416,0.42567,0.00017
21.80250,0.49500,0.93268,0.06731,0.00001
21.90250,0.49500,0.98968,0.01030,0.00002
22.00250,0.49500,0.98440,0.01486,0.00074
22.10250,0.49500,0.98402,0.01231,0.00367
22.20250,0.49500,0.98123,0.01055,0.00821
22.30250,0.49500,0.55908,0.13916,0.30176
22.40250,0.49500,0.26627,0.25090,0.48282
22.50250,0.49500,0.07772,0.40127,0.52101
22.60250,0.49500,0.01738,0.32578,0.65684
22.70250,0.49500,0.02563,0.37852,0.59585
22.80250,0.49500,0.07887,0.32300,0.59813
22.90250,0.49500,0.08569,0.56872,0.34559
23.00250,0.49500,0.16949,0.58676,0.24375
23.10250,0.49500,0.07284,0.59761,0.32954
23.20250,0.49500,0.12495,0.52654,0.34851
23.30250,0.49500,0.12771,0.56260,0.30969
23.40250,0.49500,0.04468,0.70426,0.25106
23.50250,0.49500,0.01559,0.66540,0.31901
23.60250,0.49500,0.00663,0.96487,0.02850
23.70250,0.49500,0.01058,0.76265,0.22677
23.80250,0.49500,0.02210,0.76441,0.21349
23.90250,0.49500,0.05886,0.68588,0.25526
24.00250,0.49500,0.03788,0.41685,0.54526
24.10250,0.49500,0.02926,0.84129,0.12945
24.20250,0.49500,0.01684,0.81257,0.17060
24.30250,0.49500,0.01820,0.34837,0.63343
24.40250,0.49500,0.03025,0.39733,0.57242
24.50250,0.49500,0.01804,0.53970,0.44226
24.60250,0.49500,0.01828,0.90813,0.07358
24.70250,0.49500,0.15841,0.33807,0.50353
24.80250,0.49500,0.10110,0.47048,0.42842
24.90250,0.49500,0.14578,0.51176,0.34246
25.00250,0.49500,0.02921,0.33951,0.63128
25.10250,0.49500,0.01943,0.59252,0.38805
25.20250,0.49500,0.03041,0.21063,0.75896
25.30250,0.49500,0.05709,0.44265,0.50026
25.40250,0.49500,0.07716,0.45499,0.46785
25.50250,0.49500,0.07289,0.37030,0.55680
25.60250,0.49500,0.03184,0.59922,0.36893
25.70250,0.49500,0.02938,0.42414,0.54648
25.80250,0.49500,0.01819,0.49600,0.48581
25.90250,0.49500,0.01332,0.77219,0.21449
26.00250,0.49500,0.02153,0.32885,0.64962
26.10250,0.49500,0.01560,0.42941,0.55500
26.20250,0.49500,0.01898,0.66648,0.31453
26.30250,0.49500,0.01801,0.29468,0.68732
26.40250,0.49500,0.02728,0.38153,0.59119
26.50250,0.49500,0.03416,0.65253,0.31331
26.60250,0.49500,0.01778,0.40598,0.57624
26.70250,0.49500,0.04253,0.68122,0.27625
26.80250,0.49500,0.03206,0.76824,0.19970
26.90250,0.49500,0.02592,0.65882,0.31527
27.00250,0.49500,0.02279,0.81425,0.16296
27.10250,0.49500,0.00991,0.72868,0.26141
27.20250,0.49500,0.00952,0.69502,0.29546
27.30250,0.49500,0.03300,0.85433,0.11266
27.40250,0.49500,0.07656,0.61076,0.31268
27.50250,0.49500,0.07263,0.59405,0.33332
27.60250,0.49500,0.17542,0.40993,0.41465
27.70250,0.49500,0.05093,0.48322,0.46585
27.80250,0.49500,0.03927,0.73589,0.22484
27.90250,0.49500,0.02496,0.67988,0.29516
28.00250,0.49500,0.01363,0.67401,0.31236
28.10250,0.49500,0.01064,0.88341,0.10596
28.20250,0.49500,0.02249,0.74059,0.23693
28.30250,0.49500,0.06131,0.65563,0.28306
28.40250,0.49500,0.06212,0.53167,0.40622
28.50250,0.49500,0.05256,0.79048,0.15696
28.60250,0.49500,0.04300,0.33909,0.61791
28.70250,0.49500,0.00457,0.40521,0.59022
28.80250,0.49500,0.02023,0.36051,0.61927
28.90250,0.49500,0.04679,0.50616,0.44705
29.00250,0.49500,0.03507,0.59826,0.36667
29.10250,0.49500,0.07407,0.25762,0.66832
29.20250,0.49500,0.01278,0.69314,0.29408
29.30250,0.49500,0.02806,0.38216,0.58978
29.40250,0.49500,0.06151,0.57320,0.36528
29.50250,0.49500,0.14142,0.24078,0.61781
29.60250,0.49500,0.10912,0.46513,0.42575
29.70250,0.49500,0.07919,0.50484,0.41598
29.80250,0.49500,0.04273,0.88272,0.07455
29.90250,0.49500,0.00889,0.83111,0.16000
30.00250,0.49500,0.01505,0.82502,0.15993
30.10250,0.49500,0.03474,0.76268,0.20258
30.20250,0.49500,0.02209,0.76714,0.21077
30.30250,0.49500,0.02480,0.80973,0.16547
30.40250,0.49500,0.03928,0.72970,0.23102
30.50250,0.49500,0.01591,0.89609,0.08800
30.60250,0.49500,0.00720,0.94081,0.05200
30.70250,0.49500,0.01808,0.46972,0.51220
30.80250,0.49500,0.06224,0.63084,0.30692
30.90250,0.49500,0.09249,0.62789,0.27963
31.00250,0.49500,0.04064,0.21274,0.74661
31.10250,0.49500,0.03261,0.67501,0.29238
31.20250,0.49500,0.01934,0.35523,0.62543
31.30250,0.49500,0.03546,0.80842,0.15612
31.40250,0.49500,0.07887,0.54785,0.37328
31.50250,0.49500,0.10037,0.71346,0.18617
31.60250,0.49500,0.14355,0.46422,0.39224
31.70250,0.49500,0.11550,0.41214,0.47237
31.80250,0.49500,0.05446,0.66124,0.28430
31.90250,0.49500,0.02942,0.74076,0.22982
32.00250,0.49500,0.00717,0.64566,0.34717
32.10250,0.49500,0.00742,0.85820,0.13437
32.20250,0.49500,0.00414,0.87350,0.12236
32.30250,0.49500,0.00922,0.74937,0.24141
32.40250,0.49500,0.01737,0.63774,0.34489
32.50250,0.49500,0.05327,0.54024,0.40648
32.60250,0.49500,0.10087,0.55648,0.34266
32.70250,0.49500,0.02050,0.72382,0.25568
32.80250,0.49500,0.01932,0.54023,0.44045
32.90250,0.49500,0.01231,0.58948,0.39821
33.00250,0.49500,0.01614,0.75639,0.22746
33.10250,0.49500,0.01259,0.78671,0.20070
33.20250,0.49500,0.04760,0.66197,0.29043
33.30250,0.49500,0.03596,0.59097,0.37307
33.40250,0.49500,0.02473,0.57912,0.39615
33.50250,0.49500,0.02058,0.78518,0.19424
33.60250,0.49500,0.02413,0.29802,0.67786
33.70250,0.49500,0.01111,0.64951,0.33938
33.80250,0.49500,0.02134,0.40895,0.56971
33.90250,0.49500,0.03001,0.44796,0.52203
34.00250,0.49500,0.01903,0.70707,0.27390
34.10250,0.49500,0.07498,0.28817,0.63686
34.20250,0.49500,0.08556,0.58368,0.33076
34.30250,0.49500,0.10263,0.67941,0.21796
34.40250,0.49500,0.11649,0.38896,0.49454
34.50250,0.49500,0.07097,0.45342,0.47560
34.60250,0.49500,0.06913,0.44191,0.48896
34.70250,0.49500,0.05644,0.34511,0.59844
34.80250,0.49500,0.02527,0.76006,0.21466
34.90250,0.49500,0.01493,0.30544,0.67963
35.00250,0.49500,0.01681,0.45640,0.52679
35.10250,0.49500,0.00672,0.63806,0.35522
35.20250,0.49500,0.01248,0.42643,0.56109
35.30250,0.49500,0.00363,0.59491,0.40146
35.40250,0.49500,0.00849,0.62593,0.36558
35.50250,0.49500,0.00798,0.36528,0.62674
35.60250,0.49500,0.01421,0.57461,0.41118
35.70250,0.49500,0.03123,0.34398,0.62479
35.80250,0.49500,0.06133,0.43894,0.49973
35.90250,0.49500,0.05030,0.61040,0.33930
36.00250,0.49500,0.06854,0.38815,0.54330
36.10250,0.49500,0.03538,0.71552,0.24911
36.20250,0.49500,0.02720,0.47270,0.50009
36.30250,0.49500,0.00606,0.31535,0.67859
36.40250,0.49500,0.02372,0.56302,0.41327
36.50250,0.49500,0.01740,0.72468,0.25791
36.60250,0.49500,0.03255,0.56371,0.40374
36.70250,0.49500,0.01600,0.61225,0.37175
36.80250,0.49500,0.01020,0.24280,0.74700
36.90250,0.49500,0.01263,0.85746,0.12991
37.00250,0.49500,0.03312,0.61589,0.35099
37.10250,0.49500,0.05435,0.54534,0.40030
37.20250,0.49500,0.02988,0.60868,0.36144
37.30250,0.49500,0.04067,0.63015,0.32918
37.40250,0.49500,0.01095,0.89770,0.09134
37.50250,0.49500,0.00499,0.90843,0.08658
37.60250,0.49500,0.09166,0.78122,0.12712
37.70250,0.49500,0.19131,0.42004,0.38865
37.80250,0.49500,0.27841,0.47463,0.24696
37.90250,0.49500,0.36080,0.34352,0.29568
38.00250,0.49500,0.20925,0.50705,0.28370
38.10250,0.49500,0.21655,0.53530,0.24815
38.20250,0.49500,0.75472,0.10991,0.13537
38.30250,0.49500,0.54821,0.12912,0.32267
38.40250,0.49500,0.95786,0.04052,0.00162
38.50250,0.49500,0.99173,0.00661,0.00166
38.60250,0.49500,0.96281,0.03511,0.00209
38.70250,0.49500,0.99855,0.00117,0.00028
38.80250,0.49500,0.99072,0.00906,0.00021
38.90250,0.49500,0.98161,0.01789,0.00050
39.00250,0.49500,0.81173,0.18825,0.00002
39.10250,0.49500,0.91030,0.08915,0.00055
39.20250,0.49500,0.99770,0.00230,0.00000
39.30250,0.49500,0.99599,0.00401,0.00000
39.40250,0.49500,0.99988,0.00012,0.00000
39.50250,0.49500,1.00000,0.00000,0.00000
39.60250,0.49500,1.00000,0.00000,0.00000
39.70250,0.49500,0.99982,0.00018,0.00000
39.80250,0.49500,1.00000,0.00000,0.00000
39.90250,0.49500,0.99999,0.00001,0.00000
40.00250,0.49500,0.99977,0.00023,0.00000
40.10250,0.49500,0.99999,0.00001,0.00000
40.20250,0.49500,1.00000,0.00000,0.00000
40.30250,0.49500,0.99974,0.00025,0.00001
40.40250,0.49500,0.99314,0.00167,0.00520
40.50250,0.49500,0.89129,0.10678,0.00193
40.60250,0.49500,0.59375,0.26819,0.13807
40.70250,0.49500,0.54579,0.19758,0.25663
40.80250,0.49500,0.50279,0.39444,0.10277
40.90250,0.49500,0.57720,0.24888,0.17392
41.00250,0.49500,0.15954,0.78581,0.05466
41.10250,0.49500,0.17380,0.47492,0.35128
41.20250,0.49500,0.05313,0.38186,0.56501
41.30250,0.49500,0.06168,0.27290,0.66542
41.40250,0.49500,0.04515,0.57699,0.37786
41.50250,0.49500,0.01388,0.41201,0.57412
41.60250,0.49500,0.01554,0.28694,0.69752
41.70250,0.49500,0.06525,0.38350,0.55125
41.80250,0.49500,0.04822,0.45676,0.49502
41.90250,0.49500,0.04834,0.37795,0.57371
42.00250,0.49500,0.02765,0.34086,0.63148
42.10250,0.49500,0.00798,0.36737,0.62464
42.20250,0.49500,0.01691,0.25919,0.72390
42.30250,0.49500,0.01330,0.23890,0.74780
42.40250,0.49500,0.01184,0.47019,0.51797
42.50250,0.49500,0.00949,0.44934,0.54117
42.60250,0.49500,0.01620,0.53411,0.44969
42.70250,0.49500,0.02080,0.49157,0.48763
42.80250,0.49500,0.02748,0.38951,0.58301
42.90250,0.49500,0.02698,0.22362,0.74939
43.00250,0.49500,0.00710,0.32922,0.66368
43.10250,0.49500,0.01467,0.56895,0.41638
43.20250,0.49500,0.00959,0.39498,0.59543
43.30250,0.49500,0.02044,0.37238,0.60718
43.40250,0.49500,0.04297,0.44585,0.51118
43.50250,0.49500,0.01746,0.24999,0.73256
43.60250,0.49500,0.01355,0.21139,0.77506
43.70250,0.49500,0.00899,0.24722,0.74380
43.80250,0.49500,0.00704,0.12058,0.87238
43.90250,0.49500,0.00829,0.03633,0.95538
44.00250,0.49500,0.01452,0.15413,0.83135
44.10250,0.49500,0.00825,0.22826,0.76350
44.20250,0.49500,0.00264,0.10262,0.89474
44.30250,0.49500,0.00386,0.11649,0.87965
44.40250,0.49500,0.00352,0.23093,0.76555
44.50250,0.49500,0.00586,0.18735,0.80679
44.60250,0.49500,0.00654,0.09643,0.89703
44.70250,0.49500,0.00691,0.31190,0.68119
44.80250,0.49500,0.00692,0.37751,0.61557
44.90250,0.49500,0.00421,0.65321,0.34258
45.00250,0.49500,0.01245,0.49751,0.49004
45.10250,0.49500,0.00947,0.32346,0.66707
45.20250,0.49500,0.01039,0.52483,0.46478
45.30250,0.49500,0.00819,0.57572,0.41609
45.40250,0.49500,0.00448,0.40399,0.59153
45.50250,0.49500,0.00681,0.33645,0.65674
45.60250,0.49500,0.00744,0.58933,0.40323
45.70250,0.49500,0.02469,0.58317,0.39214
45.80250,0.49500,0.00567,0.63540,0.35893
45.90250,0.49500,0.00441,0.33876,0.65683
46.00250,0.49500,0.00381,0.15766,0.83853
46.10250,0.49500,0.00308,0.06031,0.93661
46.20250,0.49500,0.00499,0.02119,0.97382
46.30250,0.49500,0.00865,0.02560,0.96575
46.40250,0.49500,0.00414,0.08070,0.91515
46.50250,0.49500,0.00354,0.02359,0.97286
46.60250,0.49500,0.00387,0.13405,0.86207
46.70250,0.49500,0.01289,0.19554,0.79157
46.80250,0.49500,0.01428,0.20159,0.78413
46.90250,0.49500,0.03078,0.22986,0.73937
47.00250,0.49500,0.01060,0.09085,0.89856
47.10250,0.49500,0.01209,0.03784,0.95007
47.20250,0.49500,0.00984,0.09553,0.89464
47.30250,0.49500,0.00360,0.08412,0.91227
47.40250,0.49500,0.00225,0.04147,0.95628
47.50250,0.49500,0.00278,0.21632,0.78090
47.60250,0.49500,0.00295,0.22744,0.76961
47.70250,0.49500,0.00347,0.07324,0.92330
47.80250,0.49500,0.00725,0.33733,0.65542
47.90250,0.49500,0.00802,0.34533,0.64665
48.00250,0.49500,0.01700,0.31214,0.67086
48.10250,0.49500,0.01449,0.58819,0.39732
48.20250,0.49500,0.01460,0.77555,0.20985
48.30250,0.49500,0.01194,0.26482,0.72323
48.40250,0.49500,0.00975,0.18595,0.80430
48.50250,0.49500,0.01261,0.35211,0.63528
48.60250,0.49500,0.01467,0.16478,0.82055
48.70250,0.49500,0.01650,0.12078,0.86272
48.80250,0.49500,0.04520,0.23577,0.71903
48.90250,0.49500,0.02440,0.10612,0.86948
49.00250,0.49500,0.02091,0.15795,0.82114
49.10250,0.49500,0.01292,0.36889,0.61819
49.20250,0.49500,0.01351,0.26520,0.72129
49.30250,0.49500,0.01410,0.07593,0.90997
49.40250,0.49500,0.00892,0.32241,0.66867
49.50250,0.49500,0.01448,0.15411,0.83141
49.60250,0.49500,0.02027,0.10468,0.87505
49.70250,0.49500,0.01727,0.09665,0.88608
49.80250,0.49500,0.03215,0.44548,0.52237
49.90250,0.49500,0.01868,0.14873,0.83258
50.00250,0.49500,0.01366,0.57967,0.40667
50.10250,0.49500,0.01475,0.66461,0.32064
50.20250,0.49500,0.02785,0.31269,0.65946
50.30250,0.49500,0.03037,0.52714,0.44249
50.40250,0.49500,0.03804,0.39360,0.56836
50.50250,0.49500,0.01743,0.82184,0.16073
50.60250,0.49500,0.03622,0.39400,0.56979
50.70250,0.49500,0.01529,0.89097,0.09374
50.80250,0.49500,0.01304,0.55241,0.43455
50.90250,0.49500,0.01071,0.70183,0.28746
51.00250,0.49500,0.00989,0.59044,0.39967
51.10250,0.49500,0.01013,0.53647,0.45339
51.20250,0.49500,0.02640,0.67114,0.30246
51.30250,0.49500,0.00862,0.35858,0.63280
51.40250,0.49500,0.01481,0.36433,0.62085
51.50250,0.49500,0.00989,0.46178,0.52834
51.60250,0.49500,0.01604,0.75818,0.22578
51.70250,0.49500,0.00573,0.17066,0.82360
51.80250,0.49500,0.00461,0.35818,0.63721
51.90250,0.49500,0.00478,0.26356,0.73166
52.00250,0.49500,0.00570,0.27296,0.72134
52.10250,0.49500,0.00503,0.28268,0.71230
52.20250,0.49500,0.02829,0.32241,0.64929
52.30250,0.49500,0.03154,0.45685,0.51161
52.40250,0.49500,0.04119,0.40552,0.55329
52.50250,0.49500,0.02055,0.49462,0.48482
52.60250,0.49500,0.01399,0.42859,0.55742
52.70250,0.49500,0.01715,0.54069,0.44216
52.80250,0.49500,0.00893,0.39113,0.59994
52.90250,0.49500,0.04076,0.63837,0.32087
53.00250,0.49500,0.02848,0.55861,0.41292
53.10250,0.49500,0.03192,0.63664,0.33144
53.20250,0.49500,0.02375,0.65276,0.32349
53.30250,0.49500,0.01643,0.84465,0.13892
53.40250,0.49500,0.02789,0.50591,0.46620
53.50250,0.49500,0.01245,0.72153,0.26602
53.60250,0.49500,0.01457,0.70620,0.27923
53.70250,0.49500,0.00594,0.75423,0.23983
53.80250,0.49500,0.00779,0.54823,0.44398
53.90250,0.49500,0.00960,0.42557,0.56482
54.00250,0.49500,0.02787,0.51962,0.45251
54.10250,0.49500,0.01420,0.87251,0.11330
54.20250,0.49500,0.01698,0.64487,0.33815
54.30250,0.49500,0.03823,0.56619,0.39557
54.40250,0.49500,0.05966,0.71602,0.22432
54.50250,0.49500,0.04713,0.72613,0.22674
54.60250,0.49500,0.03883,0.80430,0.15687
54.70250,0.49500,0.01393,0.93629,0.04978
54.80250,0.49500,0.01403,0.62341,0.36255
54.90250,0.49500,0.01909,0.65230,0.32860
55.00250,0.49500,0.01684,0.41938,0.56377
55.10250,0.49500,0.02894,0.61603,0.35502
55.20250,0.49500,0.04993,0.43101,0.51906
55.30250,0.49500,0.03195,0.57774,0.39031
55.40250,0.49500,0.02308,0.42931,0.54761
55.50250,0.49500,0.02004,0.41068,0.56927
55.60250,0.49500,0.03984,0.57051,0.38965
55.70250,0.49500,0.07437,0.70916,0.21648
55.80250,0.49500,0.05925,0.35407,0.58668
55.90250,0.49500,0.06188,0.50647,0.43165
56.00250,0.49500,0.03645,0.85034,0.11321
56.10250,0.49500,0.02649,0.54206,0.43146
56.20250,0.49500,0.02270,0.46150,0.51580
56.30250,0.49500,0.01520,0.39924,0.58556
56.40250,0.49500,0.04641,0.40036,0.55324
56.50250,0.49500,0.05144,0.23985,0.70871
56.60250,0.49500,0.06875,0.42132,0.50993
56.70250,0.49500,0.03849,0.15036,0.81115
56.80250,0.49500,0.01990,0.50395,0.47615
56.90250,0.49500,0.01465,0.19415,0.79121
57.00250,0.49500,0.03669,0.26659,0.69672
57.10250,0.49500,0.06658,0.36386,0.56956
57.20250,0.49500,0.06797,0.39306,0.53897
57.30250,0.49500,0.03121,0.26157,0.70722
57.40250,0.49500,0.01383,0.40301,0.58316
57.50250,0.49500,0.01144,0.21497,0.77359
57.60250,0.49500,0.02664,0.41500,0.55836
57.70250,0.49500,0.05036,0.35924,0.59039
57.80250,0.49500,0.02854,0.36932,0.60214
57.90250,0.49500,0.03731,0.69511,0.26758
58.00250,0.49500,0.01602,0.71746,0.26651
58.10250,0.49500,0.00988,0.75951,0.23061
58.20250,0.49500,0.00416,0.54470,0.45113
58.30250,0.49500,0.00711,0.47583,0.51706
58.40250,0.49500,0.01551,0.43780,0.54669
58.50250,0.49500,0.01251,0.51211,0.47537
58.60250,0.49500,0.01737,0.26140,0.72123
58.70250,0.49500,0.01416,0.23741,0.74843
58.80250,0.49500,0.01792,0.16400,0.81809
58.90250,0.49500,0.01180,0.13212,0.85609
59.00250,0.49500,0.00695,0.11009,0.88296
59.10250,0.49500,0.00523,0.11421,0.88056
59.20250,0.49500,0.00802,0.12317,0.86881
59.30250,0.49500,0.01447,0.24716,0.73837
59.40250,0.49500,0.00897,0.21253,0.77850
59.50250,0.49500,0.01912,0.15183,0.82905
59.60250,0.49500,0.01254,0.40489,0.58257
59.70250,0.49500,0.02394,0.15340,0.82267
59.80250,0.49500,0.04954,0.35416,0.59630
59.90250,0.49500,0.03206,0.33845,0.62949
60.00250,0.49500,0.02565,0.23627,0.73808
60.10250,0.49500,0.06960,0.27038,0.66002
60.20250,0.49500,0.07332,0.19787,0.72880
60.30250,0.49500,0.13668,0.24459,0.61872
60.40250,0.49500,0.12545,0.09790,0.77665
60.50250,0.49500,0.03568,0.14459,0.81973
60.60250,0.49500,0.02159,0.18126,0.79715
60.70250,0.49500,0.00684,0.15091,0.84225
60.80250,0.49500,0.00809,0.19809,0.79382
60.90250,0.49500,0.01653,0.13723,0.84624
61.00250,0.49500,0.00719,0.13295,0.85985
61.10250,0.49500,0.00810,0.03235,0.95955
61.20250,0.49500,0.00540,0.32015,0.67445
61.30250,0.49500,0.00730,0.13156,0.86114
61.40250,0.49500,0.00327,0.24711,0.74962
61.50250,0.49500,0.00422,0.28859,0.70720
61.60250,0.49500,0.01537,0.19142,0.79321
61.70250,0.49500,0.01226,0.14200,0.84573
61.80250,0.49500,0.00744,0.05649,0.93607
61.90250,0.49500,0.01436,0.32285,0.66279
62.00250,0.49500,0.00941,0.15423,0.83636
62.10250,0.49500,0.00654,0.10111,0.89236
62.20250,0.49500,0.01998,0.34476,0.63526
62.30250,0.49500,0.02462,0.16744,0.80794
62.40250,0.49500,0.01449,0.09649,0.88901
62.50250,0.49500,0.03700,0.04584,0.91716
62.60250,0.49500,0.03249,0.02339,0.94413
62.70250,0.49500,0.01173,0.01780,0.97047
62.80250,0.49500,0.02010,0.02548,0.95443
62.90250,0.49500,0.00817,0.02832,0.96351
63.00250,0.49500,0.00851,0.01272,0.97877
63.10250,0.49500,0.01596,0.03597,0.94807
63.20250,0.49500,0.00488,0.02345,0.97167
63.30250,0.49500,0.00935,0.03349,0.95716
63.40250,0.49500,0.00323,0.04020,0.95657
63.50250,0.49500,0.00912,0.03961,0.95126
63.60250,0.49500,0.01012,0.05216,0.93772
63.70250,0.49500,0.02595,0.09542,0.87863
63.80250,0.49500,0.02013,0.44558,0.53429
63.90250,0.49500,0.01886,0.25315,0.72799
64.00250,0.49500,0.01812,0.45847,0.52341
64.10250,0.49500,0.01741,0.33679,0.64580
64.20250,0.49500,0.01098,0.10538,0.88364
64.30250,0.49500,0.00604,0.13301,0.86095
64.40250,0.49500,0.01882,0.13352,0.84766
64.50250,0.49500,0.04353,0.19780,0.75867
64.60250,0.49500,0.05344,0.15032,0.79624
64.70250,0.49500,0.07780,0.16500,0.75720
64.80250,0.49500,0.09360,0.07674,0.82966
64.90250,0.49500,0.05639,0.08766,0.85596
65.00250,0.49500,0.09666,0.11737,0.78596
65.10250,0.49500,0.01939,0.12890,0.85170
65.20250,0.49500,0.01255,0.06946,0.91799
65.30250,0.49500,0.05214,0.26730,0.68056
65.40250,0.49500,0.05956,0.14581,0.79463
65.50250,0.49500,0.09412,0.16785,0.73803
65.60250,0.49500,0.02260,0.11790,0.85951
65.70250,0.49500,0.00742,0.09818,0.89440
65.80250,0.49500,0.00220,0.14168,0.85612
65.90250,0.49500,0.00548,0.20814,0.78638
66.00250,0.49500,0.00385,0.16792,0.82823
66.10250,0.49500,0.00667,0.15480,0.83852
66.20250,0.49500,0.02519,0.30693,0.66788
66.30250,0.49500,0.01838,0.14550,0.83613
66.40250,0.49500,0.03530,0.14071,0.82399
66.50250,0.49500,0.04604,0.29384,0.66012
66.60250,0.49500,0.03662,0.10547,0.85791
66.70250,0.49500,0.01541,0.08340,0.90118
66.80250,0.49500,0.01438,0.16789,0.81773
66.90250,0.49500,0.02306,0.28114,0.69580
67.00250,0.49500,0.01170,0.11147,0.87683
67.10250,0.49500,0.01052,0.21803,0.77145
67.20250,0.49500,0.00804,0.04178,0.95018
67.30250,0.49500,0.01753,0.13447,0.84800
67.40250,0.49500,0.02223,0.18144,0.79633
67.50250,0.49500,0.00938,0.06203,0.92859
67.60250,0.49500,0.01306,0.09901,0.88794
67.70250,0.49500,0.01287,0.20062,0.78651
67.80250,0.49500,0.01392,0.16343,0.82265
67.90250,0.49500,0.00718,0.13427,0.85855
68.00250,0.49500,0.00915,0.50271,0.48813
68.10250,0.49500,0.01602,0.53953,0.44445
68.20250,0.49500,0.01218,0.30913,0.67869
68.30250,0.49500,0.00806,0.19159,0.80035
68.40250,0.49500,0.01006,0.73891,0.25104
68.50250,0.49500,0.01323,0.40113,0.58564
68.60250,0.49500,0.01151,0.48591,0.50258
68.70250,0.49500,0.01555,0.27329,0.71116
68.80250,0.49500,0.00543,0.46329,0.53128
68.90250,0.49500,0.00742,0.20652,0.78606
69.00250,0.49500,0.00524,0.42905,0.56570
69.10250,0.49500,0.00674,0.21105,0.78221
69.20250,0.49500,0.00358,0.57771,0.41871
69.30250,0.49500,0.00642,0.17213,0.82145
69.40250,0.49500,0.01823,0.33029,0.65148
69.50250,0.49500,0.05634,0.24992,0.69375
69.60250,0.49500,0.03570,0.06288,0.90142
69.70250,0.49500,0.01692,0.07240,0.91068
69.80250,0.49500,0.00614,0.36612,0.62774
69.90250,0.49500,0.00223,0.13662,0.86115
70.00250,0.49500,0.00339,0.04632,0.95029
70.10250,0.49500,0.01230,0.15779,0.82991
70.20250,0.49500,0.01719,0.15612,0.82669
70.30250,0.49500,0.04466,0.17429,0.78105
70.40250,0.49500,0.07916,0.34958,0.57125
70.50250,0.49500,0.02153,0.29758,0.68089
70.60250,0.49500,0.03143,0.25626,0.71231
70.70250,0.49500,0.01487,0.37930,0.60583
70.80250,0.49500,0.01204,0.11076,0.87720
70.90250,0.49500,0.08284,0.16625,0.75091
71.00250,0.49500,0.04884,0.07520,0.87596
71.10250,0.49500,0.12956,0.38114,0.48930
71.20250,0.49500,0.04716,0.34109,0.61175
71.30250,0.49500,0.03223,0.15453,0.81325
71.40250,0.49500,0.10360,0.40457,0.49182
71.50250,0.49500,0.04335,0.29516,0.66150
71.60250,0.49500,0.01632,0.06726,0.91643
71.70250,0.49500,0.00332,0.10962,0.88707
71.80250,0.49500,0.00802,0.06123,0.93075
71.90250,0.49500,0.00375,0.03173,0.96451
72.00250,0.49500,0.00427,0.05828,0.93746
72.10250,0.49500,0.00274,0.02912,0.96815
72.20250,0.49500,0.00157,0.01760,0.98083
72.30250,0.49500,0.00205,0.03035,0.96760
72.40250,0.49500,0.00275,0.04790,0.94935
72.50250,0.49500,0.00362,0.02967,0.96672
72.60250,0.49500,0.00662,0.06550,0.92788
72.70250,0.49500,0.01039,0.07291,0.91669
72.80250,0.49500,0.01604,0.12687,0.85708
72.90250,0.49500,0.02483,0.13717,0.83799
73.00250,0.49500,0.02691,0.09449,0.87859
73.10250,0.49500,0.08730,0.25253,0.66017
73.20250,0.49500,0.06618,0.20937,0.72446
73.30250,0.49500,0.07116,0.17766,0.75118
73.40250,0.49500,0.03520,0.45849,0.50631
73.50250,0.49500,0.00642,0.06644,0.92715
73.60250,0.49500,0.00686,0.24780,0.74533
73.70250,0.49500,0.00807,0.20045,0.79148
73.80250,0.49500,0.02325,0.21776,0.75898
73.90250,0.49500,0.02796,0.22052,0.75152
74.00250,0.49500,0.05119,0.49583,0.45298
74.10250,0.49500,0.00997,0.37289,0.61713
74.20250,0.49500,0.01156,0.40123,0.58721
74.30250,0.49500,0.00995,0.27947,0.71058
74.40250,0.49500,0.00993,0.17547,0.81460
74.50250,0.49500,0.01251,0.50666,0.48083
74.60250,0.49500,0.01139,0.24162,0.74699
74.70250,0.49500,0.01034,0.57679,0.41287
74.80250,0.49500,0.00461,0.14901,0.84637
74.90250,0.49500,0.00371,0.05868,0.93761
75.00250,0.49500,0.00739,0.14417,0.84845
75.10250,0.49500,0.01048,0.04798,0.94154
75.20250,0.49500,0.01418,0.02354,0.96228
75.30250,0.49500,0.01154,0.07129,0.91717
75.40250,0.49500,0.02366,0.14866,0.82769
75.50250,0.49500,0.02926,0.18639,0.78435
75.60250,0.49500,0.01901,0.28977,0.69123
75.70250,0.49500,0.04027,0.24801,0.71172
75.80250,0.49500,0.01268,0.61135,0.37597
75.90250,0.49500,0.04316,0.21630,0.74053
76.00250,0.49500,0.01648,0.20289,0.78064
76.10250,0.49500,0.05529,0.17874,0.76597
76.20250,0.49500,0.12035,0.28727,0.59238
76.30250,0.49500,0.16155,0.27574,0.56270
76.40250,0.49500,0.77373,0.09020,0.13607
76.50250,0.49500,0.68302,0.13964,0.17734
76.60250,0.49500,0.87720,0.00898,0.11382
76.70250,0.49500,0.99993,0.00007,0.00000
76.80250,0.49500,0.99099,0.00898,0.00003
76.90250,0.49500,0.99962,0.00038,0.00000
77.00250,0.49500,0.91532,0.08450,0.00018
77.10250,0.49500,0.78493,0.21415,0.00092
77.20250,0.49500,0.04842,0.95126,0.00032
77.30250,0.49500,0.05167,0.94744,0.00090
77.40250,0.49500,0.03292,0.96647,0.00062
77.50250,0.49500,0.01004,0.98822,0.00174
77.60250,0.49500,0.01423,0.98511,0.00066
77.70250,0.49500,0.01728,0.98224,0.00048
77.80250,0.49500,0.02068,0.97812,0.00120
77.90250,0.49500,0.09579,0.90373,0.00047
78.00250,0.49500,0.03473,0.96260,0.00267
78.10250,0.49500,0.02202,0.97775,0.00023
78.20250,0.49500,0.03621,0.96253,0.00126
78.30250,0.49500,0.02176,0.97791,0.00033
78.40250,0.49500,0.02648,0.97304,0.00048
78.50250,0.49500,0.03289,0.96681,0.00029
78.60250,0.49500,0.02526,0.97377,0.00097
78.70250,0.49500,0.01405,0.98584,0.00012
78.80250,0.49500,0.01771,0.98125,0.00104
78.90250,0.49500,0.07781,0.92178,0.00041
79.00250,0.49500,0.04846,0.95070,0.00084
79.10250,0.49500,0.04670,0.95284,0.00045
79.20250,0.49500,0.02814,0.97114,0.00072
79.30250,0.49500,0.00981,0.98990,0.00029
79.40250,0.49500,0.00907,0.99043,0.00051
79.50250,0.49500,0.01747,0.98198,0.00056
79.60250,0.49500,0.01433,0.98447,0.00120
79.70250,0.49500,0.02553,0.97399,0.00048
79.80250,0.49500,0.08095,0.91874,0.00031
79.90250,0.49500,0.05263,0.94631,0.00106
80.00250,0.49500,0.18004,0.81900,0.00096
80.10250,0.49500,0.06585,0.93332,0.00083
80.20250,0.49500,0.06155,0.93737,0.00108
80.30250,0.49500,0.02889,0.97046,0.00064
80.40250,0.49500,0.03312,0.96635,0.00053
80.50250,0.49500,0.01643,0.98218,0.00139
80.60250,0.49500,0.01232,0.98733,0.00035
80.70250,0.49500,0.00301,0.99548,0.00151
80.80250,0.49500,0.00327,0.99597,0.00076
80.90250,0.49500,0.00467,0.99439,0.00094
81.00250,0.49500,0.00397,0.99523,0.00080
81.10250,0.49500,0.00648,0.99217,0.00135
81.20250,0.49500,0.00480,0.99448,0.00072
81.30250,0.49500,0.01209,0.98646,0.00145
81.40250,0.49500,0.00987,0.98908,0.00106
81.50250,0.49500,0.01090,0.98831,0.00078
81.60250,0.49500,0.01215,0.98682,0.00104
81.70250,0.49500,0.01077,0.98881,0.00043
81.80250,0.49500,0.00522,0.99375,0.00104
81.90250,0.49500,0.00913,0.99032,0.00055
82.00250,0.49500,0.00723,0.99171,0.00106
82.10250,0.49500,0.01573,0.98378,0.00049
82.20250,0.49500,0.03020,0.96901,0.00078
82.30250,0.49500,0.01773,0.98164,0.00063
82.40250,0.49500,0.01544,0.98411,0.00045
82.50250,0.49500,0.01314,0.98425,0.00261
82.60250,0.49500,0.00724,0.99211,0.00065
82.70250,0.49500,0.00538,0.99392,0.00071
82.80250,0.49500,0.00297,0.99653,0.00050
82.90250,0.49500,0.00876,0.99052,0.00072
83.00250,0.49500,0.04077,0.95747,0.00176
83.10250,0.49500,0.16443,0.83374,0.00184
83.20250,0.49500,0.01563,0.98343,0.00094
83.30250,0.49500,0.04496,0.95473,0.00031
83.40250,0.49500,0.01078,0.98772,0.00151
83.50250,0.49500,0.01204,0.98735,0.00061
83.60250,0.49500,0.01583,0.98362,0.00056
83.70250,0.49500,0.01512,0.98407,0.00081
83.80250,0.49500,0.00714,0.99185,0.00101
83.90250,0.49500,0.01124,0.98801,0.00075
84.00250,0.49500,0.01374,0.98559,0.00067
84.10250,0.49500,0.02663,0.97205,0.00132
84.20250,0.49500,0.01484,0.98472,0.00044
84.30250,0.49500,0.00983,0.98869,0.00148
84.40250,0.49500,0.01469,0.98510,0.00021
84.50250,0.49500,0.01299,0.98611,0.00090
84.60250,0.49500,0.01536,0.98442,0.00022
84.70250,0.49500,0.00807,0.99133,0.00059
84.80250,0.49500,0.00633,0.99333,0.00035
84.90250,0.49500,0.01061,0.98889,0.00050
85.00250,0.49500,0.01511,0.98474,0.00016
85.10250,0.49500,0.01738,0.98151,0.00112
85.20250,0.49500,0.02773,0.97099,0.00128
85.30250,0.49500,0.00700,0.99276,0.00024
85.40250,0.49500,0.00505,0.99437,0.00057
85.50250,0.49500,0.00466,0.99458,0.00076
85.60250,0.49500,0.00212,0.99721,0.00066
85.70250,0.49500,0.00378,0.99596,0.00026
85.80250,0.49500,0.00257,0.99666,0.00076
85.90250,0.49500,0.00675,0.99267,0.00058
86.00250,0.49500,0.00347,0.99596,0.00057
86.10250,0.49500,0.00425,0.99517,0.00058
86.20250,0.49500,0.00328,0.99539,0.00133
86.30250,0.49500,0.00636,0.99300,0.00064
86.40250,0.49500,0.00724,0.99248,0.00028
86.50250,0.49500,0.00996,0.98959,0.00045
86.60250,0.49500,0.02638,0.97168,0.00194
86.70250,0.49500,0.00619,0.99323,0.00058
86.80250,0.49500,0.01631,0.98319,0.00050
86.90250,0.49500,0.01502,0.98423,0.00074
87.00250,0.49500,0.00701,0.99236,0.00064
87.10250,0.49500,0.00532,0.99422,0.00046
87.20250,0.49500,0.00568,0.99327,0.00105
87.30250,0.49500,0.00311,0.99589,0.00100
87.40250,0.49500,0.00312,0.99624,0.00064
87.50250,0.49500,0.00264,0.99524,0.00212
87.60250,0.49500,0.00778,0.99188,0.00035
87.70250,0.49500,0.00759,0.99147,0.00095
87.80250,0.49500,0.01446,0.98494,0.00060
87.90250,0.49500,0.00762,0.99201,0.00037
88.00250,0.49500,0.00431,0.99528,0.00041
88.10250,0.49500,0.01195,0.98720,0.00085
88.20250,0.49500,0.00796,0.99185,0.00019
88.30250,0.49500,0.01497,0.98406,0.00097
88.40250,0.49500,0.10272,0.89628,0.00100
88.50250,0.49500,0.03399,0.96486,0.00115
88.60250,0.49500,0.02487,0.97446,0.00067
88.70250,0.49500,0.01434,0.98362,0.00204
88.80250,0.49500,0.01955,0.97974,0.00071
88.90250,0.49500,0.00772,0.99194,0.00034
89.00250,0.49500,0.02799,0.97123,0.00078
89.10250,0.49500,0.01036,0.98819,0.00145
89.20250,0.49500,0.00821,0.99075,0.00104
89.30250,0.49500,0.01002,0.98891,0.00107
89.40250,0.49500,0.00330,0.99602,0.00069
89.50250,0.49500,0.00334,0.99539,0.00127
89.60250,0.49500,0.00456,0.99450,0.00094
89.70250,0.49500,0.01122,0.98765,0.00113
89.80250,0.49500,0.01070,0.98853,0.00077
89.90250,0.49500,0.05660,0.94252,0.00087
90.00250,0.49500,0.09565,0.89622,0.00813
90.10250,0.49500,0.03184,0.96756,0.00060
90.20250,0.49500,0.03432,0.96376,0.00192
90.30250,0.49500,0.00933,0.98886,0.00181
90.40250,0.49500,0.00879,0.98815,0.00306
90.50250,0.49500,0.01611,0.98234,0.00155
90.60250,0.49500,0.01167,0.98557,0.00276
90.70250,0.49500,0.01782,0.98195,0.00023
90.80250,0.49500,0.01670,0.98187,0.00143
90.90250,0.49500,0.00713,0.99234,0.00053
91.00250,0.49500,0.00755,0.99202,0.00043
91.10250,0.49500,0.00401,0.99497,0.00102
91.20250,0.49500,0.01037,0.98909,0.00054
91.30250,0.49500,0.01825,0.98110,0.00065
91.40250,0.49500,0.02199,0.97670,0.00131
91.50250,0.49500,0.02608,0.97150,0.00242
91.60250,0.49500,0.00464,0.99498,0.00037
91.70250,0.49500,0.00881,0.99032,0.00088
91.80250,0.49500,0.01636,0.98093,0.00271
91.90250,0.49500,0.01532,0.98375,0.00093
92.00250,0.49500,0.04687,0.95109,0.00204
92.10250,0.49500,0.03711,0.96120,0.00169
92.20250,0.49500,0.05787,0.94140,0.00073
92.30250,0.49500,0.05222,0.94708,0.00070
92.40250,0.49500,0.01672,0.98291,0.00037
92.50250,0.49500,0.01734,0.98220,0.00046
92.60250,0.49500,0.01911,0.97905,0.00184
92.70250,0.49500,0.00552,0.99353,0.00095
92.80250,0.49500,0.01066,0.98873,0.00061
92.90250,0.49500,0.00882,0.98988,0.00130
93.00250,0.49500,0.00652,0.99297,0.00051
93.10250,0.49500,0.00311,0.99629,0.00059
93.20250,0.49500,0.00263,0.99698,0.00039
93.30250,0.49500,0.00343,0.99600,0.00056
93.40250,0.49500,0.01032,0.98892,0.00076
93.50250,0.49500,0.02499,0.97404,0.00097
93.60250,0.49500,0.02853,0.97065,0.00082
93.70250,0.49500,0.02355,0.97458,0.00188
93.80250,0.49500,0.00943,0.99020,0.00037
93.90250,0.49500,0.00779,0.99185,0.00037
94.00250,0.49500,0.01715,0.98237,0.00048
94.10250,0.49500,0.00664,0.99215,0.00121
94.20250,0.49500,0.02156,0.97804,0.00040
94.30250,0.49500,0.01496,0.98354,0.00150
94.40250,0.49500,0.01241,0.98663,0.00096
94.50250,0.49500,0.00528,0.99424,0.00048
94.60250,0.49500,0.00468,0.99430,0.00102
94.70250,0.49500,0.00918,0.98994,0.00088
94.80250,0.49500,0.00493,0.99445,0.00062
94.90250,0.49500,0.00726,0.99234,0.00041
95.00250,0.49500,0.01480,0.98455,0.00065
95.10250,0.49500,0.00760,0.99185,0.00055
95.20250,0.49500,0.01271,0.98648,0.00081
95.30250,0.49500,0.01044,0.98890,0.00066
95.40250,0.49500,0.00810,0.99136,0.00054
95.50250,0.49500,0.01299,0.98635,0.00066
95.60250,0.49500,0.01526,0.98270,0.00204
95.70250,0.49500,0.01449,0.98468,0.00083
95.80250,0.49500,0.00648,0.99296,0.00056
95.90250,0.49500,0.00475,0.99380,0.00145
96.00250,0.49500,0.00535,0.99439,0.00026
96.10250,0.49500,0.03425,0.96526,0.00048
96.20250,0.49500,0.05197,0.94671,0.00132
96.30250,0.49500,0.02081,0.97820,0.00100
96.40250,0.49500,0.01812,0.98116,0.00071
96.50250,0.49500,0.00477,0.99463,0.00060
96.60250,0.49500,0.00462,0.99509,0.00029
96.70250,0.49500,0.00324,0.99554,0.00122
96.80250,0.49500,0.00332,0.99607,0.00061
96.90250,0.49500,0.00454,0.99507,0.00039
97.00250,0.49500,0.01116,0.98827,0.00057
97.10250,0.49500,0.01205,0.98731,0.00064
97.20250,0.49500,0.00516,0.99446,0.00038
97.30250,0.49500,0.01810,0.98125,0.00065
97.40250,0.49500,0.06372,0.93562,0.00066
97.50250,0.49500,0.12629,0.86717,0.00654
97.60250,0.49500,0.05670,0.94288,0.00042
97.70250,0.49500,0.02249,0.97608,0.00143
97.80250,0.49500,0.01502,0.98473,0.00025
97.90250,0.49500,0.00898,0.98998,0.00104
98.00250,0.49500,0.00880,0.99066,0.00053
98.10250,0.49500,0.00364,0.99563,0.00073
98.20250,0.49500,0.00399,0.99556,0.00045
98.30250,0.49500,0.01016,0.98927,0.00058
98.40250,0.49500,0.03857,0.96008,0.00136
98.50250,0.49500,0.03272,0.96626,0.00102
98.60250,0.49500,0.02934,0.96969,0.00097
98.70250,0.49500,0.02436,0.97416,0.00148
98.80250,0.49500,0.00937,0.99002,0.00061
98.90250,0.49500,0.00284,0.99653,0.00064
99.00250,0.49500,0.01006,0.98960,0.00035
99.10250,0.49500,0.01050,0.98874,0.00075
99.20250,0.49500,0.03760,0.96194,0.00045
99.30250,0.49500,0.05321,0.94367,0.00312
99.40250,0.49500,0.06304,0.93569,0.00126
99.50250,0.49500,0.14323,0.84802,0.00875
99.60250,0.49500,0.03700,0.96044,0.00257
99.70250,0.49500,0.02195,0.97762,0.00042
99.80250,0.49500,0.04035,0.95829,0.00137
99.90250,0.49500,0.04785,0.94921,0.00294
100.00250,0.49500,0.06070,0.93683,0.00247
100.10250,0.49500,0.01502,0.98311,0.00187
100.20250,0.49500,0.00918,0.99051,0.00030
100.30250,0.49500,0.01765,0.98051,0.00185
100.40250,0.49500,0.02511,0.97319,0.00170
100.50250,0.49500,0.02156,0.97693,0.00151
100.60250,0.49500,0.00856,0.99096,0.00048
100.70250,0.49500,0.00805,0.99154,0.00041
100.80250,0.49500,0.00391,0.99512,0.00097
100.90250,0.49500,0.03036,0.96877,0.00087
101.00250,0.49500,0.17136,0.82622,0.00242
101.10250,0.49500,0.04598,0.95364,0.00038
101.20250,0.49500,0.07892,0.92089,0.00020
101.30250,0.49500,0.05096,0.94718,0.00186
101.40250,0.49500,0.05456,0.94448,0.00096
101.50250,0.49500,0.04718,0.95225,0.00058
101.60250,0.49500,0.02323,0.97553,0.00124
101.70250,0.49500,0.00462,0.99481,0.00057
101.80250,0.49500,0.00290,0.99602,0.00108
101.90250,0.49500,0.00380,0.99552,0.00069
102.00250,0.49500,0.00725,0.99095,0.00180
102.10250,0.49500,0.00645,0.99268,0.00087
102.20250,0.49500,0.00509,0.99420,0.00071
102.30250,0.49500,0.01108,0.98848,0.00045
102.40250,0.49500,0.00537,0.99335,0.00128
102.50250,0.49500,0.01686,0.98195,0.00119
102.60250,0.49500,0.00755,0.99169,0.00076
102.70250,0.49500,0.01545,0.98374,0.00081
102.80250,0.49500,0.01197,0.98736,0.00067
102.90250,0.49500,0.01788,0.98179,0.00033
103.00250,0.49500,0.02707,0.97234,0.00059
103.10250,0.49500,0.01283,0.98687,0.00030
103.20250,0.49500,0.00940,0.99049,0.00011
103.30250,0.49500,0.00697,0.99292,0.00010
103.40250,0.49500,0.00483,0.99487,0.00030
103.50250,0.49500,0.00447,0.99522,0.00031
103.60250,0.49500,0.00554,0.99414,0.00031
103.70250,0.49500,0.00239,0.99742,0.00019
103.80250,0.49500,0.00612,0.99342,0.00046
103.90250,0.49500,0.02439,0.97517,0.00044
104.00250,0.49500,0.01911,0.98048,0.00041
104.10250,0.49500,0.02025,0.97942,0.00032
104.20250,0.49500,0.01219,0.98752,0.00029
104.30250,0.49500,0.00738,0.99221,0.00041
104.40250,0.49500,0.00645,0.99315,0.00040
104.50250,0.49500,0.01841,0.98117,0.00042
104.60250,0.49500,0.00641,0.99350,0.00009
104.70250,0.49500,0.00623,0.99357,0.00019
104.80250,0.49500,0.00704,0.99270,0.00026
104.90250,0.49500,0.00698,0.99230,0.00072
105.00250,0.49500,0.00897,0.99084,0.00019
105.10250,0.49500,0.00554,0.99382,0.00064
105.20250,0.49500,0.01189,0.98791,0.00019
105.30250,0.49500,0.00632,0.99320,0.00048
105.40250,0.49500,0.01652,0.98295,0.00053
105.50250,0.49500,0.01743,0.98159,0.00098
105.60250,0.49500,0.00742,0.99187,0.00072
105.70250,0.49500,0.00815,0.99148,0.00037
105.80250,0.49500,0.00819,0.99147,0.00034
105.90250,0.49500,0.01931,0.98037,0.00033
106.00250,0.49500,0.02291,0.97654,0.00055
106.10250,0.49500,0.05189,0.94751,0.00060
106.20250,0.49500,0.01485,0.98494,0.00021
106.30250,0.49500,0.01661,0.98286,0.00053
106.40250,0.49500,0.00888,0.99092,0.00021
106.50250,0.49500,0.01312,0.98659,0.00029
106.60250,0.49500,0.02455,0.97524,0.00020
106.70250,0.49500,0.02166,0.97815,0.00018
106.80250,0.49500,0.06020,0.93953,0.00027
106.90250,0.49500,0.02831,0.97143,0.00025
107.00250,0.49500,0.02702,0.97225,0.00073
107.10250,0.49500,0.02731,0.97245,0.00024
107.20250,0.49500,0.00680,0.99213,0.00107
107.30250,0.49500,0.03148,0.96668,0.00184
107.40250,0.49500,0.01286,0.98613,0.00101
107.50250,0.49500,0.06175,0.93711,0.00115
107.60250,0.49500,0.09167,0.90714,0.00119
107.70250,0.49500,0.05312,0.94579,0.00109
107.80250,0.49500,0.19761,0.80076,0.00164
107.90250,0.49500,0.23050,0.76742,0.00207
108.00250,0.49500,0.47298,0.52675,0.00026
108.10250,0.49500,0.98810,0.01190,0.00000
108.20250,0.49500,0.99669,0.00331,0.00000
108.30250,0.49500,1.00000,0.00000,0.00000
108.40250,0.49500,1.00000,0.00000,0.00000
108.50250,0.49500,1.00000,0.00000,0.00000
108.60250,0.49500,0.99999,0.00001,0.00000
108.70250,0.49500,1.00000,0.00000,0.00000
108.80250,0.49500,0.97235,0.02610,0.00155
108.90250,0.49500,0.49852,0.49980,0.00168
109.00250,0.49500,0.30322,0.69653,0.00024
109.10250,0.49500,0.05784,0.94144,0.00072
109.20250,0.49500,0.07730,0.92076,0.00194
109.30250,0.49500,0.08114,0.91314,0.00572
109.40250,0.49500,0.01205,0.98670,0.00125
109.50250,0.49500,0.00566,0.99226,0.00207
109.60250,0.49500,0.00621,0.99188,0.00191
109.70250,0.49500,0.00269,0.99670,0.00061
109.80250,0.49500,0.00652,0.99258,0.00090
109.90250,0.49500,0.00775,0.99045,0.00180
110.00250,0.49500,0.02040,0.97847,0.00114
110.10250,0.49500,0.02302,0.97579,0.00119
110.20250,0.49500,0.00782,0.99161,0.00057
110.30250,0.49500,0.00649,0.99312,0.00039
110.40250,0.49500,0.01456,0.98480,0.00064
110.50250,0.49500,0.02200,0.97721,0.00079
110.60250,0.49500,0.07026,0.92924,0.00050
110.70250,0.49500,0.02252,0.97725,0.00023
110.80250,0.49500,0.02996,0.96935,0.00069
110.90250,0.49500,0.04983,0.94952,0.00065
111.00250,0.49500,0.01639,0.98330,0.00031
111.10250,0.49500,0.05350,0.94614,0.00036
111.20250,0.49500,0.04837,0.95139,0.00024
111.30250,0.49500,0.02248,0.97699,0.00053
111.40250,0.49500,0.01318,0.98589,0.00093
111.50250,0.49500,0.00719,0.99252,0.00029
111.60250,0.49500,0.00699,0.99244,0.00056
111.70250,0.49500,0.00475,0.99487,0.00038
111.80250,0.49500,0.01694,0.98273,0.00033
111.90250,0.49500,0.01855,0.98134,0.00011
112.00250,0.49500,0.01960,0.97983,0.00057
112.10250,0.49500,0.02807,0.97167,0.00026
112.20250,0.49500,0.05559,0.94414,0.00027
112.30250,0.49500,0.04831,0.95099,0.00070
112.40250,0.49500,0.05807,0.94161,0.00032
112.50250,0.49500,0.02942,0.96953,0.00105
112.60250,0.49500,0.02229,0.97716,0.00055
112.70250,0.49500,0.01042,0.98813,0.00145
112.80250,0.49500,0.00380,0.99578,0.00041
112.90250,0.49500,0.00358,0.99534,0.00109
113.00250,0.49500,0.00436,0.99498,0.00066
113.10250,0.49500,0.00731,0.99018,0.00251
113.20250,0.49500,0.01182,0.98779,0.00039
113.30250,0.49500,0.02894,0.97019,0.00087
113.40250,0.49500,0.13195,0.86575,0.00230
113.50250,0.49500,0.04720,0.95130,0.00150
113.60250,0.49500,0.08831,0.90748,0.00421
113.70250,0.49500,0.04304,0.95593,0.00103
113.80250,0.49500,0.01411,0.98357,0.00231
113.90250,0.49500,0.02475,0.97468,0.00057
114.00250,0.49500,0.03377,0.96487,0.00136
114.10250,0.49500,0.06052,0.93706,0.00242
114.20250,0.49500,0.11307,0.88562,0.00131
114.30250,0.49500,0.01949,0.97920,0.00131
114.40250,0.49500,0.01678,0.98250,0.00072
114.50250,0.49500,0.00951,0.98970,0.00079
114.60250,0.49500,0.02382,0.97280,0.00338
114.70250,0.49500,0.04090,0.95529,0.00381
114.80250,0.49500,0.06662,0.93180,0.00158
114.90250,0.49500,0.03334,0.96457,0.00209
115.00250,0.49500,0.03417,0.96479,0.00105
115.10250,0.49500,0.01680,0.98205,0.00114
115.20250,0.49500,0.00882,0.99105,0.00013
115.30250,0.49500,0.00948,0.98942,0.00111
115.40250,0.49500,0.00843,0.99088,0.00069
115.50250,0.49500,0.00946,0.98944,0.00111
115.60250,0.49500,0.01561,0.98321,0.00117
115.70250,0.49500,0.00742,0.99205,0.00053
115.80250,0.49500,0.00653,0.99327,0.00020
115.90250,0.49500,0.01263,0.98663,0.00074
116.00250,0.49500,0.00424,0.99423,0.00153
116.10250,0.49500,0.00429,0.99499,0.00071
116.20250,0.49500,0.00799,0.99057,0.00145
116.30250,0.49500,0.00853,0.99044,0.00103
116.40250,0.49500,0.00402,0.99510,0.00088
116.50250,0.49500,0.00425,0.99496,0.00079
116.60250,0.49500,0.01596,0.98333,0.00071
