Time (seconds), Duration (seconds),pred_(unlabeled),pred_empty_box,pred_table
0.00250,0.49500,0.01203,0.95364,0.03434
0.10250,0.49500,0.00855,0.96393,0.02751
0.20250,0.49500,0.00894,0.97587,0.01519
0.30250,0.49500,0.00906,0.96639,0.02455
0.40250,0.49500,0.00800,0.97475,0.01725
0.50250,0.49500,0.01286,0.96502,0.02212
0.60250,0.49500,0.01231,0.96894,0.01876
0.70250,0.49500,0.02514,0.93860,0.03626
0.80250,0.49500,0.01394,0.96476,0.02130
0.90250,0.49500,0.00734,0.97248,0.02018
1.00250,0.49500,0.00960,0.97331,0.01710
1.10250,0.49500,0.00534,0.98440,0.01026
1.20250,0.49500,0.00680,0.97787,0.01534
1.30250,0.49500,0.00817,0.97676,0.01506
1.40250,0.49500,0.00392,0.98981,0.00628
1.50250,0.49500,0.00485,0.98907,0.00608
1.60250,0.49500,0.00327,0.99271,0.00403
1.70250,0.49500,0.00485,0.99142,0.00373
1.80250,0.49500,0.00928,0.98713,0.00359
1.90250,0.49500,0.00613,0.99160,0.00228
2.00250,0.49500,0.00509,0.99286,0.00205
2.10250,0.49500,0.00349,0.99378,0.00274
2.20250,0.49500,0.00488,0.99292,0.00220
2.30250,0.49500,0.00343,0.99319,0.00338
2.40250,0.49500,0.00741,0.99063,0.00196
2.50250,0.49500,0.00927,0.98661,0.00412
2.60250,0.49500,0.00937,0.98634,0.00429
2.70250,0.49500,0.00390,0.99437,0.00173
2.80250,0.49500,0.00355,0.99479,0.00166
2.90250,0.49500,0.00470,0.99278,0.00251
3.00250,0.49500,0.00315,0.99388,0.00298
3.10250,0.49500,0.00306,0.99566,0.00128
3.20250,0.49500,0.00327,0.99431,0.00243
3.30250,0.49500,0.00261,0.99606,0.00133
3.40250,0.49500,0.00611,0.99151,0.00239
3.50250,0.49500,0.01210,0.98033,0.00757
3.60250,0.49500,0.01113,0.98322,0.00565
3.70250,0.49500,0.01133,0.96704,0.02163
3.80250,0.49500,0.00694,0.98701,0.00605
3.90250,0.49500,0.01186,0.96669,0.02145
4.00250,0.49500,0.01412,0.97125,0.01463
4.10250,0.49500,0.06206,0.90258,0.03536
4.20250,0.49500,0.09019,0.89882,0.01100
4.30250,0.49500,0.11318,0.87452,0.01231
4.40250,0.49500,0.04910,0.93598,0.01492
4.50250,0.49500,0.03303,0.95788,0.00910
4.60250,0.49500,0.00843,0.98948,0.00209
4.70250,0.49500,0.02404,0.97054,0.00542
4.80250,0.49500,0.01772,0.97359,0.00869
4.90250,0.49500,0.02076,0.97553,0.00371
5.00250,0.49500,0.00517,0.99227,0.00256
5.10250,0.49500,0.00463,0.99227,0.00311
5.20250,0.49500,0.00727,0.98847,0.00426
5.30250,0.49500,0.00665,0.98576,0.00759
5.40250,0.49500,0.00984,0.98679,0.00337
5.50250,0.49500,0.00895,0.98732,0.00373
5.60250,0.49500,0.01749,0.97454,0.00797
5.70250,0.49500,0.01898,0.97629,0.00472
5.80250,0.49500,0.00421,0.99262,0.00317
5.90250,0.49500,0.01306,0.98352,0.00342
6.00250,0.49500,0.01849,0.97668,0.00483
6.10250,0.49500,0.01265,0.98427,0.00307
6.20250,0.49500,0.04687,0.95016,0.00298
6.30250,0.49500,0.01354,0.98008,0.00638
6.40250,0.49500,0.02129,0.97292,0.00579
6.50250,0.49500,0.00658,0.98687,0.00655
6.60250,0.49500,0.01898,0.97598,0.00504
6.70250,0.49500,0.00967,0.98082,0.00951
6.80250,0.49500,0.00911,0.98364,0.00725
6.90250,0.49500,0.01225,0.98269,0.00506
7.00250,0.49500,0.02675,0.96660,0.00666
7.10250,0.49500,0.03602,0.96153,0.00245
7.20250,0.49500,0.02708,0.96555,0.00738
7.30250,0.49500,0.03159,0.95523,0.01318
7.40250,0.49500,0.03465,0.94267,0.02269
7.50250,0.49500,0.02583,0.95926,0.01491
7.60250,0.49500,0.01347,0.97319,0.01334
7.70250,0.49500,0.01496,0.95535,0.02970
7.80250,0.49500,0.01232,0.97119,0.01649
7.90250,0.49500,0.01608,0.96601,0.01792
8.00250,0.49500,0.01777,0.96323,0.01900
8.10250,0.49500,0.01292,0.97256,0.01452
8.20250,0.49500,0.00973,0.98138,0.00890
8.30250,0.49500,0.02842,0.93242,0.03916
8.40250,0.49500,0.01830,0.97305,0.00865
8.50250,0.49500,0.01955,0.95387,0.02658
8.60250,0.49500,0.03398,0.95825,0.00777
8.70250,0.49500,0.01481,0.98132,0.00387
8.80250,0.49500,0.06966,0.90283,0.02751
8.90250,0.49500,0.10113,0.88201,0.01687
9.00250,0.49500,0.04637,0.93584,0.01778
9.10250,0.49500,0.04414,0.94390,0.01195
9.20250,0.49500,0.03319,0.93141,0.03540
9.30250,0.49500,0.02109,0.97118,0.00773
9.40250,0.49500,0.01864,0.94886,0.03250
9.50250,0.49500,0.01072,0.97212,0.01716
9.60250,0.49500,0.00428,0.98890,0.00682
9.70250,0.49500,0.01188,0.97965,0.00848
9.80250,0.49500,0.00986,0.98200,0.00814
9.90250,0.49500,0.00766,0.98036,0.01198
10.00250,0.49500,0.02307,0.97171,0.00522
10.10250,0.49500,0.02553,0.96084,0.01363
10.20250,0.49500,0.01815,0.97768,0.00418
10.30250,0.49500,0.02610,0.95830,0.01560
10.40250,0.49500,0.03170,0.95637,0.01192
10.50250,0.49500,0.01127,0.97977,0.00896
10.60250,0.49500,0.02126,0.95807,0.02067
10.70250,0.49500,0.01745,0.95906,0.02350
10.80250,0.49500,0.01571,0.97758,0.00671
10.90250,0.49500,0.01494,0.96876,0.01630
11.00250,0.49500,0.02898,0.95585,0.01517
11.10250,0.49500,0.02094,0.96595,0.01312
11.20250,0.49500,0.00707,0.98532,0.00761
11.30250,0.49500,0.00927,0.97565,0.01508
11.40250,0.49500,0.00772,0.98293,0.00935
11.50250,0.49500,0.00442,0.98268,0.01290
11.60250,0.49500,0.00827,0.98393,0.00780
11.70250,0.49500,0.00504,0.98782,0.00713
11.80250,0.49500,0.00968,0.98116,0.00916
11.90250,0.49500,0.00644,0.97361,0.01995
12.00250,0.49500,0.01314,0.96718,0.01968
12.10250,0.49500,0.01319,0.96271,0.02410
12.20250,0.49500,0.02374,0.96289,0.01337
12.30250,0.49500,0.02646,0.95479,0.01875
12.40250,0.49500,0.01373,0.97310,0.01317
12.50250,0.49500,0.01078,0.97980,0.00942
12.60250,0.49500,0.01555,0.97517,0.00928
12.70250,0.49500,0.05301,0.93587,0.01112
12.80250,0.49500,0.10330,0.87599,0.02071
12.90250,0.49500,0.04736,0.92240,0.03024
13.00250,0.49500,0.05849,0.90183,0.03967
13.10250,0.49500,0.01041,0.97464,0.01495
13.20250,0.49500,0.00744,0.97866,0.01390
13.30250,0.49500,0.00556,0.97981,0.01463
13.40250,0.49500,0.00486,0.98549,0.00965
13.50250,0.49500,0.00456,0.98278,0.01266
13.60250,0.49500,0.00669,0.98065,0.01266
13.70250,0.49500,0.02316,0.95870,0.01814
13.80250,0.49500,0.04866,0.92895,0.02238
13.90250,0.49500,0.03627,0.95203,0.01170
14.00250,0.49500,0.04440,0.92947,0.02613
14.10250,0.49500,0.01259,0.97702,0.01039
14.20250,0.49500,0.00732,0.98610,0.00659
14.30250,0.49500,0.00747,0.97415,0.01838
14.40250,0.49500,0.00437,0.98656,0.00907
14.50250,0.49500,0.00919,0.98301,0.00780
14.60250,0.49500,0.00798,0.97022,0.02180
14.70250,0.49500,0.00605,0.98342,0.01053
14.80250,0.49500,0.00834,0.97962,0.01204
14.90250,0.49500,0.00504,0.97879,0.01618
15.00250,0.49500,0.00604,0.98449,0.00947
15.10250,0.49500,0.00362,0.98601,0.01037
15.20250,0.49500,0.00625,0.97883,0.01492
15.30250,0.49500,0.01383,0.96954,0.01663
15.40250,0.49500,0.02090,0.96051,0.01859
15.50250,0.49500,0.01486,0.97324,0.01190
15.60250,0.49500,0.00477,0.98591,0.00932
15.70250,0.49500,0.00386,0.97937,0.01677
15.80250,0.49500,0.00421,0.98143,0.01435
15.90250,0.49500,0.00654,0.98541,0.00805
16.00250,0.49500,0.00668,0.98608,0.00724
16.10250,0.49500,0.02982,0.95047,0.01971
16.20250,0.49500,0.03006,0.96056,0.00938
16.30250,0.49500,0.01045,0.97928,0.01027
16.40250,0.49500,0.00856,0.98286,0.00858
16.50250,0.49500,0.00654,0.97900,0.01446
16.60250,0.49500,0.00470,0.98097,0.01433
16.70250,0.49500,0.01497,0.96707,0.01796
16.80250,0.49500,0.00837,0.97752,0.01412
16.90250,0.49500,0.01399,0.96179,0.02422
17.00250,0.49500,0.04509,0.91801,0.03691
17.10250,0.49500,0.01604,0.96104,0.02291
17.20250,0.49500,0.05143,0.93142,0.01715
17.30250,0.49500,0.02668,0.91341,0.05991
17.40250,0.49500,0.01396,0.95380,0.03224
17.50250,0.49500,0.03075,0.92038,0.04888
17.60250,0.49500,0.00736,0.98539,0.00725
17.70250,0.49500,0.00424,0.98869,0.00707
17.80250,0.49500,0.00517,0.98406,0.01077
17.90250,0.49500,0.00631,0.98772,0.00597
18.00250,0.49500,0.00714,0.97999,0.01287
18.10250,0.49500,0.00545,0.98304,0.01152
18.20250,0.49500,0.01140,0.97258,0.01602
18.30250,0.49500,0.00611,0.98612,0.00778
18.40250,0.49500,0.00986,0.98113,0.00901
18.50250,0.49500,0.06415,0.91940,0.01645
18.60250,0.49500,0.13251,0.82754,0.03995
18.70250,0.49500,0.07385,0.91193,0.01421
18.80250,0.49500,0.01868,0.96154,0.01978
18.90250,0.49500,0.01412,0.95927,0.02661
19.00250,0.49500,0.00475,0.98695,0.00829
19.10250,0.49500,0.00529,0.98430,0.01041
19.20250,0.49500,0.00971,0.98165,0.00865
19.30250,0.49500,0.01324,0.97451,0.01225
19.40250,0.49500,0.02524,0.95213,0.02263
19.50250,0.49500,0.01743,0.96615,0.01642
19.60250,0.49500,0.00687,0.97902,0.01411
19.70250,0.49500,0.00512,0.98904,0.00584
19.80250,0.49500,0.00768,0.96988,0.02244
19.90250,0.49500,0.00810,0.96800,0.02390
20.00250,0.49500,0.01622,0.96865,0.01514
20.10250,0.49500,0.03136,0.95370,0.01494
20.20250,0.49500,0.02844,0.96344,0.00813
20.30250,0.49500,0.01451,0.97975,0.00575
20.40250,0.49500,0.01723,0.96801,0.01476
20.50250,0.49500,0.01701,0.97877,0.00422
20.60250,0.49500,0.02831,0.96085,0.01084
20.70250,0.49500,0.02880,0.96585,0.00535
20.80250,0.49500,0.01692,0.97791,0.00518
20.90250,0.49500,0.01430,0.97811,0.00758
21.00250,0.49500,0.02683,0.95839,0.01478
21.10250,0.49500,0.02304,0.96604,0.01093
21.20250,0.49500,0.01617,0.97706,0.00677
21.30250,0.49500,0.01590,0.96840,0.01570
21.40250,0.49500,0.00615,0.98890,0.00495
21.50250,0.49500,0.00570,0.98425,0.01005
21.60250,0.49500,0.00538,0.98471,0.00991
21.70250,0.49500,0.01365,0.96499,0.02136
21.80250,0.49500,0.01141,0.97472,0.01387
21.90250,0.49500,0.01562,0.96069,0.02369
22.00250,0.49500,0.05545,0.92807,0.01648
22.10250,0.49500,0.03510,0.94981,0.01509
22.20250,0.49500,0.03542,0.95707,0.00750
22.30250,0.49500,0.09032,0.87717,0.03251
22.40250,0.49500,0.04634,0.94909,0.00457
22.50250,0.49500,0.16486,0.81914,0.01600
22.60250,0.49500,0.14367,0.85353,0.00281
22.70250,0.49500,0.87093,0.12820,0.00087
22.80250,0.49500,0.99935,0.00065,0.00000
22.90250,0.49500,1.00000,0.00000,0.00000
23.00250,0.49500,1.00000,0.00000,0.00000
23.10250,0.49500,1.00000,0.00000,0.00000
23.20250,0.49500,1.00000,0.00000,0.00000
23.30250,0.49500,1.00000,0.00000,0.00000
23.40250,0.49500,1.00000,0.00000,0.00000
23.50250,0.49500,1.00000,0.00000,0.00000
23.60250,0.49500,0.99994,0.00006,0.00000
23.70250,0.49500,0.99976,0.00024,0.00000
23.80250,0.49500,1.00000,0.00000,0.00000
23.90250,0.49500,0.99982,0.00018,0.00000
24.00250,0.49500,0.99996,0.00004,0.00000
24.10250,0.49500,0.99974,0.00026,0.00000
24.20250,0.49500,0.99993,0.00007,0.00000
24.30250,0.49500,0.99541,0.00459,0.00000
24.40250,0.49500,0.99974,0.00026,0.00000
24.50250,0.49500,0.99999,0.00001,0.00000
24.60250,0.49500,0.99999,0.00001,0.00000
24.70250,0.49500,0.99999,0.00001,0.00000
24.80250,0.49500,0.99990,0.00010,0.00000
24.90250,0.49500,0.98473,0.01527,0.00000
25.00250,0.49500,0.99624,0.00375,0.00001
25.10250,0.49500,0.97591,0.02409,0.00000
25.20250,0.49500,0.97950,0.01968,0.00082
25.30250,0.49500,0.98427,0.01420,0.00153
25.40250,0.49500,0.96893,0.03059,0.00049
25.50250,0.49500,0.85099,0.13513,0.01389
25.60250,0.49500,0.24287,0.65944,0.09769
25.70250,0.49500,0.22042,0.67166,0.10792
25.80250,0.49500,0.08146,0.64337,0.27518
25.90250,0.49500,0.04943,0.70807,0.24250
26.00250,0.49500,0.06547,0.58782,0.34671
26.10250,0.49500,0.10697,0.63529,0.25773
26.20250,0.49500,0.04840,0.91145,0.04015
26.30250,0.49500,0.20574,0.61394,0.18032
26.40250,0.49500,0.06830,0.62173,0.30998
26.50250,0.49500,0.05285,0.74566,0.20149
26.60250,0.49500,0.03124,0.90975,0.05901
26.70250,0.49500,0.01466,0.92294,0.06240
26.80250,0.49500,0.01966,0.66841,0.31193
26.90250,0.49500,0.09697,0.72141,0.18163
27.00250,0.49500,0.06173,0.76832,0.16996
27.10250,0.49500,0.03723,0.90947,0.05330
27.20250,0.49500,0.02945,0.92162,0.04892
27.30250,0.49500,0.01376,0.91059,0.07565
27.40250,0.49500,0.03681,0.81713,0.14606
27.50250,0.49500,0.03877,0.88791,0.07331
27.60250,0.49500,0.03473,0.94077,0.02450
27.70250,0.49500,0.08407,0.87031,0.04562
27.80250,0.49500,0.09456,0.77022,0.13521
27.90250,0.49500,0.12041,0.79730,0.08229
28.00250,0.49500,0.17535,0.78374,0.04091
28.10250,0.49500,0.18762,0.76075,0.05163
28.20250,0.49500,0.05227,0.87086,0.07687
28.30250,0.49500,0.16428,0.81528,0.02044
28.40250,0.49500,0.04312,0.87500,0.08188
28.50250,0.49500,0.07029,0.89911,0.03060
28.60250,0.49500,0.03649,0.92229,0.04122
28.70250,0.49500,0.01323,0.96624,0.02052
28.80250,0.49500,0.01966,0.96838,0.01195
28.90250,0.49500,0.01069,0.96002,0.02928
29.00250,0.49500,0.06736,0.89623,0.03641
29.10250,0.49500,0.04018,0.95073,0.00909
29.20250,0.49500,0.06550,0.91382,0.02067
29.30250,0.49500,0.03236,0.93907,0.02858
29.40250,0.49500,0.06034,0.89452,0.04514
29.50250,0.49500,0.00832,0.98013,0.01155
29.60250,0.49500,0.11527,0.86675,0.01798
29.70250,0.49500,0.13087,0.77239,0.09674
29.80250,0.49500,0.12469,0.75019,0.12512
29.90250,0.49500,0.06147,0.86637,0.07216
30.00250,0.49500,0.00918,0.97533,0.01549
30.10250,0.49500,0.00591,0.95934,0.03474
30.20250,0.49500,0.00382,0.97301,0.02317
30.30250,0.49500,0.00581,0.97434,0.01985
30.40250,0.49500,0.00408,0.98953,0.00639
30.50250,0.49500,0.00542,0.99011,0.00446
30.60250,0.49500,0.00740,0.97463,0.01797
30.70250,0.49500,0.01168,0.96971,0.01862
30.80250,0.49500,0.00867,0.98329,0.00804
30.90250,0.49500,0.01407,0.97038,0.01555
31.00250,0.49500,0.00975,0.98329,0.00696
31.10250,0.49500,0.01288,0.97087,0.01625
31.20250,0.49500,0.01442,0.96774,0.01785
31.30250,0.49500,0.00455,0.98996,0.00548
31.40250,0.49500,0.00755,0.98892,0.00353
31.50250,0.49500,0.00794,0.98412,0.00795
31.60250,0.49500,0.00888,0.97267,0.01845
31.70250,0.49500,0.00921,0.96062,0.03017
31.80250,0.49500,0.03678,0.89834,0.06487
31.90250,0.49500,0.03487,0.94445,0.02068
32.00250,0.49500,0.04071,0.91466,0.04463
32.10250,0.49500,0.01401,0.93940,0.04659
32.20250,0.49500,0.02091,0.78636,0.19272
32.30250,0.49500,0.02271,0.72021,0.25708
32.40250,0.49500,0.01636,0.89000,0.09364
32.50250,0.49500,0.02228,0.82728,0.15043
32.60250,0.49500,0.00985,0.93752,0.05262
32.70250,0.49500,0.02387,0.87173,0.10441
32.80250,0.49500,0.01301,0.89340,0.09359
32.90250,0.49500,0.00622,0.96115,0.03263
33.00250,0.49500,0.00365,0.96220,0.03416
33.10250,0.49500,0.00521,0.95616,0.03863
33.20250,0.49500,0.00240,0.98979,0.00782
33.30250,0.49500,0.00555,0.94527,0.04919
33.40250,0.49500,0.00896,0.93619,0.05486
33.50250,0.49500,0.01489,0.86452,0.12059
33.60250,0.49500,0.03617,0.89039,0.07345
33.70250,0.49500,0.02941,0.95711,0.01348
33.80250,0.49500,0.04354,0.90986,0.04660
33.90250,0.49500,0.02492,0.94500,0.03008
34.00250,0.49500,0.02323,0.87475,0.10203
34.10250,0.49500,0.01642,0.95398,0.02961
34.20250,0.49500,0.02164,0.95774,0.02061
34.30250,0.49500,0.04247,0.83724,0.12029
34.40250,0.49500,0.01392,0.91273,0.07335
34.50250,0.49500,0.00549,0.94239,0.05212
34.60250,0.49500,0.00473,0.97166,0.02361
34.70250,0.49500,0.00670,0.82351,0.16979
34.80250,0.49500,0.01033,0.81185,0.17782
34.90250,0.49500,0.00945,0.66252,0.32802
35.00250,0.49500,0.04531,0.83891,0.11579
35.10250,0.49500,0.02764,0.94936,0.02301
35.20250,0.49500,0.01770,0.92687,0.05543
35.30250,0.49500,0.05804,0.89648,0.04548
35.40250,0.49500,0.01086,0.98616,0.00298
35.50250,0.49500,0.01499,0.94398,0.04103
35.60250,0.49500,0.02115,0.95689,0.02197
35.70250,0.49500,0.00978,0.97748,0.01274
35.80250,0.49500,0.01016,0.98786,0.00198
35.90250,0.49500,0.03366,0.92289,0.04345
36.00250,0.49500,0.04214,0.93740,0.02046
36.10250,0.49500,0.03246,0.96048,0.00706
36.20250,0.49500,0.04523,0.93965,0.01512
36.30250,0.49500,0.04901,0.94466,0.00633
36.40250,0.49500,0.21478,0.74540,0.03982
36.50250,0.49500,0.12761,0.84441,0.02798
36.60250,0.49500,0.06079,0.93167,0.00755
36.70250,0.49500,0.08649,0.89425,0.01926
36.80250,0.49500,0.01657,0.97585,0.00758
36.90250,0.49500,0.01268,0.96672,0.02060
37.00250,0.49500,0.00382,0.99409,0.00210
37.10250,0.49500,0.00304,0.99420,0.00276
37.20250,0.49500,0.00495,0.98287,0.01218
37.30250,0.49500,0.01025,0.94629,0.04346
37.40250,0.49500,0.01812,0.87287,0.10901
37.50250,0.49500,0.05816,0.84453,0.09731
37.60250,0.49500,0.04278,0.93670,0.02052
37.70250,0.49500,0.21185,0.71562,0.07253
37.80250,0.49500,0.19465,0.72148,0.08388
37.90250,0.49500,0.39244,0.55518,0.05238
38.00250,0.49500,0.76808,0.21337,0.01855
38.10250,0.49500,0.57366,0.42191,0.00444
38.20250,0.49500,0.88809,0.10989,0.00202
38.30250,0.49500,0.95193,0.04639,0.00168
38.40250,0.49500,0.94159,0.05835,0.00005
38.50250,0.49500,0.97454,0.02527,0.00019
38.60250,0.49500,1.00000,0.00000,0.00000
38.70250,0.49500,0.99997,0.00003,0.00000
38.80250,0.49500,1.00000,0.00000,0.00000
38.90250,0.49500,1.00000,0.00000,0.00000
39.00250,0.49500,1.00000,0.00000,0.00000
39.10250,0.49500,1.00000,0.00000,0.00000
39.20250,0.49500,1.00000,0.00000,0.00000
39.30250,0.49500,1.00000,0.00000,0.00000
39.40250,0.49500,1.00000,0.00000,0.00000
39.50250,0.49500,1.00000,0.00000,0.00000
39.60250,0.49500,1.00000,0.00000,0.00000
39.70250,0.49500,1.00000,0.00000,0.00000
39.80250,0.49500,1.00000,0.00000,0.00000
39.90250,0.49500,1.00000,0.00000,0.00000
40.00250,0.49500,1.00000,0.00000,0.00000
40.10250,0.49500,1.00000,0.00000,0.00000
40.20250,0.49500,1.00000,0.00000,0.00000
40.30250,0.49500,1.00000,0.00000,0.00000
40.40250,0.49500,0.99998,0.00001,0.00001
40.50250,0.49500,0.99629,0.00271,0.00100
40.60250,0.49500,0.98785,0.00968,0.00247
40.70250,0.49500,0.80262,0.14608,0.05130
40.80250,0.49500,0.75342,0.18473,0.06185
40.90250,0.49500,0.36314,0.29802,0.33884
41.00250,0.49500,0.41289,0.21397,0.37313
41.10250,0.49500,0.33614,0.13742,0.52644
41.20250,0.49500,0.24077,0.09712,0.66211
41.30250,0.49500,0.33363,0.10938,0.55698
41.40250,0.49500,0.13013,0.22507,0.64480
41.50250,0.49500,0.17998,0.18672,0.63330
41.60250,0.49500,0.05729,0.11991,0.82281
41.70250,0.49500,0.10170,0.11102,0.78728
41.80250,0.49500,0.09962,0.22359,0.67679
41.90250,0.49500,0.09830,0.23086,0.67084
42.00250,0.49500,0.08975,0.25587,0.65438
42.10250,0.49500,0.04067,0.11317,0.84616
42.20250,0.49500,0.02426,0.07274,0.90299
42.30250,0.49500,0.02137,0.06467,0.91396
42.40250,0.49500,0.05149,0.12808,0.82042
42.50250,0.49500,0.04096,0.15215,0.80690
42.60250,0.49500,0.02624,0.09335,0.88041
42.70250,0.49500,0.00689,0.09163,0.90148
42.80250,0.49500,0.00579,0.09906,0.89515
42.90250,0.49500,0.02796,0.10198,0.87007
43.00250,0.49500,0.02941,0.13845,0.83214
43.10250,0.49500,0.04674,0.23513,0.71814
43.20250,0.49500,0.02798,0.19199,0.78003
43.30250,0.49500,0.01943,0.16030,0.82028
43.40250,0.49500,0.04130,0.27114,0.68756
43.50250,0.49500,0.02786,0.24850,0.72365
43.60250,0.49500,0.00822,0.13622,0.85556
43.70250,0.49500,0.00438,0.12728,0.86834
43.80250,0.49500,0.00541,0.22259,0.77200
43.90250,0.49500,0.00719,0.12903,0.86378
44.00250,0.49500,0.00708,0.12725,0.86567
44.10250,0.49500,0.01662,0.12063,0.86276
44.20250,0.49500,0.00809,0.19498,0.79694
44.30250,0.49500,0.00706,0.10937,0.88356
44.40250,0.49500,0.01117,0.14016,0.84867
44.50250,0.49500,0.01183,0.14079,0.84738
44.60250,0.49500,0.01471,0.13164,0.85366
44.70250,0.49500,0.00780,0.15046,0.84174
44.80250,0.49500,0.01177,0.16410,0.82413
44.90250,0.49500,0.01826,0.29170,0.69005
45.00250,0.49500,0.01415,0.17301,0.81285
45.10250,0.49500,0.00492,0.16269,0.83239
45.20250,0.49500,0.00597,0.11689,0.87714
45.30250,0.49500,0.01332,0.15557,0.83111
45.40250,0.49500,0.01267,0.12050,0.86684
45.50250,0.49500,0.01878,0.17276,0.80847
45.60250,0.49500,0.01073,0.19168,0.79760
45.70250,0.49500,0.01974,0.20158,0.77868
45.80250,0.49500,0.02346,0.37054,0.60599
45.90250,0.49500,0.01262,0.22392,0.76345
46.00250,0.49500,0.00850,0.22766,0.76384
46.10250,0.49500,0.00796,0.17069,0.82134
46.20250,0.49500,0.00531,0.14130,0.85339
46.30250,0.49500,0.01039,0.16677,0.82284
46.40250,0.49500,0.00425,0.15241,0.84333
46.50250,0.49500,0.00563,0.20735,0.78702
46.60250,0.49500,0.00471,0.21844,0.77685
46.70250,0.49500,0.00776,0.21600,0.77624
46.80250,0.49500,0.00906,0.25526,0.73568
46.90250,0.49500,0.01553,0.21551,0.76896
47.00250,0.49500,0.00897,0.23644,0.75459
47.10250,0.49500,0.01996,0.23125,0.74879
47.20250,0.49500,0.01505,0.16609,0.81886
47.30250,0.49500,0.00759,0.19031,0.80210
47.40250,0.49500,0.00326,0.25888,0.73786
47.50250,0.49500,0.00935,0.20896,0.78169
47.60250,0.49500,0.00736,0.16949,0.82315
47.70250,0.49500,0.01739,0.22641,0.75620
47.80250,0.49500,0.01459,0.23493,0.75048
47.90250,0.49500,0.01266,0.15906,0.82828
48.00250,0.49500,0.00416,0.19466,0.80119
48.10250,0.49500,0.01033,0.24538,0.74430
48.20250,0.49500,0.01629,0.24650,0.73721
48.30250,0.49500,0.02326,0.15279,0.82396
48.40250,0.49500,0.02079,0.21867,0.76053
48.50250,0.49500,0.01968,0.15485,0.82547
48.60250,0.49500,0.03279,0.21243,0.75478
48.70250,0.49500,0.03380,0.17218,0.79402
48.80250,0.49500,0.02524,0.23634,0.73841
48.90250,0.49500,0.02770,0.16850,0.80379
49.00250,0.49500,0.00619,0.33129,0.66252
49.10250,0.49500,0.01207,0.25401,0.73392
49.20250,0.49500,0.00811,0.21925,0.77264
49.30250,0.49500,0.01548,0.22389,0.76063
49.40250,0.49500,0.01393,0.18244,0.80364
49.50250,0.49500,0.01112,0.16291,0.82598
49.60250,0.49500,0.00717,0.22412,0.76871
49.70250,0.49500,0.00902,0.22531,0.76566
49.80250,0.49500,0.01012,0.21535,0.77453
49.90250,0.49500,0.04148,0.20856,0.74996
50.00250,0.49500,0.03092,0.36052,0.60856
50.10250,0.49500,0.02668,0.18569,0.78763
50.20250,0.49500,0.01027,0.19143,0.79830
50.30250,0.49500,0.00893,0.16855,0.82252
50.40250,0.49500,0.01873,0.24526,0.73601
50.50250,0.49500,0.01311,0.26742,0.71947
50.60250,0.49500,0.01351,0.12106,0.86543
50.70250,0.49500,0.00862,0.27353,0.71785
50.80250,0.49500,0.01359,0.15036,0.83605
50.90250,0.49500,0.04606,0.20893,0.74501
51.00250,0.49500,0.02993,0.16936,0.80071
51.10250,0.49500,0.01901,0.09978,0.88121
51.20250,0.49500,0.00819,0.05727,0.93454
51.30250,0.49500,0.01126,0.09111,0.89764
51.40250,0.49500,0.00486,0.07914,0.91600
51.50250,0.49500,0.03226,0.11502,0.85272
51.60250,0.49500,0.02051,0.13848,0.84102
51.70250,0.49500,0.01437,0.14739,0.83824
51.80250,0.49500,0.02790,0.12277,0.84933
51.90250,0.49500,0.05526,0.16936,0.77537
52.00250,0.49500,0.06640,0.32657,0.60702
52.10250,0.49500,0.08179,0.22631,0.69190
52.20250,0.49500,0.03210,0.18798,0.77992
52.30250,0.49500,0.02707,0.09553,0.87740
52.40250,0.49500,0.01467,0.22103,0.76429
52.50250,0.49500,0.02618,0.22722,0.74660
52.60250,0.49500,0.00748,0.16753,0.82499
52.70250,0.49500,0.00572,0.21451,0.77977
52.80250,0.49500,0.00568,0.09835,0.89597
52.90250,0.49500,0.00792,0.14136,0.85072
53.00250,0.49500,0.00967,0.15593,0.83441
53.10250,0.49500,0.02147,0.13362,0.84490
53.20250,0.49500,0.01377,0.17714,0.80909
53.30250,0.49500,0.01366,0.05864,0.92771
53.40250,0.49500,0.01388,0.06457,0.92155
53.50250,0.49500,0.03647,0.14791,0.81562
53.60250,0.49500,0.04297,0.23569,0.72134
53.70250,0.49500,0.04911,0.16461,0.78629
53.80250,0.49500,0.03881,0.28053,0.68066
53.90250,0.49500,0.02331,0.25330,0.72339
54.00250,0.49500,0.02515,0.32071,0.65414
54.10250,0.49500,0.01831,0.21406,0.76763
54.20250,0.49500,0.03477,0.15310,0.81214
54.30250,0.49500,0.01674,0.14676,0.83649
54.40250,0.49500,0.46373,0.22345,0.31282
54.50250,0.49500,0.24142,0.04421,0.71437
54.60250,0.49500,0.97849,0.00616,0.01535
54.70250,0.49500,0.99518,0.00170,0.00311
54.80250,0.49500,0.83293,0.14047,0.02660
54.90250,0.49500,0.99998,0.00002,0.00000
55.00250,0.49500,0.99999,0.00001,0.00000
55.10250,0.49500,0.99996,0.00004,0.00000
55.20250,0.49500,1.00000,0.00000,0.00000
55.30250,0.49500,1.00000,0.00000,0.00000
55.40250,0.49500,1.00000,0.00000,0.00000
55.50250,0.49500,1.00000,0.00000,0.00000
55.60250,0.49500,0.99922,0.00078,0.00000
55.70250,0.49500,0.99940,0.00060,0.00000
55.80250,0.49500,0.99770,0.00230,0.00000
55.90250,0.49500,0.99998,0.00002,0.00000
56.00250,0.49500,0.99919,0.00081,0.00000
56.10250,0.49500,0.99977,0.00023,0.00000
56.20250,0.49500,0.99688,0.00312,0.00000
56.30250,0.49500,0.90824,0.09176,0.00000
56.40250,0.49500,0.92591,0.07409,0.00000
56.50250,0.49500,0.80176,0.19824,0.00000
56.60250,0.49500,0.92110,0.07890,0.00000
56.70250,0.49500,0.88433,0.11567,0.00000
56.80250,0.49500,0.95973,0.04027,0.00000
56.90250,0.49500,0.99830,0.00170,0.00000
57.00250,0.49500,0.99727,0.00273,0.00000
57.10250,0.49500,1.00000,0.00000,0.00000
57.20250,0.49500,0.99996,0.00004,0.00000
57.30250,0.49500,1.00000,0.00000,0.00000
57.40250,0.49500,1.00000,0.00000,0.00000
57.50250,0.49500,1.00000,0.00000,0.00000
57.60250,0.49500,1.00000,0.00000,0.00000
57.70250,0.49500,1.00000,0.00000,0.00000
57.80250,0.49500,1.00000,0.00000,0.00000
57.90250,0.49500,1.00000,0.00000,0.00000
58.00250,0.49500,1.00000,0.00000,0.00000
58.10250,0.49500,0.99974,0.00026,0.00000
58.20250,0.49500,0.86925,0.12776,0.00299
58.30250,0.49500,0.98574,0.00914,0.00512
58.40250,0.49500,0.99973,0.00024,0.00002
58.50250,0.49500,0.99965,0.00012,0.00023
58.60250,0.49500,0.99999,0.00000,0.00000
58.70250,0.49500,0.99945,0.00000,0.00055
58.80250,0.49500,0.99775,0.00003,0.00222
58.90250,0.49500,0.85644,0.00025,0.14331
59.00250,0.49500,0.99285,0.00186,0.00529
59.10250,0.49500,0.99933,0.00019,0.00048
59.20250,0.49500,0.99918,0.00001,0.00080
59.30250,0.49500,0.99991,0.00003,0.00006
59.40250,0.49500,0.99997,0.00001,0.00002
59.50250,0.49500,1.00000,0.00000,0.00000
59.60250,0.49500,0.99917,0.00072,0.00011
59.70250,0.49500,0.99932,0.00067,0.00001
59.80250,0.49500,1.00000,0.00000,0.00000
59.90250,0.49500,1.00000,0.00000,0.00000
60.00250,0.49500,1.00000,0.00000,0.00000
60.10250,0.49500,1.00000,0.00000,0.00000
60.20250,0.49500,1.00000,0.00000,0.00000
60.30250,0.49500,1.00000,0.00000,0.00000
60.40250,0.49500,1.00000,0.00000,0.00000
60.50250,0.49500,1.00000,0.00000,0.00000
60.60250,0.49500,1.00000,0.00000,0.00000
60.70250,0.49500,1.00000,0.00000,0.00000
60.80250,0.49500,1.00000,0.00000,0.00000
60.90250,0.49500,1.00000,0.00000,0.00000
61.00250,0.49500,1.00000,0.00000,0.00000
61.10250,0.49500,1.00000,0.00000,0.00000
61.20250,0.49500,1.00000,0.00000,0.00000
61.30250,0.49500,0.99997,0.00003,0.00000
61.40250,0.49500,0.99987,0.00013,0.00000
61.50250,0.49500,1.00000,0.00000,0.00000
61.60250,0.49500,0.99992,0.00008,0.00000
61.70250,0.49500,0.99998,0.00000,0.00002
61.80250,0.49500,1.00000,0.00000,0.00000
61.90250,0.49500,0.70159,0.00224,0.29616
62.00250,0.49500,0.65381,0.00091,0.34528
62.10250,0.49500,0.89298,0.00788,0.09914
62.20250,0.49500,0.87799,0.01480,0.10721
62.30250,0.49500,0.92994,0.05784,0.01222
62.40250,0.49500,0.99990,0.00006,0.00004
62.50250,0.49500,0.99999,0.00001,0.00000
62.60250,0.49500,0.99999,0.00001,0.00000
62.70250,0.49500,0.99997,0.00003,0.00000
62.80250,0.49500,1.00000,0.00000,0.00000
62.90250,0.49500,0.98625,0.01375,0.00000
63.00250,0.49500,0.38911,0.60918,0.00171
63.10250,0.49500,0.06573,0.92956,0.00471
63.20250,0.49500,0.02815,0.95621,0.01565
63.30250,0.49500,0.06555,0.91321,0.02124
63.40250,0.49500,0.07434,0.91265,0.01300
63.50250,0.49500,0.03204,0.95401,0.01394
63.60250,0.49500,0.01664,0.95035,0.03302
63.70250,0.49500,0.01379,0.97595,0.01026
63.80250,0.49500,0.01243,0.97593,0.01164
63.90250,0.49500,0.01857,0.97567,0.00576
64.00250,0.49500,0.01376,0.98046,0.00578
64.10250,0.49500,0.00437,0.99144,0.00419
64.20250,0.49500,0.00200,0.99141,0.00660
64.30250,0.49500,0.00332,0.98952,0.00715
64.40250,0.49500,0.00344,0.98685,0.00972
64.50250,0.49500,0.00656,0.98607,0.00737
64.60250,0.49500,0.00498,0.98366,0.01136
64.70250,0.49500,0.00854,0.98604,0.00542
64.80250,0.49500,0.01415,0.96393,0.02192
64.90250,0.49500,0.00987,0.96964,0.02050
65.00250,0.49500,0.00546,0.97838,0.01616
65.10250,0.49500,0.00498,0.98244,0.01257
65.20250,0.49500,0.00502,0.97366,0.02132
65.30250,0.49500,0.00388,0.98370,0.01242
65.40250,0.49500,0.00482,0.98209,0.01310
65.50250,0.49500,0.00529,0.98293,0.01179
65.60250,0.49500,0.00481,0.98552,0.00967
65.70250,0.49500,0.01887,0.96624,0.01489
65.80250,0.49500,0.00891,0.97838,0.01271
65.90250,0.49500,0.01110,0.98370,0.00520
66.00250,0.49500,0.03118,0.94080,0.02802
66.10250,0.49500,0.04494,0.93952,0.01554
66.20250,0.49500,0.01723,0.97152,0.01125
66.30250,0.49500,0.00984,0.98022,0.00995
66.40250,0.49500,0.01265,0.96159,0.02576
66.50250,0.49500,0.00574,0.98196,0.01230
66.60250,0.49500,0.00664,0.97698,0.01639
66.70250,0.49500,0.00408,0.98376,0.01216
66.80250,0.49500,0.00927,0.97520,0.01553
66.90250,0.49500,0.00851,0.98114,0.01035
67.00250,0.49500,0.00810,0.97497,0.01693
67.10250,0.49500,0.00858,0.97493,0.01649
67.20250,0.49500,0.00343,0.98535,0.01123
67.30250,0.49500,0.00630,0.97665,0.01705
67.40250,0.49500,0.00413,0.98515,0.01073
67.50250,0.49500,0.01205,0.97717,0.01078
67.60250,0.49500,0.00479,0.97627,0.01894
67.70250,0.49500,0.01108,0.98312,0.00580
67.80250,0.49500,0.01433,0.96519,0.02049
67.90250,0.49500,0.00978,0.98071,0.00951
68.00250,0.49500,0.01526,0.97448,0.01025
68.10250,0.49500,0.00978,0.97581,0.01440
68.20250,0.49500,0.00905,0.98487,0.00608
68.30250,0.49500,0.00391,0.98893,0.00717
68.40250,0.49500,0.00419,0.98567,0.01013
68.50250,0.49500,0.00597,0.98031,0.01372
68.60250,0.49500,0.00346,0.98579,0.01075
68.70250,0.49500,0.00461,0.98966,0.00573
68.80250,0.49500,0.00782,0.98292,0.00926
68.90250,0.49500,0.00550,0.98851,0.00599
69.00250,0.49500,0.00374,0.99023,0.00603
69.10250,0.49500,0.00796,0.98290,0.00914
69.20250,0.49500,0.01099,0.97345,0.01556
69.30250,0.49500,0.01832,0.97288,0.00880
69.40250,0.49500,0.02151,0.96901,0.00948
69.50250,0.49500,0.01276,0.98017,0.00707
69.60250,0.49500,0.00862,0.98358,0.00780
69.70250,0.49500,0.00766,0.98205,0.01029
69.80250,0.49500,0.00509,0.97700,0.01791
69.90250,0.49500,0.00732,0.97188,0.02080
70.00250,0.49500,0.00431,0.98363,0.01205
70.10250,0.49500,0.00414,0.98548,0.01038
70.20250,0.49500,0.00469,0.98437,0.01094
70.30250,0.49500,0.00630,0.97876,0.01494
70.40250,0.49500,0.01030,0.97101,0.01869
70.50250,0.49500,0.00897,0.97624,0.01480
70.60250,0.49500,0.01398,0.96492,0.02109
70.70250,0.49500,0.00766,0.97350,0.01884
70.80250,0.49500,0.00404,0.98867,0.00728
70.90250,0.49500,0.00417,0.97995,0.01589
71.00250,0.49500,0.00355,0.98355,0.01290
71.10250,0.49500,0.00400,0.98109,0.01492
71.20250,0.49500,0.00678,0.97985,0.01337
71.30250,0.49500,0.02265,0.95968,0.01767
71.40250,0.49500,0.02211,0.94844,0.02945
71.50250,0.49500,0.04190,0.95036,0.00774
71.60250,0.49500,0.01352,0.94418,0.04230
71.70250,0.49500,0.01236,0.94864,0.03900
71.80250,0.49500,0.03540,0.75960,0.20499
71.90250,0.49500,0.03271,0.87163,0.09566
72.00250,0.49500,0.03028,0.94227,0.02745
72.10250,0.49500,0.01198,0.83831,0.14971
72.20250,0.49500,0.01866,0.89768,0.08366
72.30250,0.49500,0.00727,0.93236,0.06037
72.40250,0.49500,0.01088,0.93205,0.05708
72.50250,0.49500,0.01233,0.87952,0.10814
72.60250,0.49500,0.03373,0.80460,0.16167
72.70250,0.49500,0.02155,0.87146,0.10700
72.80250,0.49500,0.00702,0.90313,0.08985
72.90250,0.49500,0.00517,0.88096,0.11386
73.00250,0.49500,0.00369,0.94726,0.04904
73.10250,0.49500,0.01311,0.94929,0.03761
73.20250,0.49500,0.01229,0.96483,0.02288
73.30250,0.49500,0.01403,0.95995,0.02602
73.40250,0.49500,0.01389,0.94892,0.03719
73.50250,0.49500,0.02231,0.92643,0.05126
73.60250,0.49500,0.01018,0.96220,0.02762
73.70250,0.49500,0.01529,0.92337,0.06134
73.80250,0.49500,0.00862,0.89501,0.09637
73.90250,0.49500,0.00596,0.93794,0.05610
74.00250,0.49500,0.00781,0.94619,0.04601
74.10250,0.49500,0.01659,0.91702,0.06639
74.20250,0.49500,0.01968,0.93089,0.04943
74.30250,0.49500,0.03060,0.87553,0.09387
74.40250,0.49500,0.03026,0.93655,0.03319
74.50250,0.49500,0.02966,0.93162,0.03873
74.60250,0.49500,0.04174,0.93941,0.01885
74.70250,0.49500,0.01852,0.97045,0.01102
74.80250,0.49500,0.06446,0.90676,0.02878
74.90250,0.49500,0.01502,0.95078,0.03420
75.00250,0.49500,0.04082,0.92972,0.02946
75.10250,0.49500,0.02134,0.93420,0.04446
75.20250,0.49500,0.01242,0.96832,0.01926
75.30250,0.49500,0.00695,0.98118,0.01187
75.40250,0.49500,0.01186,0.96673,0.02141
75.50250,0.49500,0.00391,0.98170,0.01439
75.60250,0.49500,0.00612,0.98504,0.00883
75.70250,0.49500,0.03554,0.93572,0.02873
75.80250,0.49500,0.04858,0.89448,0.05693
75.90250,0.49500,0.03707,0.95160,0.01133
76.00250,0.49500,0.02155,0.92569,0.05276
76.10250,0.49500,0.01939,0.96096,0.01965
76.20250,0.49500,0.00803,0.97172,0.02026
76.30250,0.49500,0.01620,0.97450,0.00930
76.40250,0.49500,0.01404,0.95031,0.03564
76.50250,0.49500,0.01309,0.96898,0.01793
76.60250,0.49500,0.00664,0.98524,0.00811
76.70250,0.49500,0.01175,0.97778,0.01047
76.80250,0.49500,0.03095,0.94845,0.02061
76.90250,0.49500,0.03776,0.94272,0.01952
77.00250,0.49500,0.03719,0.94234,0.02047
77.10250,0.49500,0.03299,0.95772,0.00929
77.20250,0.49500,0.01943,0.95709,0.02348
77.30250,0.49500,0.00890,0.96953,0.02157
77.40250,0.49500,0.00964,0.96874,0.02162
77.50250,0.49500,0.01255,0.92224,0.06521
77.60250,0.49500,0.00897,0.93553,0.05550
77.70250,0.49500,0.00559,0.96488,0.02953
77.80250,0.49500,0.00950,0.96249,0.02801
77.90250,0.49500,0.02297,0.93344,0.04359
78.00250,0.49500,0.03568,0.93715,0.02716
78.10250,0.49500,0.01647,0.96543,0.01810
78.20250,0.49500,0.01523,0.95837,0.02640
78.30250,0.49500,0.02684,0.96155,0.01160
78.40250,0.49500,0.02274,0.93691,0.04035
78.50250,0.49500,0.10962,0.87611,0.01426
78.60250,0.49500,0.06590,0.86927,0.06483
78.70250,0.49500,0.06907,0.91545,0.01548
78.80250,0.49500,0.02123,0.97338,0.00539
78.90250,0.49500,0.01833,0.94301,0.03866
79.00250,0.49500,0.02327,0.93651,0.04022
79.10250,0.49500,0.01912,0.89817,0.08271
79.20250,0.49500,0.05237,0.90894,0.03868
79.30250,0.49500,0.06278,0.88797,0.04925
79.40250,0.49500,0.01905,0.96203,0.01892
79.50250,0.49500,0.03540,0.91453,0.05006
79.60250,0.49500,0.03784,0.91583,0.04632
79.70250,0.49500,0.01828,0.94609,0.03563
79.80250,0.49500,0.04730,0.90005,0.05266
79.90250,0.49500,0.03344,0.93279,0.03377
80.00250,0.49500,0.05680,0.92530,0.01790
80.10250,0.49500,0.04738,0.89301,0.05961
80.20250,0.49500,0.05274,0.91979,0.02748
80.30250,0.49500,0.02166,0.92527,0.05308
80.40250,0.49500,0.02711,0.95910,0.01379
80.50250,0.49500,0.02692,0.92398,0.04911
80.60250,0.49500,0.03051,0.89017,0.07933
80.70250,0.49500,0.02688,0.93146,0.04166
80.80250,0.49500,0.02366,0.92631,0.05003
80.90250,0.49500,0.01296,0.97051,0.01654
81.00250,0.49500,0.01489,0.93048,0.05462
81.10250,0.49500,0.00895,0.95557,0.03548
81.20250,0.49500,0.00641,0.95758,0.03601
81.30250,0.49500,0.00580,0.95922,0.03498
81.40250,0.49500,0.00457,0.96973,0.02569
81.50250,0.49500,0.00329,0.95753,0.03918
81.60250,0.49500,0.00193,0.97833,0.01975
81.70250,0.49500,0.00427,0.95309,0.04265
81.80250,0.49500,0.00454,0.96966,0.02579
81.90250,0.49500,0.01610,0.92716,0.05675
82.00250,0.49500,0.01417,0.94875,0.03707
82.10250,0.49500,0.00668,0.96459,0.02873
82.20250,0.49500,0.01143,0.92424,0.06433
82.30250,0.49500,0.01300,0.92944,0.05756
82.40250,0.49500,0.01862,0.93171,0.04966
82.50250,0.49500,0.01161,0.86116,0.12723
82.60250,0.49500,0.01143,0.95214,0.03643
82.70250,0.49500,0.00497,0.96522,0.02981
82.80250,0.49500,0.00388,0.94357,0.05254
82.90250,0.49500,0.00705,0.94283,0.05013
83.00250,0.49500,0.00593,0.97918,0.01489
83.10250,0.49500,0.00358,0.98365,0.01278
83.20250,0.49500,0.00492,0.95678,0.03830
83.30250,0.49500,0.00360,0.97801,0.01838
83.40250,0.49500,0.00681,0.96939,0.02380
83.50250,0.49500,0.00550,0.97526,0.01924
83.60250,0.49500,0.00477,0.96466,0.03057
83.70250,0.49500,0.00535,0.97694,0.01771
83.80250,0.49500,0.00633,0.97622,0.01745
83.90250,0.49500,0.00543,0.96915,0.02542
84.00250,0.49500,0.00635,0.97290,0.02075
84.10250,0.49500,0.00629,0.96489,0.02882
84.20250,0.49500,0.01190,0.97626,0.01184
84.30250,0.49500,0.01090,0.97261,0.01648
84.40250,0.49500,0.00753,0.98618,0.00629
84.50250,0.49500,0.01913,0.95709,0.02378
84.60250,0.49500,0.01151,0.95388,0.03462
84.70250,0.49500,0.00859,0.97814,0.01327
84.80250,0.49500,0.00804,0.96018,0.03178
84.90250,0.49500,0.01614,0.93660,0.04725
85.00250,0.49500,0.02302,0.96486,0.01212
85.10250,0.49500,0.03024,0.93308,0.03669
85.20250,0.49500,0.05944,0.90336,0.03720
85.30250,0.49500,0.03501,0.91533,0.04966
85.40250,0.49500,0.01844,0.94707,0.03449
85.50250,0.49500,0.01103,0.93809,0.05088
85.60250,0.49500,0.01731,0.95596,0.02672
85.70250,0.49500,0.21175,0.77415,0.01410
85.80250,0.49500,0.82572,0.13818,0.03610
85.90250,0.49500,0.98861,0.01138,0.00001
86.00250,0.49500,0.99889,0.00053,0.00058
86.10250,0.49500,1.00000,0.00000,0.00000
86.20250,0.49500,1.00000,0.00000,0.00000
86.30250,0.49500,1.00000,0.00000,0.00000
86.40250,0.49500,1.00000,0.00000,0.00000
86.50250,0.49500,1.00000,0.00000,0.00000
86.60250,0.49500,1.00000,0.00000,0.00000
86.70250,0.49500,1.00000,0.00000,0.00000
86.80250,0.49500,1.00000,0.00000,0.00000
86.90250,0.49500,1.00000,0.00000,0.00000
87.00250,0.49500,1.00000,0.00000,0.00000
87.10250,0.49500,1.00000,0.00000,0.00000
87.20250,0.49500,1.00000,0.00000,0.00000
87.30250,0.49500,1.00000,0.00000,0.00000
87.40250,0.49500,1.00000,0.00000,0.00000
87.50250,0.49500,1.00000,0.00000,0.00000
87.60250,0.49500,1.00000,0.00000,0.00000
87.70250,0.49500,1.00000,0.00000,0.00000
87.80250,0.49500,0.99999,0.00001,0.00000
87.90250,0.49500,0.99999,0.00001,0.00000
88.00250,0.49500,0.84026,0.15974,0.00000
88.10250,0.49500,0.68251,0.31749,0.00000
88.20250,0.49500,0.38256,0.61744,0.00000
88.30250,0.49500,0.19268,0.80732,0.00000
88.40250,0.49500,0.02841,0.97159,0.00000
88.50250,0.49500,0.02954,0.97046,0.00000
88.60250,0.49500,0.05376,0.94624,0.00000
88.70250,0.49500,0.01969,0.98031,0.00000
88.80250,0.49500,0.01018,0.98982,0.00000
88.90250,0.49500,0.01234,0.98766,0.00000
89.00250,0.49500,0.00325,0.99675,0.00000
89.10250,0.49500,0.03536,0.96464,0.00000
89.20250,0.49500,0.01015,0.98985,0.00000
89.30250,0.49500,0.01787,0.98213,0.00000
89.40250,0.49500,0.01880,0.98120,0.00000
89.50250,0.49500,0.00310,0.99690,0.00000
89.60250,0.49500,0.01941,0.98059,0.00000
89.70250,0.49500,0.01250,0.98750,0.00000
89.80250,0.49500,0.03011,0.96989,0.00000
89.90250,0.49500,0.03289,0.96711,0.00000
90.00250,0.49500,0.00796,0.99204,0.00000
90.10250,0.49500,0.00780,0.99220,0.00000
90.20250,0.49500,0.06996,0.93004,0.00000
90.30250,0.49500,0.02829,0.97171,0.00000
90.40250,0.49500,0.05700,0.94300,0.00000
90.50250,0.49500,0.02991,0.97009,0.00000
90.60250,0.49500,0.03604,0.96396,0.00000
90.70250,0.49500,0.01314,0.98686,0.00000
90.80250,0.49500,0.06268,0.93732,0.00000
90.90250,0.49500,0.05627,0.94373,0.00000
91.00250,0.49500,0.01398,0.98602,0.00000
91.10250,0.49500,0.01606,0.98394,0.00000
91.20250,0.49500,0.02455,0.97545,0.00000
91.30250,0.49500,0.00525,0.99475,0.00000
91.40250,0.49500,0.03137,0.96863,0.00000
91.50250,0.49500,0.01722,0.98278,0.00000
91.60250,0.49500,0.00802,0.99198,0.00000
91.70250,0.49500,0.00720,0.99280,0.00000
91.80250,0.49500,0.00468,0.99532,0.00000
91.90250,0.49500,0.02253,0.97747,0.00000
92.00250,0.49500,0.01004,0.98996,0.00000
92.10250,0.49500,0.01871,0.98129,0.00000
92.20250,0.49500,0.01767,0.98233,0.00000
92.30250,0.49500,0.00463,0.99537,0.00000
92.40250,0.49500,0.01807,0.98193,0.00000
92.50250,0.49500,0.01842,0.98158,0.00000
92.60250,0.49500,0.00958,0.99042,0.00000
92.70250,0.49500,0.00925,0.99075,0.00000
92.80250,0.49500,0.01338,0.98662,0.00000
92.90250,0.49500,0.01111,0.98889,0.00000
93.00250,0.49500,0.00891,0.99109,0.00000
93.10250,0.49500,0.00811,0.99189,0.00000
93.20250,0.49500,0.00919,0.99081,0.00000
93.30250,0.49500,0.01457,0.98543,0.00000
93.40250,0.49500,0.00823,0.99177,0.00000
93.50250,0.49500,0.00501,0.99499,0.00000
93.60250,0.49500,0.00898,0.99102,0.00000
93.70250,0.49500,0.01742,0.98258,0.00000
93.80250,0.49500,0.00820,0.99180,0.00000
93.90250,0.49500,0.00781,0.99219,0.00000
94.00250,0.49500,0.07244,0.92756,0.00000
94.10250,0.49500,0.01512,0.98488,0.00000
94.20250,0.49500,0.01581,0.98419,0.00000
94.30250,0.49500,0.01753,0.98247,0.00000
94.40250,0.49500,0.00631,0.99369,0.00000
94.50250,0.49500,0.00475,0.99525,0.00000
94.60250,0.49500,0.00697,0.99303,0.00000
94.70250,0.49500,0.00352,0.99648,0.00000
94.80250,0.49500,0.00573,0.99427,0.00000
94.90250,0.49500,0.00650,0.99350,0.00000
95.00250,0.49500,0.00399,0.99601,0.00000
95.10250,0.49500,0.00428,0.99572,0.00000
95.20250,0.49500,0.00765,0.99235,0.00000
95.30250,0.49500,0.00741,0.99259,0.00000
95.40250,0.49500,0.00998,0.99002,0.00000
95.50250,0.49500,0.01486,0.98514,0.00000
95.60250,0.49500,0.01397,0.98603,0.00000
95.70250,0.49500,0.00455,0.99545,0.00000
95.80250,0.49500,0.00491,0.99509,0.00000
95.90250,0.49500,0.00439,0.99561,0.00000
96.00250,0.49500,0.00821,0.99179,0.00000
96.10250,0.49500,0.00495,0.99505,0.00000
96.20250,0.49500,0.00608,0.99392,0.00000
96.30250,0.49500,0.00405,0.99595,0.00000
96.40250,0.49500,0.01136,0.98864,0.00000
96.50250,0.49500,0.00614,0.99386,0.00000
96.60250,0.49500,0.01227,0.98773,0.00000
96.70250,0.49500,0.01749,0.98251,0.00000
96.80250,0.49500,0.02026,0.97974,0.00000
96.90250,0.49500,0.01706,0.98294,0.00000
97.00250,0.49500,0.01336,0.98664,0.00000
97.10250,0.49500,0.00532,0.99468,0.00000
97.20250,0.49500,0.00692,0.99308,0.00000
97.30250,0.49500,0.00404,0.99596,0.00000
97.40250,0.49500,0.00683,0.99317,0.00000
97.50250,0.49500,0.00803,0.99197,0.00000
97.60250,0.49500,0.00551,0.99449,0.00000
97.70250,0.49500,0.01013,0.98987,0.00000
97.80250,0.49500,0.00763,0.99237,0.00000
97.90250,0.49500,0.01650,0.98350,0.00000
98.00250,0.49500,0.00820,0.99180,0.00000
98.10250,0.49500,0.03473,0.96527,0.00000
98.20250,0.49500,0.02812,0.97188,0.00000
98.30250,0.49500,0.01853,0.98147,0.00000
98.40250,0.49500,0.01774,0.98226,0.00000
98.50250,0.49500,0.01410,0.98590,0.00000
98.60250,0.49500,0.00750,0.99250,0.00000
98.70250,0.49500,0.00724,0.99276,0.00000
98.80250,0.49500,0.00478,0.99522,0.00000
98.90250,0.49500,0.00511,0.99489,0.00000
99.00250,0.49500,0.00421,0.99579,0.00000
99.10250,0.49500,0.00744,0.99256,0.00000
99.20250,0.49500,0.00367,0.99633,0.00000
99.30250,0.49500,0.01023,0.98977,0.00000
99.40250,0.49500,0.00984,0.99016,0.00000
99.50250,0.49500,0.01193,0.98807,0.00000
99.60250,0.49500,0.00722,0.99278,0.00000
99.70250,0.49500,0.00438,0.99562,0.00000
99.80250,0.49500,0.01267,0.98733,0.00000
99.90250,0.49500,0.01647,0.98353,0.00000
100.00250,0.49500,0.01420,0.98580,0.00000
100.10250,0.49500,0.01649,0.98351,0.00000
100.20250,0.49500,0.00670,0.99330,0.00000
100.30250,0.49500,0.00575,0.99425,0.00000
100.40250,0.49500,0.00310,0.99690,0.00000
100.50250,0.49500,0.00505,0.99495,0.00000
100.60250,0.49500,0.00571,0.99429,0.00000
100.70250,0.49500,0.00408,0.99592,0.00000
100.80250,0.49500,0.01069,0.98931,0.00000
100.90250,0.49500,0.00647,0.99353,0.00000
101.00250,0.49500,0.00386,0.99614,0.00000
101.10250,0.49500,0.00753,0.99247,0.00000
101.20250,0.49500,0.00624,0.99376,0.00000
101.30250,0.49500,0.00364,0.99636,0.00000
101.40250,0.49500,0.01354,0.98646,0.00000
101.50250,0.49500,0.00396,0.99604,0.00000
101.60250,0.49500,0.00540,0.99460,0.00000
101.70250,0.49500,0.02911,0.97089,0.00000
101.80250,0.49500,0.02310,0.97690,0.00000
101.90250,0.49500,0.02640,0.97360,0.00000
102.00250,0.49500,0.03654,0.96346,0.00000
102.10250,0.49500,0.07166,0.92834,0.00000
102.20250,0.49500,0.08541,0.91459,0.00000
102.30250,0.49500,0.17221,0.82779,0.00000
102.40250,0.49500,0.99562,0.00438,0.00000
102.50250,0.49500,0.99971,0.00029,0.00000
102.60250,0.49500,0.99999,0.00001,0.00000
102.70250,0.49500,1.00000,0.00000,0.00000
102.80250,0.49500,1.00000,0.00000,0.00000
102.90250,0.49500,1.00000,0.00000,0.00000
103.00250,0.49500,1.00000,0.00000,0.00000
103.10250,0.49500,1.00000,0.00000,0.00000
103.20250,0.49500,1.00000,0.00000,0.00000
103.30250,0.49500,1.00000,0.00000,0.00000
103.40250,0.49500,1.00000,0.00000,0.00000
103.50250,0.49500,0.99986,0.00014,0.00000
103.60250,0.49500,0.99851,0.00149,0.00000
103.70250,0.49500,0.99901,0.00096,0.00003
103.80250,0.49500,0.99820,0.00176,0.00004
103.90250,0.49500,0.99658,0.00333,0.00009
104.00250,0.49500,0.92639,0.07361,0.00000
104.10250,0.49500,0.63748,0.36252,0.00000
104.20250,0.49500,0.82743,0.17257,0.00000
104.30250,0.49500,0.68400,0.31600,0.00000
104.40250,0.49500,0.74647,0.25353,0.00000
104.50250,0.49500,0.77536,0.22464,0.00000
104.60250,0.49500,0.82594,0.17406,0.00000
104.70250,0.49500,0.85404,0.14596,0.00000
104.80250,0.49500,0.63366,0.36634,0.00000
104.90250,0.49500,0.34860,0.65140,0.00000
105.00250,0.49500,0.14387,0.85613,0.00000
105.10250,0.49500,0.45322,0.54678,0.00000
105.20250,0.49500,0.40892,0.59108,0.00000
105.30250,0.49500,0.19753,0.80247,0.00000
105.40250,0.49500,0.07541,0.92459,0.00000
105.50250,0.49500,0.01830,0.98170,0.00000
105.60250,0.49500,0.00869,0.99131,0.00000
105.70250,0.49500,0.04283,0.95717,0.00000
105.80250,0.49500,0.08876,0.91124,0.00000
105.90250,0.49500,0.08658,0.91342,0.00000
106.00250,0.49500,0.07648,0.92352,0.00000
106.10250,0.49500,0.02833,0.97167,0.00000
106.20250,0.49500,0.02805,0.97195,0.00000
106.30250,0.49500,0.03197,0.96803,0.00000
106.40250,0.49500,0.02362,0.97638,0.00000
106.50250,0.49500,0.02698,0.97302,0.00000
106.60250,0.49500,0.07863,0.92137,0.00000
106.70250,0.49500,0.03816,0.96184,0.00000
106.80250,0.49500,0.04280,0.95720,0.00000
106.90250,0.49500,0.01602,0.98398,0.00000
107.00250,0.49500,0.00761,0.99239,0.00000
107.10250,0.49500,0.00640,0.99360,0.00000
107.20250,0.49500,0.01860,0.98140,0.00000
107.30250,0.49500,0.01023,0.98977,0.00000
107.40250,0.49500,0.01227,0.98773,0.00000
107.50250,0.49500,0.00640,0.99360,0.00000
107.60250,0.49500,0.00720,0.99280,0.00000
107.70250,0.49500,0.00748,0.99252,0.00000
107.80250,0.49500,0.00539,0.99461,0.00000
107.90250,0.49500,0.00412,0.99588,0.00000
108.00250,0.49500,0.00280,0.99720,0.00000
108.10250,0.49500,0.00310,0.99690,0.00000
108.20250,0.49500,0.00435,0.99565,0.00000
108.30250,0.49500,0.00844,0.99156,0.00000
108.40250,0.49500,0.01346,0.98654,0.00000
108.50250,0.49500,0.01109,0.98891,0.00000
108.60250,0.49500,0.01379,0.98621,0.00000
108.70250,0.49500,0.00610,0.99390,0.00000
108.80250,0.49500,0.01011,0.98989,0.00000
108.90250,0.49500,0.01800,0.98200,0.00000
109.00250,0.49500,0.00997,0.99003,0.00000
109.10250,0.49500,0.00593,0.99407,0.00000
109.20250,0.49500,0.00501,0.99499,0.00000
109.30250,0.49500,0.01004,0.98996,0.00000
109.40250,0.49500,0.01082,0.98918,0.00000
109.50250,0.49500,0.01440,0.98560,0.00000
109.60250,0.49500,0.03861,0.96139,0.00000
109.70250,0.49500,0.01892,0.98108,0.00000
109.80250,0.49500,0.02454,0.97546,0.00000
109.90250,0.49500,0.00811,0.99189,0.00000
110.00250,0.49500,0.00693,0.99307,0.00000
110.10250,0.49500,0.00782,0.99218,0.00000
110.20250,0.49500,0.01240,0.98760,0.00000
110.30250,0.49500,0.00646,0.99354,0.00000
110.40250,0.49500,0.01151,0.98849,0.00000
110.50250,0.49500,0.01094,0.98906,0.00000
110.60250,0.49500,0.01435,0.98565,0.00000
110.70250,0.49500,0.01152,0.98848,0.00000
110.80250,0.49500,0.00815,0.99185,0.00000
110.90250,0.49500,0.00906,0.99094,0.00000
111.00250,0.49500,0.01926,0.98074,0.00000
111.10250,0.49500,0.01786,0.98214,0.00000
111.20250,0.49500,0.01564,0.98436,0.00000
111.30250,0.49500,0.01194,0.98806,0.00000
111.40250,0.49500,0.02092,0.97908,0.00000
111.50250,0.49500,0.01450,0.98550,0.00000
111.60250,0.49500,0.01565,0.98435,0.00000
111.70250,0.49500,0.00898,0.99102,0.00000
111.80250,0.49500,0.00689,0.99311,0.00000
111.90250,0.49500,0.00342,0.99658,0.00000
112.00250,0.49500,0.00406,0.99594,0.00000
112.10250,0.49500,0.00418,0.99582,0.00000
112.20250,0.49500,0.00864,0.99136,0.00000
112.30250,0.49500,0.00779,0.99221,0.00000
112.40250,0.49500,0.00497,0.99503,0.00000
112.50250,0.49500,0.00927,0.99073,0.00000
112.60250,0.49500,0.03581,0.96419,0.00000
112.70250,0.49500,0.02506,0.97494,0.00000
112.80250,0.49500,0.01058,0.98942,0.00000
112.90250,0.49500,0.01275,0.98725,0.00000
113.00250,0.49500,0.00534,0.99466,0.00000
113.10250,0.49500,0.00580,0.99420,0.00000
113.20250,0.49500,0.00736,0.99264,0.00000
113.30250,0.49500,0.01285,0.98715,0.00000
113.40250,0.49500,0.01987,0.98013,0.00000
113.50250,0.49500,0.00817,0.99183,0.00000
113.60250,0.49500,0.02581,0.97419,0.00000
113.70250,0.49500,0.01385,0.98615,0.00000
113.80250,0.49500,0.01262,0.98738,0.00000
113.90250,0.49500,0.00897,0.99103,0.00000
114.00250,0.49500,0.00601,0.99399,0.00000
114.10250,0.49500,0.01002,0.98998,0.00000
114.20250,0.49500,0.01157,0.98843,0.00000
114.30250,0.49500,0.01080,0.98920,0.00000
114.40250,0.49500,0.01226,0.98774,0.00000
114.50250,0.49500,0.02548,0.97452,0.00000
114.60250,0.49500,0.00933,0.99067,0.00000
114.70250,0.49500,0.00887,0.99113,0.00000
114.80250,0.49500,0.00791,0.99209,0.00000
114.90250,0.49500,0.00714,0.99286,0.00000
115.00250,0.49500,0.01264,0.98736,0.00000
115.10250,0.49500,0.00955,0.99045,0.00000
115.20250,0.49500,0.00605,0.99395,0.00000
115.30250,0.49500,0.00387,0.99613,0.00000
115.40250,0.49500,0.01065,0.98935,0.00000
115.50250,0.49500,0.01441,0.98559,0.00000
115.60250,0.49500,0.01304,0.98696,0.00000
115.70250,0.49500,0.00817,0.99183,0.00000
115.80250,0.49500,0.02335,0.97665,0.00000
115.90250,0.49500,0.01108,0.98892,0.00000
116.00250,0.49500,0.01433,0.98567,0.00000
116.10250,0.49500,0.00650,0.99350,0.00000
116.20250,0.49500,0.00424,0.99576,0.00000
116.30250,0.49500,0.00659,0.99341,0.00000
116.40250,0.49500,0.00767,0.99233,0.00000
116.50250,0.49500,0.01249,0.98751,0.00000
116.60250,0.49500,0.03816,0.96184,0.00000
116.70250,0.49500,0.02511,0.97489,0.00000
116.80250,0.49500,0.02479,0.97521,0.00000
116.90250,0.49500,0.01051,0.98949,0.00000
117.00250,0.49500,0.00607,0.99393,0.00000
117.10250,0.49500,0.01372,0.98628,0.00000
117.20250,0.49500,0.00964,0.99036,0.00000
117.30250,0.49500,0.00831,0.99169,0.00000
117.40250,0.49500,0.00715,0.99285,0.00000
117.50250,0.49500,0.00744,0.99256,0.00000
117.60250,0.49500,0.00703,0.99297,0.00000
117.70250,0.49500,0.00553,0.99447,0.00000
117.80250,0.49500,0.00437,0.99563,0.00000
117.90250,0.49500,0.01815,0.98185,0.00000
118.00250,0.49500,0.00883,0.99117,0.00000
118.10250,0.49500,0.00787,0.99213,0.00000
118.20250,0.49500,0.00420,0.99580,0.00000
118.30250,0.49500,0.00611,0.99389,0.00000
118.40250,0.49500,0.00750,0.99250,0.00000
118.50250,0.49500,0.01180,0.98820,0.00000
