Time (seconds), Duration (seconds),pred_(unlabeled),pred_empty_box,pred_table
0.00250,0.49500,0.01713,0.98287,0.00000
0.10250,0.49500,0.01817,0.98183,0.00000
0.20250,0.49500,0.01761,0.98239,0.00000
0.30250,0.49500,0.01458,0.98542,0.00000
0.40250,0.49500,0.01579,0.98421,0.00000
0.50250,0.49500,0.01405,0.98595,0.00000
0.60250,0.49500,0.01425,0.98575,0.00000
0.70250,0.49500,0.01526,0.98474,0.00000
0.80250,0.49500,0.01597,0.98403,0.00000
0.90250,0.49500,0.01542,0.98458,0.00000
1.00250,0.49500,0.01588,0.98412,0.00000
1.10250,0.49500,0.01469,0.98531,0.00000
1.20250,0.49500,0.01472,0.98528,0.00000
1.30250,0.49500,0.01345,0.98655,0.00000
1.40250,0.49500,0.01474,0.98526,0.00000
1.50250,0.49500,0.01477,0.98523,0.00000
1.60250,0.49500,0.01480,0.98520,0.00000
1.70250,0.49500,0.01455,0.98545,0.00000
1.80250,0.49500,0.01497,0.98503,0.00000
1.90250,0.49500,0.01481,0.98519,0.00000
2.00250,0.49500,0.01454,0.98546,0.00000
2.10250,0.49500,0.01482,0.98518,0.00000
2.20250,0.49500,0.01594,0.98406,0.00000
2.30250,0.49500,0.01518,0.98482,0.00000
2.40250,0.49500,0.01503,0.98497,0.00000
2.50250,0.49500,0.01527,0.98473,0.00000
2.60250,0.49500,0.01492,0.98508,0.00000
2.70250,0.49500,0.01519,0.98481,0.00000
2.80250,0.49500,0.01434,0.98566,0.00000
2.90250,0.49500,0.01483,0.98517,0.00000
3.00250,0.49500,0.01375,0.98625,0.00000
3.10250,0.49500,0.01481,0.98519,0.00000
3.20250,0.49500,0.01466,0.98534,0.00000
3.30250,0.49500,0.01483,0.98517,0.00000
3.40250,0.49500,0.01573,0.98427,0.00000
3.50250,0.49500,0.01466,0.98534,0.00000
3.60250,0.49500,0.01388,0.98612,0.00000
3.70250,0.49500,0.01427,0.98573,0.00000
3.80250,0.49500,0.01495,0.98505,0.00000
3.90250,0.49500,0.01521,0.98479,0.00000
4.00250,0.49500,0.01553,0.98447,0.00000
4.10250,0.49500,0.01574,0.98426,0.00000
4.20250,0.49500,0.01580,0.98420,0.00000
4.30250,0.49500,0.01622,0.98378,0.00000
4.40250,0.49500,0.01437,0.98563,0.00000
4.50250,0.49500,0.01548,0.98452,0.00000
4.60250,0.49500,0.01530,0.98470,0.00000
4.70250,0.49500,0.01505,0.98495,0.00000
4.80250,0.49500,0.01467,0.98533,0.00000
4.90250,0.49500,0.01598,0.98402,0.00000
5.00250,0.49500,0.01807,0.98193,0.00000
5.10250,0.49500,0.01820,0.98180,0.00000
5.20250,0.49500,0.01788,0.98212,0.00000
5.30250,0.49500,0.01795,0.98205,0.00000
5.40250,0.49500,0.01542,0.98458,0.00000
5.50250,0.49500,0.01661,0.98339,0.00000
5.60250,0.49500,0.01698,0.98302,0.00000
5.70250,0.49500,0.01816,0.98184,0.00000
5.80250,0.49500,0.02008,0.97992,0.00000
5.90250,0.49500,0.01951,0.98049,0.00000
6.00250,0.49500,0.01984,0.98016,0.00000
6.10250,0.49500,0.01676,0.98324,0.00000
6.20250,0.49500,0.01552,0.98448,0.00000
6.30250,0.49500,0.01536,0.98464,0.00000
6.40250,0.49500,0.01613,0.98387,0.00000
6.50250,0.49500,0.01532,0.98468,0.00000
6.60250,0.49500,0.01520,0.98480,0.00000
6.70250,0.49500,0.01467,0.98533,0.00000
6.80250,0.49500,0.01390,0.98610,0.00000
6.90250,0.49500,0.01371,0.98629,0.00000
7.00250,0.49500,0.01373,0.98627,0.00000
7.10250,0.49500,0.01449,0.98551,0.00000
7.20250,0.49500,0.01520,0.98480,0.00000
7.30250,0.49500,0.01603,0.98397,0.00000
7.40250,0.49500,0.01517,0.98483,0.00000
7.50250,0.49500,0.01534,0.98466,0.00000
7.60250,0.49500,0.01322,0.98678,0.00000
7.70250,0.49500,0.01293,0.98707,0.00000
7.80250,0.49500,0.01381,0.98619,0.00000
7.90250,0.49500,0.01389,0.98611,0.00000
8.00250,0.49500,0.01379,0.98621,0.00000
8.10250,0.49500,0.01450,0.98550,0.00000
8.20250,0.49500,0.01433,0.98567,0.00000
8.30250,0.49500,0.01515,0.98485,0.00000
8.40250,0.49500,0.01666,0.98334,0.00000
8.50250,0.49500,0.01572,0.98428,0.00000
8.60250,0.49500,0.01564,0.98436,0.00000
8.70250,0.49500,0.01425,0.98575,0.00000
8.80250,0.49500,0.01374,0.98626,0.00000
8.90250,0.49500,0.01382,0.98618,0.00000
9.00250,0.49500,0.01450,0.98550,0.00000
9.10250,0.49500,0.01380,0.98620,0.00000
9.20250,0.49500,0.01398,0.98602,0.00000
9.30250,0.49500,0.01366,0.98634,0.00000
9.40250,0.49500,0.01414,0.98586,0.00000
9.50250,0.49500,0.01448,0.98552,0.00000
9.60250,0.49500,0.01432,0.98568,0.00000
9.70250,0.49500,0.01491,0.98509,0.00000
9.80250,0.49500,0.01472,0.98528,0.00000
9.90250,0.49500,0.01409,0.98591,0.00000
10.00250,0.49500,0.01407,0.98593,0.00000
10.10250,0.49500,0.01428,0.98572,0.00000
10.20250,0.49500,0.01466,0.98534,0.00000
10.30250,0.49500,0.01518,0.98482,0.00000
10.40250,0.49500,0.01549,0.98451,0.00000
10.50250,0.49500,0.01464,0.98536,0.00000
10.60250,0.49500,0.01412,0.98588,0.00000
10.70250,0.49500,0.01602,0.98398,0.00000
10.80250,0.49500,0.01476,0.98524,0.00000
10.90250,0.49500,0.01496,0.98504,0.00000
11.00250,0.49500,0.01495,0.98505,0.00000
11.10250,0.49500,0.01308,0.98692,0.00000
11.20250,0.49500,0.01359,0.98641,0.00000
11.30250,0.49500,0.01394,0.98606,0.00000
11.40250,0.49500,0.01371,0.98629,0.00000
11.50250,0.49500,0.01419,0.98581,0.00000
11.60250,0.49500,0.01426,0.98574,0.00000
11.70250,0.49500,0.01396,0.98604,0.00000
11.80250,0.49500,0.01343,0.98657,0.00000
11.90250,0.49500,0.01327,0.98673,0.00000
12.00250,0.49500,0.01405,0.98595,0.00000
12.10250,0.49500,0.01398,0.98602,0.00000
12.20250,0.49500,0.01540,0.98460,0.00000
12.30250,0.49500,0.01498,0.98502,0.00000
12.40250,0.49500,0.01509,0.98491,0.00000
12.50250,0.49500,0.01647,0.98353,0.00000
12.60250,0.49500,0.01434,0.98566,0.00000
12.70250,0.49500,0.01426,0.98574,0.00000
12.80250,0.49500,0.01454,0.98546,0.00000
12.90250,0.49500,0.01596,0.98404,0.00000
13.00250,0.49500,0.01553,0.98447,0.00000
13.10250,0.49500,0.01649,0.98351,0.00000
13.20250,0.49500,0.01515,0.98485,0.00000
13.30250,0.49500,0.01477,0.98523,0.00000
13.40250,0.49500,0.01510,0.98490,0.00000
13.50250,0.49500,0.01546,0.98454,0.00000
13.60250,0.49500,0.01607,0.98393,0.00000
13.70250,0.49500,0.01537,0.98463,0.00000
13.80250,0.49500,0.01596,0.98404,0.00000
13.90250,0.49500,0.01501,0.98499,0.00000
14.00250,0.49500,0.01378,0.98622,0.00000
14.10250,0.49500,0.01398,0.98602,0.00000
14.20250,0.49500,0.01342,0.98658,0.00000
14.30250,0.49500,0.01457,0.98543,0.00000
14.40250,0.49500,0.01471,0.98529,0.00000
14.50250,0.49500,0.01630,0.98370,0.00000
14.60250,0.49500,0.01483,0.98517,0.00000
14.70250,0.49500,0.01546,0.98454,0.00000
14.80250,0.49500,0.01547,0.98453,0.00000
14.90250,0.49500,0.01421,0.98579,0.00000
15.00250,0.49500,0.01413,0.98587,0.00000
15.10250,0.49500,0.01462,0.98538,0.00000
15.20250,0.49500,0.01500,0.98500,0.00000
15.30250,0.49500,0.01780,0.98220,0.00000
15.40250,0.49500,0.01597,0.98403,0.00000
15.50250,0.49500,0.01702,0.98298,0.00000
15.60250,0.49500,0.01611,0.98389,0.00000
15.70250,0.49500,0.01468,0.98532,0.00000
15.80250,0.49500,0.01455,0.98545,0.00000
15.90250,0.49500,0.01432,0.98568,0.00000
16.00250,0.49500,0.01410,0.98590,0.00000
16.10250,0.49500,0.01386,0.98614,0.00000
16.20250,0.49500,0.01418,0.98582,0.00000
16.30250,0.49500,0.01371,0.98629,0.00000
16.40250,0.49500,0.01359,0.98641,0.00000
16.50250,0.49500,0.01344,0.98656,0.00000
16.60250,0.49500,0.01390,0.98610,0.00000
16.70250,0.49500,0.01539,0.98461,0.00000
16.80250,0.49500,0.01510,0.98490,0.00000
16.90250,0.49500,0.01582,0.98418,0.00000
17.00250,0.49500,0.01574,0.98426,0.00000
17.10250,0.49500,0.01371,0.98629,0.00000
17.20250,0.49500,0.01451,0.98549,0.00000
17.30250,0.49500,0.01436,0.98564,0.00000
17.40250,0.49500,0.01440,0.98560,0.00000
17.50250,0.49500,0.01403,0.98597,0.00000
17.60250,0.49500,0.01419,0.98581,0.00000
17.70250,0.49500,0.01578,0.98422,0.00000
17.80250,0.49500,0.01517,0.98483,0.00000
17.90250,0.49500,0.01530,0.98470,0.00000
18.00250,0.49500,0.01611,0.98389,0.00000
18.10250,0.49500,0.01428,0.98572,0.00000
18.20250,0.49500,0.01499,0.98501,0.00000
18.30250,0.49500,0.01619,0.98381,0.00000
18.40250,0.49500,0.01632,0.98368,0.00000
18.50250,0.49500,0.01890,0.98110,0.00000
18.60250,0.49500,0.01846,0.98154,0.00000
18.70250,0.49500,0.01793,0.98207,0.00000
18.80250,0.49500,0.01632,0.98368,0.00000
18.90250,0.49500,0.01524,0.98476,0.00000
19.00250,0.49500,0.01471,0.98529,0.00000
19.10250,0.49500,0.01523,0.98477,0.00000
19.20250,0.49500,0.01545,0.98455,0.00000
19.30250,0.49500,0.01402,0.98598,0.00000
19.40250,0.49500,0.01450,0.98550,0.00000
19.50250,0.49500,0.01465,0.98535,0.00000
19.60250,0.49500,0.01532,0.98468,0.00000
19.70250,0.49500,0.01521,0.98479,0.00000
19.80250,0.49500,0.01423,0.98577,0.00000
19.90250,0.49500,0.01373,0.98627,0.00000
20.00250,0.49500,0.01417,0.98583,0.00000
20.10250,0.49500,0.01516,0.98484,0.00000
20.20250,0.49500,0.01720,0.98280,0.00000
20.30250,0.49500,0.01876,0.98124,0.00000
20.40250,0.49500,0.02034,0.97966,0.00000
20.50250,0.49500,0.01940,0.98060,0.00000
20.60250,0.49500,0.01701,0.98299,0.00000
20.70250,0.49500,0.01676,0.98324,0.00000
20.80250,0.49500,0.01436,0.98564,0.00000
20.90250,0.49500,0.01478,0.98522,0.00000
21.00250,0.49500,0.01479,0.98521,0.00000
21.10250,0.49500,0.01873,0.98127,0.00000
21.20250,0.49500,0.01879,0.98121,0.00000
21.30250,0.49500,0.01944,0.98056,0.00000
21.40250,0.49500,0.01794,0.98206,0.00000
21.50250,0.49500,0.01703,0.98297,0.00000
21.60250,0.49500,0.01493,0.98507,0.00000
21.70250,0.49500,0.01487,0.98513,0.00000
21.80250,0.49500,0.01510,0.98490,0.00000
21.90250,0.49500,0.01508,0.98492,0.00000
22.00250,0.49500,0.01522,0.98478,0.00000
22.10250,0.49500,0.01561,0.98439,0.00000
22.20250,0.49500,0.01707,0.98293,0.00000
22.30250,0.49500,0.01771,0.98229,0.00000
22.40250,0.49500,0.01615,0.98385,0.00000
22.50250,0.49500,0.01707,0.98293,0.00000
22.60250,0.49500,0.01664,0.98336,0.00000
22.70250,0.49500,0.01609,0.98391,0.00000
22.80250,0.49500,0.01719,0.98281,0.00000
22.90250,0.49500,0.01695,0.98305,0.00000
23.00250,0.49500,0.01713,0.98287,0.00000
23.10250,0.49500,0.01687,0.98313,0.00000
23.20250,0.49500,0.01859,0.98141,0.00000
23.30250,0.49500,0.01782,0.98218,0.00000
23.40250,0.49500,0.01895,0.98105,0.00000
23.50250,0.49500,0.01708,0.98292,0.00000
23.60250,0.49500,0.01528,0.98472,0.00000
23.70250,0.49500,0.01839,0.98161,0.00000
23.80250,0.49500,0.01757,0.98243,0.00000
23.90250,0.49500,0.01860,0.98140,0.00000
24.00250,0.49500,0.02120,0.97880,0.00000
24.10250,0.49500,0.02225,0.97775,0.00000
24.20250,0.49500,0.03060,0.96940,0.00000
24.30250,0.49500,0.02950,0.97050,0.00000
24.40250,0.49500,0.02684,0.97316,0.00000
24.50250,0.49500,0.02111,0.97889,0.00000
24.60250,0.49500,0.01957,0.98043,0.00000
24.70250,0.49500,0.01765,0.98235,0.00000
24.80250,0.49500,0.01964,0.98036,0.00000
24.90250,0.49500,0.02787,0.97213,0.00000
25.00250,0.49500,0.03449,0.96551,0.00000
25.10250,0.49500,0.03804,0.96196,0.00000
25.20250,0.49500,0.03916,0.96084,0.00000
25.30250,0.49500,0.03235,0.96765,0.00000
25.40250,0.49500,0.02745,0.97255,0.00000
25.50250,0.49500,0.02393,0.97607,0.00000
25.60250,0.49500,0.02811,0.97189,0.00000
25.70250,0.49500,0.02373,0.97627,0.00000
25.80250,0.49500,0.02195,0.97805,0.00000
25.90250,0.49500,0.02226,0.97774,0.00000
26.00250,0.49500,0.02119,0.97881,0.00000
26.10250,0.49500,0.02288,0.97712,0.00000
26.20250,0.49500,0.02516,0.97484,0.00000
26.30250,0.49500,0.02182,0.97818,0.00000
26.40250,0.49500,0.01860,0.98140,0.00000
26.50250,0.49500,0.01731,0.98269,0.00000
26.60250,0.49500,0.02745,0.97255,0.00000
26.70250,0.49500,0.03785,0.96215,0.00000
26.80250,0.49500,0.04306,0.95694,0.00000
26.90250,0.49500,0.05515,0.94485,0.00000
27.00250,0.49500,0.04779,0.95221,0.00000
27.10250,0.49500,0.03910,0.96090,0.00000
27.20250,0.49500,0.08713,0.91287,0.00000
27.30250,0.49500,0.05771,0.94229,0.00000
27.40250,0.49500,0.15970,0.84030,0.00000
27.50250,0.49500,0.16198,0.83802,0.00000
27.60250,0.49500,0.38837,0.61163,0.00000
27.70250,0.49500,0.38347,0.61653,0.00000
27.80250,0.49500,0.65985,0.34015,0.00000
27.90250,0.49500,0.60753,0.39247,0.00000
28.00250,0.49500,0.63888,0.36112,0.00000
28.10250,0.49500,0.49434,0.50566,0.00000
28.20250,0.49500,0.45397,0.54603,0.00000
28.30250,0.49500,0.46920,0.53080,0.00000
28.40250,0.49500,0.36789,0.63211,0.00000
28.50250,0.49500,0.32875,0.67125,0.00000
28.60250,0.49500,0.28823,0.71177,0.00000
28.70250,0.49500,0.42554,0.57445,0.00000
28.80250,0.49500,0.62808,0.37192,0.00000
28.90250,0.49500,0.56938,0.43062,0.00000
29.00250,0.49500,0.61918,0.38082,0.00000
29.10250,0.49500,0.45417,0.54583,0.00000
29.20250,0.49500,0.11090,0.88910,0.00000
29.30250,0.49500,0.10987,0.89013,0.00000
29.40250,0.49500,0.03679,0.96321,0.00000
29.50250,0.49500,0.04826,0.95174,0.00000
29.60250,0.49500,0.06642,0.93358,0.00000
29.70250,0.49500,0.04066,0.95934,0.00000
29.80250,0.49500,0.05969,0.94031,0.00000
29.90250,0.49500,0.03493,0.96507,0.00000
30.00250,0.49500,0.02774,0.97226,0.00000
30.10250,0.49500,0.02879,0.97121,0.00000
30.20250,0.49500,0.02782,0.97218,0.00000
30.30250,0.49500,0.02102,0.97898,0.00000
30.40250,0.49500,0.02013,0.97987,0.00000
30.50250,0.49500,0.01491,0.98509,0.00000
30.60250,0.49500,0.01047,0.98952,0.00000
30.70250,0.49500,0.01203,0.98797,0.00000
30.80250,0.49500,0.01412,0.98587,0.00001
30.90250,0.49500,0.01430,0.98569,0.00000
31.00250,0.49500,0.01859,0.98140,0.00001
31.10250,0.49500,0.01720,0.98280,0.00000
31.20250,0.49500,0.01609,0.98391,0.00000
31.30250,0.49500,0.01579,0.98421,0.00000
31.40250,0.49500,0.01231,0.98769,0.00000
31.50250,0.49500,0.01255,0.98745,0.00000
31.60250,0.49500,0.01263,0.98737,0.00000
31.70250,0.49500,0.01036,0.98963,0.00000
31.80250,0.49500,0.01039,0.98961,0.00000
31.90250,0.49500,0.00980,0.99020,0.00000
32.00250,0.49500,0.01061,0.98938,0.00000
32.10250,0.49500,0.01181,0.98819,0.00000
32.20250,0.49500,0.01237,0.98763,0.00000
32.30250,0.49500,0.01198,0.98801,0.00000
32.40250,0.49500,0.01889,0.98111,0.00000
32.50250,0.49500,0.01692,0.98307,0.00000
32.60250,0.49500,0.01888,0.98112,0.00000
32.70250,0.49500,0.02401,0.97599,0.00000
32.80250,0.49500,0.01477,0.98522,0.00000
32.90250,0.49500,0.02278,0.97722,0.00000
33.00250,0.49500,0.01823,0.98177,0.00000
33.10250,0.49500,0.01739,0.98261,0.00000
33.20250,0.49500,0.01982,0.98017,0.00000
33.30250,0.49500,0.01353,0.98647,0.00000
33.40250,0.49500,0.01574,0.98426,0.00000
33.50250,0.49500,0.01406,0.98594,0.00000
33.60250,0.49500,0.01491,0.98509,0.00000
33.70250,0.49500,0.01559,0.98441,0.00000
33.80250,0.49500,0.02087,0.97913,0.00000
33.90250,0.49500,0.02022,0.97978,0.00000
34.00250,0.49500,0.01475,0.98525,0.00000
34.10250,0.49500,0.01737,0.98262,0.00000
34.20250,0.49500,0.01606,0.98394,0.00000
34.30250,0.49500,0.01588,0.98412,0.00000
34.40250,0.49500,0.01839,0.98161,0.00000
34.50250,0.49500,0.01969,0.98031,0.00000
34.60250,0.49500,0.01942,0.98058,0.00000
34.70250,0.49500,0.01511,0.98489,0.00000
34.80250,0.49500,0.02096,0.97904,0.00000
34.90250,0.49500,0.02149,0.97851,0.00000
35.00250,0.49500,0.01920,0.98080,0.00000
35.10250,0.49500,0.02322,0.97678,0.00000
35.20250,0.49500,0.02123,0.97877,0.00000
35.30250,0.49500,0.02315,0.97685,0.00000
35.40250,0.49500,0.02090,0.97910,0.00000
35.50250,0.49500,0.02095,0.97905,0.00000
35.60250,0.49500,0.01668,0.98331,0.00000
35.70250,0.49500,0.01277,0.98722,0.00000
35.80250,0.49500,0.01015,0.98985,0.00000
35.90250,0.49500,0.01017,0.98982,0.00001
36.00250,0.49500,0.00898,0.99102,0.00000
36.10250,0.49500,0.01041,0.98959,0.00000
36.20250,0.49500,0.01120,0.98880,0.00000
36.30250,0.49500,0.01380,0.98620,0.00000
36.40250,0.49500,0.01436,0.98564,0.00000
36.50250,0.49500,0.01457,0.98543,0.00000
36.60250,0.49500,0.01416,0.98584,0.00000
36.70250,0.49500,0.01313,0.98687,0.00000
36.80250,0.49500,0.01926,0.98074,0.00000
36.90250,0.49500,0.01828,0.98172,0.00000
37.00250,0.49500,0.02049,0.97951,0.00000
37.10250,0.49500,0.02638,0.97362,0.00000
37.20250,0.49500,0.01693,0.98307,0.00000
37.30250,0.49500,0.01929,0.98071,0.00000
37.40250,0.49500,0.02144,0.97856,0.00000
37.50250,0.49500,0.01677,0.98323,0.00000
37.60250,0.49500,0.01734,0.98266,0.00000
37.70250,0.49500,0.01955,0.98045,0.00000
37.80250,0.49500,0.01751,0.98249,0.00000
37.90250,0.49500,0.01645,0.98355,0.00000
38.00250,0.49500,0.01739,0.98261,0.00000
38.10250,0.49500,0.01211,0.98789,0.00000
38.20250,0.49500,0.01756,0.98244,0.00000
38.30250,0.49500,0.03120,0.96880,0.00000
38.40250,0.49500,0.02217,0.97783,0.00000
38.50250,0.49500,0.02519,0.97481,0.00000
38.60250,0.49500,0.01956,0.98044,0.00000
38.70250,0.49500,0.01264,0.98736,0.00000
38.80250,0.49500,0.01134,0.98866,0.00000
38.90250,0.49500,0.01189,0.98811,0.00000
39.00250,0.49500,0.01226,0.98773,0.00000
39.10250,0.49500,0.01194,0.98806,0.00000
39.20250,0.49500,0.01120,0.98880,0.00000
39.30250,0.49500,0.01196,0.98804,0.00000
39.40250,0.49500,0.01175,0.98825,0.00000
39.50250,0.49500,0.01525,0.98475,0.00000
39.60250,0.49500,0.01893,0.98107,0.00000
39.70250,0.49500,0.01647,0.98353,0.00000
39.80250,0.49500,0.01531,0.98469,0.00000
39.90250,0.49500,0.01909,0.98091,0.00000
40.00250,0.49500,0.01551,0.98449,0.00000
40.10250,0.49500,0.01312,0.98688,0.00000
40.20250,0.49500,0.01462,0.98538,0.00000
40.30250,0.49500,0.01544,0.98456,0.00000
40.40250,0.49500,0.01434,0.98566,0.00000
40.50250,0.49500,0.01390,0.98610,0.00000
40.60250,0.49500,0.01460,0.98540,0.00000
40.70250,0.49500,0.01150,0.98850,0.00000
40.80250,0.49500,0.01292,0.98708,0.00000
40.90250,0.49500,0.01278,0.98722,0.00000
41.00250,0.49500,0.01200,0.98800,0.00000
41.10250,0.49500,0.01175,0.98825,0.00000
41.20250,0.49500,0.01208,0.98792,0.00000
41.30250,0.49500,0.01204,0.98796,0.00000
41.40250,0.49500,0.01053,0.98947,0.00000
41.50250,0.49500,0.01293,0.98707,0.00000
41.60250,0.49500,0.01251,0.98749,0.00000
41.70250,0.49500,0.01336,0.98664,0.00000
41.80250,0.49500,0.01343,0.98657,0.00000
41.90250,0.49500,0.01309,0.98691,0.00000
42.00250,0.49500,0.01212,0.98788,0.00000
42.10250,0.49500,0.01225,0.98774,0.00000
42.20250,0.49500,0.01092,0.98908,0.00000
42.30250,0.49500,0.01210,0.98790,0.00000
42.40250,0.49500,0.02321,0.97679,0.00000
42.50250,0.49500,0.02247,0.97753,0.00000
42.60250,0.49500,0.03536,0.96464,0.00000
42.70250,0.49500,0.05483,0.94517,0.00000
42.80250,0.49500,0.04146,0.95854,0.00000
42.90250,0.49500,0.04478,0.95522,0.00000
43.00250,0.49500,0.03132,0.96868,0.00000
43.10250,0.49500,0.02097,0.97903,0.00000
43.20250,0.49500,0.01801,0.98199,0.00000
43.30250,0.49500,0.01728,0.98272,0.00000
43.40250,0.49500,0.02112,0.97888,0.00000
43.50250,0.49500,0.01700,0.98300,0.00000
43.60250,0.49500,0.01806,0.98194,0.00000
43.70250,0.49500,0.02135,0.97865,0.00000
43.80250,0.49500,0.01977,0.98023,0.00000
43.90250,0.49500,0.02326,0.97674,0.00000
44.00250,0.49500,0.01932,0.98067,0.00000
44.10250,0.49500,0.01372,0.98628,0.00000
44.20250,0.49500,0.01529,0.98471,0.00000
44.30250,0.49500,0.01235,0.98765,0.00000
44.40250,0.49500,0.01215,0.98784,0.00000
44.50250,0.49500,0.01076,0.98923,0.00000
44.60250,0.49500,0.00961,0.99039,0.00000
44.70250,0.49500,0.01090,0.98910,0.00000
44.80250,0.49500,0.01184,0.98816,0.00000
44.90250,0.49500,0.01237,0.98763,0.00000
45.00250,0.49500,0.01463,0.98537,0.00000
45.10250,0.49500,0.01327,0.98673,0.00000
45.20250,0.49500,0.01184,0.98816,0.00000
45.30250,0.49500,0.00966,0.99033,0.00000
45.40250,0.49500,0.00972,0.99028,0.00000
45.50250,0.49500,0.01072,0.98928,0.00000
45.60250,0.49500,0.01097,0.98903,0.00000
45.70250,0.49500,0.01108,0.98892,0.00000
45.80250,0.49500,0.01068,0.98932,0.00000
45.90250,0.49500,0.01111,0.98889,0.00000
46.00250,0.49500,0.01080,0.98920,0.00000
46.10250,0.49500,0.01144,0.98855,0.00000
46.20250,0.49500,0.01255,0.98745,0.00000
46.30250,0.49500,0.01208,0.98792,0.00000
46.40250,0.49500,0.01267,0.98733,0.00000
46.50250,0.49500,0.01230,0.98770,0.00000
46.60250,0.49500,0.01054,0.98946,0.00000
46.70250,0.49500,0.01056,0.98944,0.00000
46.80250,0.49500,0.01555,0.98445,0.00000
46.90250,0.49500,0.02069,0.97931,0.00000
47.00250,0.49500,0.02385,0.97615,0.00000
47.10250,0.49500,0.03029,0.96971,0.00000
47.20250,0.49500,0.02043,0.97957,0.00000
47.30250,0.49500,0.01611,0.98389,0.00000
47.40250,0.49500,0.01728,0.98272,0.00000
47.50250,0.49500,0.01174,0.98826,0.00000
47.60250,0.49500,0.01163,0.98836,0.00000
47.70250,0.49500,0.01085,0.98915,0.00000
47.80250,0.49500,0.01082,0.98918,0.00000
47.90250,0.49500,0.01077,0.98923,0.00000
48.00250,0.49500,0.01116,0.98883,0.00000
48.10250,0.49500,0.01099,0.98901,0.00000
48.20250,0.49500,0.01020,0.98979,0.00000
48.30250,0.49500,0.01076,0.98924,0.00000
48.40250,0.49500,0.01051,0.98949,0.00000
48.50250,0.49500,0.01166,0.98834,0.00000
48.60250,0.49500,0.01129,0.98871,0.00000
48.70250,0.49500,0.01049,0.98951,0.00000
48.80250,0.49500,0.00895,0.99105,0.00000
48.90250,0.49500,0.00988,0.99012,0.00000
49.00250,0.49500,0.00958,0.99042,0.00000
49.10250,0.49500,0.00960,0.99040,0.00000
49.20250,0.49500,0.01018,0.98981,0.00000
49.30250,0.49500,0.01083,0.98917,0.00000
49.40250,0.49500,0.01102,0.98898,0.00000
49.50250,0.49500,0.01497,0.98503,0.00000
49.60250,0.49500,0.01261,0.98739,0.00000
49.70250,0.49500,0.01416,0.98584,0.00000
49.80250,0.49500,0.01496,0.98504,0.00000
49.90250,0.49500,0.01165,0.98835,0.00000
50.00250,0.49500,0.01210,0.98790,0.00000
50.10250,0.49500,0.01055,0.98945,0.00000
50.20250,0.49500,0.01146,0.98854,0.00000
50.30250,0.49500,0.01051,0.98949,0.00000
50.40250,0.49500,0.01097,0.98903,0.00000
50.50250,0.49500,0.01105,0.98895,0.00000
50.60250,0.49500,0.00983,0.99017,0.00000
50.70250,0.49500,0.01094,0.98906,0.00000
50.80250,0.49500,0.01112,0.98888,0.00000
50.90250,0.49500,0.01287,0.98712,0.00000
51.00250,0.49500,0.01295,0.98705,0.00000
51.10250,0.49500,0.01174,0.98826,0.00000
51.20250,0.49500,0.01042,0.98957,0.00000
51.30250,0.49500,0.00942,0.99058,0.00000
51.40250,0.49500,0.00829,0.99171,0.00000
51.50250,0.49500,0.00878,0.99121,0.00000
51.60250,0.49500,0.01041,0.98958,0.00000
51.70250,0.49500,0.01303,0.98697,0.00000
51.80250,0.49500,0.01323,0.98676,0.00000
51.90250,0.49500,0.01501,0.98499,0.00000
52.00250,0.49500,0.01982,0.98018,0.00000
52.10250,0.49500,0.01452,0.98548,0.00000
52.20250,0.49500,0.02043,0.97957,0.00000
52.30250,0.49500,0.01573,0.98427,0.00000
52.40250,0.49500,0.01191,0.98809,0.00000
52.50250,0.49500,0.01172,0.98828,0.00000
52.60250,0.49500,0.01144,0.98856,0.00000
52.70250,0.49500,0.01224,0.98775,0.00000
52.80250,0.49500,0.01335,0.98665,0.00000
52.90250,0.49500,0.02232,0.97768,0.00000
53.00250,0.49500,0.01975,0.98025,0.00000
53.10250,0.49500,0.02125,0.97875,0.00000
53.20250,0.49500,0.02396,0.97604,0.00000
53.30250,0.49500,0.01516,0.98484,0.00000
53.40250,0.49500,0.01546,0.98453,0.00000
53.50250,0.49500,0.01185,0.98814,0.00000
53.60250,0.49500,0.01199,0.98801,0.00000
53.70250,0.49500,0.01316,0.98684,0.00000
53.80250,0.49500,0.01266,0.98734,0.00000
53.90250,0.49500,0.01139,0.98861,0.00000
54.00250,0.49500,0.01187,0.98813,0.00000
54.10250,0.49500,0.01111,0.98889,0.00000
54.20250,0.49500,0.01230,0.98770,0.00000
54.30250,0.49500,0.01155,0.98845,0.00000
54.40250,0.49500,0.01242,0.98758,0.00000
54.50250,0.49500,0.01135,0.98865,0.00000
54.60250,0.49500,0.01207,0.98793,0.00000
54.70250,0.49500,0.01097,0.98903,0.00000
54.80250,0.49500,0.01306,0.98694,0.00000
54.90250,0.49500,0.01271,0.98729,0.00000
55.00250,0.49500,0.01202,0.98798,0.00000
55.10250,0.49500,0.01341,0.98659,0.00000
55.20250,0.49500,0.01470,0.98530,0.00000
55.30250,0.49500,0.01565,0.98435,0.00000
55.40250,0.49500,0.01913,0.98087,0.00000
55.50250,0.49500,0.02256,0.97744,0.00000
55.60250,0.49500,0.01793,0.98207,0.00000
55.70250,0.49500,0.02165,0.97835,0.00000
55.80250,0.49500,0.01957,0.98043,0.00000
55.90250,0.49500,0.02071,0.97929,0.00000
56.00250,0.49500,0.01700,0.98300,0.00000
56.10250,0.49500,0.01774,0.98226,0.00000
56.20250,0.49500,0.01466,0.98534,0.00000
56.30250,0.49500,0.01339,0.98661,0.00000
56.40250,0.49500,0.01496,0.98504,0.00000
56.50250,0.49500,0.01399,0.98600,0.00000
56.60250,0.49500,0.01561,0.98439,0.00000
56.70250,0.49500,0.01814,0.98186,0.00000
56.80250,0.49500,0.01584,0.98416,0.00000
56.90250,0.49500,0.01692,0.98308,0.00000
57.00250,0.49500,0.01366,0.98634,0.00000
57.10250,0.49500,0.00990,0.99010,0.00000
57.20250,0.49500,0.01142,0.98857,0.00000
57.30250,0.49500,0.01165,0.98835,0.00000
57.40250,0.49500,0.01540,0.98460,0.00000
57.50250,0.49500,0.01388,0.98612,0.00000
57.60250,0.49500,0.01331,0.98669,0.00000
57.70250,0.49500,0.01293,0.98707,0.00000
57.80250,0.49500,0.01018,0.98982,0.00000
57.90250,0.49500,0.00925,0.99074,0.00000
58.00250,0.49500,0.00944,0.99056,0.00000
58.10250,0.49500,0.00974,0.99026,0.00000
58.20250,0.49500,0.00934,0.99066,0.00000
58.30250,0.49500,0.00990,0.99010,0.00000
58.40250,0.49500,0.00983,0.99017,0.00000
58.50250,0.49500,0.00900,0.99100,0.00000
58.60250,0.49500,0.01122,0.98878,0.00000
58.70250,0.49500,0.01132,0.98868,0.00000
58.80250,0.49500,0.01220,0.98780,0.00000
58.90250,0.49500,0.01340,0.98659,0.00000
59.00250,0.49500,0.01266,0.98734,0.00000
59.10250,0.49500,0.01304,0.98696,0.00000
59.20250,0.49500,0.01185,0.98815,0.00000
59.30250,0.49500,0.01181,0.98819,0.00000
59.40250,0.49500,0.01171,0.98828,0.00000
59.50250,0.49500,0.01081,0.98919,0.00000
59.60250,0.49500,0.01036,0.98964,0.00000
59.70250,0.49500,0.01086,0.98914,0.00000
59.80250,0.49500,0.01105,0.98895,0.00000
59.90250,0.49500,0.01420,0.98580,0.00000
60.00250,0.49500,0.01370,0.98630,0.00000
60.10250,0.49500,0.01406,0.98594,0.00000
60.20250,0.49500,0.01619,0.98381,0.00000
60.30250,0.49500,0.01312,0.98688,0.00000
60.40250,0.49500,0.01195,0.98805,0.00000
60.50250,0.49500,0.01236,0.98764,0.00000
60.60250,0.49500,0.00985,0.99015,0.00000
60.70250,0.49500,0.00901,0.99099,0.00000
60.80250,0.49500,0.00878,0.99121,0.00001
60.90250,0.49500,0.00846,0.99153,0.00001
61.00250,0.49500,0.00923,0.99076,0.00001
61.10250,0.49500,0.00901,0.99099,0.00001
61.20250,0.49500,0.01065,0.98934,0.00001
61.30250,0.49500,0.01020,0.98980,0.00001
61.40250,0.49500,0.01107,0.98892,0.00001
61.50250,0.49500,0.01120,0.98879,0.00001
61.60250,0.49500,0.01140,0.98859,0.00001
61.70250,0.49500,0.01159,0.98840,0.00001
61.80250,0.49500,0.00996,0.99003,0.00001
61.90250,0.49500,0.01018,0.98982,0.00001
62.00250,0.49500,0.00944,0.99055,0.00001
62.10250,0.49500,0.00959,0.99040,0.00000
62.20250,0.49500,0.00971,0.99029,0.00000
62.30250,0.49500,0.00985,0.99014,0.00000
62.40250,0.49500,0.01332,0.98668,0.00000
62.50250,0.49500,0.01478,0.98522,0.00000
62.60250,0.49500,0.01455,0.98545,0.00000
62.70250,0.49500,0.01733,0.98267,0.00000
62.80250,0.49500,0.01583,0.98417,0.00000
62.90250,0.49500,0.01731,0.98269,0.00000
63.00250,0.49500,0.02005,0.97995,0.00000
63.10250,0.49500,0.01790,0.98210,0.00000
63.20250,0.49500,0.01937,0.98063,0.00000
63.30250,0.49500,0.01489,0.98511,0.00000
63.40250,0.49500,0.01184,0.98816,0.00000
63.50250,0.49500,0.01271,0.98729,0.00000
63.60250,0.49500,0.01146,0.98854,0.00000
63.70250,0.49500,0.01298,0.98701,0.00000
63.80250,0.49500,0.01414,0.98586,0.00000
63.90250,0.49500,0.01307,0.98692,0.00000
64.00250,0.49500,0.01147,0.98852,0.00000
64.10250,0.49500,0.01311,0.98689,0.00000
64.20250,0.49500,0.01358,0.98641,0.00000
64.30250,0.49500,0.01192,0.98808,0.00000
64.40250,0.49500,0.01290,0.98710,0.00000
64.50250,0.49500,0.01034,0.98966,0.00000
64.60250,0.49500,0.01218,0.98782,0.00000
64.70250,0.49500,0.01322,0.98678,0.00000
64.80250,0.49500,0.01422,0.98578,0.00000
64.90250,0.49500,0.01333,0.98667,0.00000
65.00250,0.49500,0.01258,0.98742,0.00000
65.10250,0.49500,0.01279,0.98721,0.00000
65.20250,0.49500,0.01108,0.98892,0.00000
65.30250,0.49500,0.01183,0.98817,0.00000
65.40250,0.49500,0.01063,0.98937,0.00000
65.50250,0.49500,0.00936,0.99064,0.00000
65.60250,0.49500,0.00972,0.99028,0.00000
65.70250,0.49500,0.01021,0.98979,0.00000
65.80250,0.49500,0.01004,0.98996,0.00000
65.90250,0.49500,0.01029,0.98971,0.00000
66.00250,0.49500,0.01205,0.98795,0.00000
66.10250,0.49500,0.01175,0.98825,0.00000
66.20250,0.49500,0.01148,0.98852,0.00000
66.30250,0.49500,0.01217,0.98783,0.00000
66.40250,0.49500,0.00963,0.99037,0.00000
66.50250,0.49500,0.00879,0.99121,0.00000
66.60250,0.49500,0.01140,0.98859,0.00000
66.70250,0.49500,0.01134,0.98866,0.00000
66.80250,0.49500,0.01173,0.98826,0.00000
66.90250,0.49500,0.01084,0.98916,0.00000
67.00250,0.49500,0.00985,0.99015,0.00000
67.10250,0.49500,0.01010,0.98989,0.00000
67.20250,0.49500,0.01020,0.98980,0.00000
67.30250,0.49500,0.01044,0.98956,0.00000
67.40250,0.49500,0.00885,0.99115,0.00000
67.50250,0.49500,0.00957,0.99043,0.00000
67.60250,0.49500,0.00973,0.99027,0.00000
67.70250,0.49500,0.01026,0.98974,0.00000
67.80250,0.49500,0.01114,0.98886,0.00000
67.90250,0.49500,0.01075,0.98925,0.00000
68.00250,0.49500,0.01104,0.98896,0.00000
68.10250,0.49500,0.00951,0.99049,0.00000
68.20250,0.49500,0.01096,0.98903,0.00000
68.30250,0.49500,0.01091,0.98909,0.00000
68.40250,0.49500,0.01096,0.98903,0.00001
68.50250,0.49500,0.01019,0.98980,0.00001
68.60250,0.49500,0.00819,0.99181,0.00001
68.70250,0.49500,0.00846,0.99153,0.00001
68.80250,0.49500,0.00835,0.99164,0.00001
68.90250,0.49500,0.01096,0.98904,0.00001
69.00250,0.49500,0.01199,0.98800,0.00000
69.10250,0.49500,0.01283,0.98717,0.00000
69.20250,0.49500,0.01270,0.98729,0.00000
69.30250,0.49500,0.01023,0.98977,0.00000
69.40250,0.49500,0.01097,0.98903,0.00000
69.50250,0.49500,0.00873,0.99127,0.00000
69.60250,0.49500,0.00860,0.99139,0.00000
69.70250,0.49500,0.01124,0.98875,0.00000
69.80250,0.49500,0.01054,0.98946,0.00000
69.90250,0.49500,0.01118,0.98882,0.00000
70.00250,0.49500,0.01072,0.98928,0.00000
70.10250,0.49500,0.00848,0.99151,0.00000
70.20250,0.49500,0.00890,0.99109,0.00001
70.30250,0.49500,0.00853,0.99146,0.00001
70.40250,0.49500,0.00839,0.99161,0.00001
70.50250,0.49500,0.01222,0.98778,0.00000
70.60250,0.49500,0.01169,0.98831,0.00000
70.70250,0.49500,0.01409,0.98591,0.00000
70.80250,0.49500,0.01368,0.98632,0.00000
70.90250,0.49500,0.01253,0.98747,0.00000
71.00250,0.49500,0.01176,0.98824,0.00000
71.10250,0.49500,0.01174,0.98826,0.00000
71.20250,0.49500,0.01118,0.98882,0.00000
71.30250,0.49500,0.01148,0.98852,0.00000
71.40250,0.49500,0.01159,0.98840,0.00000
71.50250,0.49500,0.01057,0.98943,0.00000
71.60250,0.49500,0.01071,0.98929,0.00000
71.70250,0.49500,0.01422,0.98577,0.00000
71.80250,0.49500,0.01156,0.98843,0.00000
71.90250,0.49500,0.01486,0.98514,0.00000
72.00250,0.49500,0.01379,0.98621,0.00000
72.10250,0.49500,0.01043,0.98957,0.00000
72.20250,0.49500,0.01229,0.98770,0.00000
72.30250,0.49500,0.01115,0.98885,0.00000
72.40250,0.49500,0.01123,0.98876,0.00000
72.50250,0.49500,0.01086,0.98914,0.00000
72.60250,0.49500,0.01047,0.98953,0.00000
72.70250,0.49500,0.01204,0.98795,0.00000
72.80250,0.49500,0.01059,0.98941,0.00000
72.90250,0.49500,0.01144,0.98855,0.00000
73.00250,0.49500,0.00939,0.99060,0.00001
73.10250,0.49500,0.01035,0.98964,0.00001
73.20250,0.49500,0.01194,0.98805,0.00001
73.30250,0.49500,0.01262,0.98737,0.00000
73.40250,0.49500,0.01246,0.98753,0.00000
73.50250,0.49500,0.01130,0.98870,0.00000
73.60250,0.49500,0.01041,0.98959,0.00000
73.70250,0.49500,0.01064,0.98936,0.00000
73.80250,0.49500,0.00878,0.99122,0.00000
73.90250,0.49500,0.00921,0.99079,0.00000
74.00250,0.49500,0.00814,0.99186,0.00000
74.10250,0.49500,0.00946,0.99054,0.00000
74.20250,0.49500,0.00960,0.99040,0.00000
74.30250,0.49500,0.00979,0.99021,0.00000
74.40250,0.49500,0.00918,0.99082,0.00000
74.50250,0.49500,0.00991,0.99009,0.00000
74.60250,0.49500,0.01009,0.98991,0.00000
74.70250,0.49500,0.01017,0.98982,0.00000
74.80250,0.49500,0.01012,0.98988,0.00000
74.90250,0.49500,0.01108,0.98891,0.00000
75.00250,0.49500,0.00909,0.99091,0.00000
75.10250,0.49500,0.00949,0.99051,0.00000
75.20250,0.49500,0.00930,0.99069,0.00000
75.30250,0.49500,0.00931,0.99069,0.00000
75.40250,0.49500,0.00992,0.99008,0.00000
75.50250,0.49500,0.01063,0.98937,0.00000
75.60250,0.49500,0.01045,0.98955,0.00000
75.70250,0.49500,0.00945,0.99055,0.00000
75.80250,0.49500,0.00921,0.99079,0.00000
75.90250,0.49500,0.00903,0.99097,0.00000
76.00250,0.49500,0.00883,0.99117,0.00000
76.10250,0.49500,0.00877,0.99122,0.00000
76.20250,0.49500,0.00963,0.99037,0.00000
76.30250,0.49500,0.00940,0.99060,0.00000
76.40250,0.49500,0.00963,0.99037,0.00000
76.50250,0.49500,0.01194,0.98806,0.00000
76.60250,0.49500,0.01013,0.98987,0.00000
76.70250,0.49500,0.01196,0.98804,0.00000
76.80250,0.49500,0.01013,0.98987,0.00000
76.90250,0.49500,0.00946,0.99054,0.00000
77.00250,0.49500,0.01053,0.98946,0.00000
77.10250,0.49500,0.01086,0.98914,0.00000
77.20250,0.49500,0.01247,0.98753,0.00000
77.30250,0.49500,0.01186,0.98813,0.00000
77.40250,0.49500,0.01215,0.98785,0.00000
77.50250,0.49500,0.01174,0.98826,0.00000
77.60250,0.49500,0.00958,0.99042,0.00000
77.70250,0.49500,0.01047,0.98953,0.00000
77.80250,0.49500,0.00918,0.99082,0.00000
77.90250,0.49500,0.00942,0.99057,0.00000
78.00250,0.49500,0.01065,0.98934,0.00001
78.10250,0.49500,0.00965,0.99035,0.00001
78.20250,0.49500,0.01007,0.98993,0.00001
78.30250,0.49500,0.01093,0.98907,0.00001
78.40250,0.49500,0.00962,0.99038,0.00000
78.50250,0.49500,0.00999,0.99001,0.00000
78.60250,0.49500,0.01025,0.98975,0.00000
78.70250,0.49500,0.00993,0.99007,0.00000
78.80250,0.49500,0.01140,0.98860,0.00000
78.90250,0.49500,0.01013,0.98987,0.00000
79.00250,0.49500,0.01070,0.98929,0.00000
79.10250,0.49500,0.01030,0.98970,0.00000
79.20250,0.49500,0.01015,0.98985,0.00000
79.30250,0.49500,0.01073,0.98927,0.00000
79.40250,0.49500,0.01063,0.98937,0.00000
79.50250,0.49500,0.01015,0.98985,0.00000
79.60250,0.49500,0.00976,0.99024,0.00000
79.70250,0.49500,0.00993,0.99007,0.00000
79.80250,0.49500,0.01072,0.98927,0.00000
79.90250,0.49500,0.01001,0.98998,0.00001
80.00250,0.49500,0.01405,0.98594,0.00001
80.10250,0.49500,0.01149,0.98850,0.00001
80.20250,0.49500,0.01225,0.98774,0.00001
80.30250,0.49500,0.01502,0.98497,0.00001
80.40250,0.49500,0.01459,0.98540,0.00000
80.50250,0.49500,0.01431,0.98569,0.00000
80.60250,0.49500,0.01741,0.98259,0.00000
80.70250,0.49500,0.01445,0.98555,0.00000
80.80250,0.49500,0.01608,0.98392,0.00000
80.90250,0.49500,0.01766,0.98234,0.00000
81.00250,0.49500,0.01438,0.98562,0.00000
81.10250,0.49500,0.01532,0.98468,0.00000
81.20250,0.49500,0.01440,0.98560,0.00000
81.30250,0.49500,0.01583,0.98416,0.00000
81.40250,0.49500,0.01143,0.98857,0.00000
81.50250,0.49500,0.01156,0.98844,0.00000
81.60250,0.49500,0.01082,0.98918,0.00000
81.70250,0.49500,0.01015,0.98984,0.00001
81.80250,0.49500,0.01318,0.98681,0.00001
81.90250,0.49500,0.01917,0.98082,0.00001
82.00250,0.49500,0.01763,0.98236,0.00001
82.10250,0.49500,0.01887,0.98112,0.00001
82.20250,0.49500,0.01184,0.98815,0.00002
82.30250,0.49500,0.01644,0.98355,0.00001
82.40250,0.49500,0.01483,0.98515,0.00001
82.50250,0.49500,0.01999,0.98000,0.00001
82.60250,0.49500,0.01637,0.98363,0.00000
82.70250,0.49500,0.01061,0.98938,0.00001
82.80250,0.49500,0.00980,0.99019,0.00001
82.90250,0.49500,0.01062,0.98937,0.00001
83.00250,0.49500,0.00956,0.99042,0.00002
83.10250,0.49500,0.01026,0.98972,0.00002
83.20250,0.49500,0.01095,0.98904,0.00002
83.30250,0.49500,0.00950,0.99048,0.00002
83.40250,0.49500,0.00916,0.99083,0.00002
83.50250,0.49500,0.01133,0.98866,0.00001
83.60250,0.49500,0.00920,0.99078,0.00002
83.70250,0.49500,0.00963,0.99036,0.00002
83.80250,0.49500,0.00909,0.99090,0.00001
83.90250,0.49500,0.00804,0.99194,0.00002
84.00250,0.49500,0.00936,0.99063,0.00001
84.10250,0.49500,0.00997,0.99002,0.00000
84.20250,0.49500,0.01125,0.98875,0.00000
84.30250,0.49500,0.01247,0.98752,0.00000
84.40250,0.49500,0.01334,0.98666,0.00000
84.50250,0.49500,0.01478,0.98522,0.00000
84.60250,0.49500,0.01479,0.98520,0.00000
84.70250,0.49500,0.01752,0.98248,0.00000
84.80250,0.49500,0.01686,0.98314,0.00000
84.90250,0.49500,0.01667,0.98333,0.00000
85.00250,0.49500,0.01724,0.98276,0.00000
85.10250,0.49500,0.01513,0.98487,0.00000
85.20250,0.49500,0.01563,0.98437,0.00000
85.30250,0.49500,0.01505,0.98495,0.00000
85.40250,0.49500,0.01426,0.98574,0.00000
85.50250,0.49500,0.01693,0.98306,0.00000
85.60250,0.49500,0.02173,0.97826,0.00000
85.70250,0.49500,0.02326,0.97674,0.00000
85.80250,0.49500,0.02028,0.97972,0.00000
85.90250,0.49500,0.01357,0.98643,0.00000
86.00250,0.49500,0.01154,0.98846,0.00000
86.10250,0.49500,0.01097,0.98903,0.00000
86.20250,0.49500,0.01800,0.98199,0.00000
86.30250,0.49500,0.01774,0.98226,0.00000
86.40250,0.49500,0.02214,0.97786,0.00000
86.50250,0.49500,0.02136,0.97864,0.00000
86.60250,0.49500,0.01654,0.98346,0.00000
86.70250,0.49500,0.01752,0.98248,0.00000
86.80250,0.49500,0.01592,0.98408,0.00000
86.90250,0.49500,0.01580,0.98420,0.00000
87.00250,0.49500,0.01642,0.98358,0.00000
87.10250,0.49500,0.01628,0.98372,0.00000
87.20250,0.49500,0.02152,0.97848,0.00000
87.30250,0.49500,0.02172,0.97827,0.00000
87.40250,0.49500,0.03230,0.96770,0.00000
87.50250,0.49500,0.04355,0.95645,0.00000
87.60250,0.49500,0.46046,0.53954,0.00000
87.70250,0.49500,0.62053,0.37947,0.00000
87.80250,0.49500,0.69433,0.30567,0.00000
87.90250,0.49500,0.93825,0.06175,0.00000
88.00250,0.49500,0.67968,0.32031,0.00000
88.10250,0.49500,0.31548,0.68434,0.00019
88.20250,0.49500,0.65535,0.34448,0.00017
88.30250,0.49500,0.81495,0.18505,0.00000
88.40250,0.49500,0.93315,0.06685,0.00000
88.50250,0.49500,0.87949,0.12051,0.00000
88.60250,0.49500,0.76518,0.23482,0.00000
88.70250,0.49500,0.38063,0.61937,0.00000
88.80250,0.49500,0.12689,0.87309,0.00002
88.90250,0.49500,0.03221,0.96762,0.00016
89.00250,0.49500,0.01473,0.98435,0.00092
89.10250,0.49500,0.01079,0.98723,0.00198
89.20250,0.49500,0.01933,0.97962,0.00105
89.30250,0.49500,0.01483,0.98410,0.00107
89.40250,0.49500,0.02267,0.97397,0.00336
89.50250,0.49500,0.13595,0.86050,0.00355
89.60250,0.49500,0.23853,0.76037,0.00110
89.70250,0.49500,0.20869,0.79091,0.00039
89.80250,0.49500,0.62255,0.37706,0.00039
89.90250,0.49500,0.46857,0.53139,0.00004
90.00250,0.49500,0.67016,0.32974,0.00010
90.10250,0.49500,0.77196,0.22803,0.00001
90.20250,0.49500,0.85089,0.14902,0.00008
90.30250,0.49500,0.87071,0.12928,0.00001
90.40250,0.49500,0.93185,0.06807,0.00008
90.50250,0.49500,0.88130,0.11866,0.00004
90.60250,0.49500,0.95131,0.04867,0.00003
90.70250,0.49500,0.88759,0.11237,0.00004
90.80250,0.49500,0.87008,0.12986,0.00006
90.90250,0.49500,0.77077,0.22867,0.00055
91.00250,0.49500,0.92433,0.07548,0.00018
91.10250,0.49500,0.81497,0.18390,0.00113
91.20250,0.49500,0.81635,0.18341,0.00024
91.30250,0.49500,0.91757,0.08243,0.00000
91.40250,0.49500,0.95089,0.04911,0.00000
91.50250,0.49500,0.88881,0.11118,0.00001
91.60250,0.49500,0.91506,0.08493,0.00000
91.70250,0.49500,0.82587,0.17412,0.00001
91.80250,0.49500,0.95061,0.04938,0.00001
91.90250,0.49500,0.92467,0.07533,0.00000
92.00250,0.49500,0.85121,0.14879,0.00000
92.10250,0.49500,0.97143,0.02857,0.00000
92.20250,0.49500,0.81302,0.18698,0.00000
92.30250,0.49500,0.91072,0.08928,0.00000
92.40250,0.49500,0.97998,0.02002,0.00000
92.50250,0.49500,0.79797,0.20203,0.00000
92.60250,0.49500,0.74186,0.25810,0.00005
92.70250,0.49500,0.90008,0.09976,0.00016
92.80250,0.49500,0.70145,0.29836,0.00019
92.90250,0.49500,0.66408,0.33572,0.00020
93.00250,0.49500,0.74008,0.25989,0.00003
93.10250,0.49500,0.80481,0.19517,0.00003
93.20250,0.49500,0.92305,0.07694,0.00001
93.30250,0.49500,0.71274,0.28726,0.00000
93.40250,0.49500,0.78664,0.21335,0.00001
93.50250,0.49500,0.81938,0.18062,0.00000
93.60250,0.49500,0.82062,0.17937,0.00001
93.70250,0.49500,0.75853,0.24143,0.00004
93.80250,0.49500,0.69469,0.30523,0.00009
93.90250,0.49500,0.52867,0.47066,0.00067
94.00250,0.49500,0.40096,0.59886,0.00017
94.10250,0.49500,0.70061,0.29931,0.00009
94.20250,0.49500,0.33278,0.66716,0.00006
94.30250,0.49500,0.79496,0.20502,0.00002
94.40250,0.49500,0.70111,0.29889,0.00000
94.50250,0.49500,0.91395,0.08605,0.00000
94.60250,0.49500,0.87793,0.12207,0.00000
94.70250,0.49500,0.97766,0.02234,0.00000
94.80250,0.49500,0.97935,0.02065,0.00000
94.90250,0.49500,0.86394,0.13606,0.00000
95.00250,0.49500,0.99737,0.00263,0.00000
95.10250,0.49500,0.99330,0.00670,0.00000
95.20250,0.49500,0.98626,0.01374,0.00000
95.30250,0.49500,0.94495,0.05505,0.00000
95.40250,0.49500,0.73350,0.26650,0.00000
95.50250,0.49500,0.64139,0.35857,0.00003
95.60250,0.49500,0.74503,0.25496,0.00001
95.70250,0.49500,0.97330,0.02670,0.00000
95.80250,0.49500,0.99234,0.00766,0.00000
95.90250,0.49500,0.98742,0.01258,0.00000
96.00250,0.49500,0.92208,0.07792,0.00000
96.10250,0.49500,0.96386,0.03612,0.00001
96.20250,0.49500,0.97546,0.02454,0.00000
96.30250,0.49500,0.99867,0.00133,0.00000
96.40250,0.49500,0.99303,0.00697,0.00000
96.50250,0.49500,0.98519,0.01481,0.00000
96.60250,0.49500,0.79077,0.20923,0.00000
96.70250,0.49500,0.81801,0.18198,0.00001
96.80250,0.49500,0.95719,0.04281,0.00000
96.90250,0.49500,0.80438,0.19562,0.00000
97.00250,0.49500,0.84343,0.15655,0.00002
97.10250,0.49500,0.89617,0.10382,0.00001
97.20250,0.49500,0.79081,0.20919,0.00001
97.30250,0.49500,0.96176,0.03824,0.00000
97.40250,0.49500,0.86722,0.13278,0.00000
97.50250,0.49500,0.99252,0.00748,0.00000
97.60250,0.49500,0.99616,0.00384,0.00000
97.70250,0.49500,0.97620,0.02380,0.00000
97.80250,0.49500,0.98950,0.01050,0.00000
97.90250,0.49500,0.76172,0.23828,0.00000
98.00250,0.49500,0.89546,0.10454,0.00000
98.10250,0.49500,0.98857,0.01143,0.00000
98.20250,0.49500,0.97382,0.02618,0.00000
98.30250,0.49500,0.97249,0.02751,0.00000
98.40250,0.49500,0.97371,0.02629,0.00000
98.50250,0.49500,0.96046,0.03954,0.00000
98.60250,0.49500,0.78015,0.21985,0.00000
98.70250,0.49500,0.83689,0.16284,0.00027
98.80250,0.49500,0.96341,0.03657,0.00002
98.90250,0.49500,0.84010,0.15970,0.00021
99.00250,0.49500,0.93732,0.06267,0.00001
99.10250,0.49500,0.90505,0.09494,0.00001
99.20250,0.49500,0.98476,0.01520,0.00004
99.30250,0.49500,0.95421,0.04578,0.00001
99.40250,0.49500,0.94341,0.05648,0.00012
99.50250,0.49500,0.98614,0.01386,0.00000
99.60250,0.49500,0.93282,0.06718,0.00000
99.70250,0.49500,0.94523,0.05476,0.00001
99.80250,0.49500,0.91636,0.08364,0.00000
99.90250,0.49500,0.87577,0.12405,0.00019
100.00250,0.49500,0.97687,0.02305,0.00007
100.10250,0.49500,0.94223,0.05771,0.00006
100.20250,0.49500,0.98021,0.01954,0.00025
100.30250,0.49500,0.96377,0.03584,0.00040
100.40250,0.49500,0.97398,0.02138,0.00464
100.50250,0.49500,0.96859,0.03027,0.00114
100.60250,0.49500,0.96265,0.03656,0.00080
100.70250,0.49500,0.93924,0.05998,0.00079
100.80250,0.49500,0.92175,0.07822,0.00003
100.90250,0.49500,0.95348,0.04649,0.00003
101.00250,0.49500,0.94318,0.05664,0.00018
101.10250,0.49500,0.91037,0.08953,0.00010
101.20250,0.49500,0.96868,0.03130,0.00002
101.30250,0.49500,0.95774,0.04224,0.00002
101.40250,0.49500,0.96409,0.03590,0.00001
101.50250,0.49500,0.94073,0.05914,0.00013
101.60250,0.49500,0.88892,0.11106,0.00003
101.70250,0.49500,0.91600,0.08362,0.00038
101.80250,0.49500,0.93490,0.06508,0.00002
101.90250,0.49500,0.94824,0.05173,0.00003
102.00250,0.49500,0.93235,0.06758,0.00007
102.10250,0.49500,0.90640,0.09341,0.00019
102.20250,0.49500,0.90416,0.09443,0.00141
102.30250,0.49500,0.83177,0.16407,0.00416
102.40250,0.49500,0.81047,0.18110,0.00842
102.50250,0.49500,0.80729,0.18857,0.00414
102.60250,0.49500,0.80762,0.19043,0.00195
102.70250,0.49500,0.96287,0.03340,0.00373
102.80250,0.49500,0.93760,0.05998,0.00242
102.90250,0.49500,0.80888,0.17414,0.01698
103.00250,0.49500,0.46777,0.43668,0.09555
103.10250,0.49500,0.69997,0.03169,0.26834
103.20250,0.49500,0.74438,0.01224,0.24338
103.30250,0.49500,0.81101,0.04538,0.14361
103.40250,0.49500,0.90622,0.02792,0.06586
103.50250,0.49500,0.96919,0.02610,0.00471
103.60250,0.49500,0.91438,0.08548,0.00014
103.70250,0.49500,0.99777,0.00223,0.00000
103.80250,0.49500,1.00000,0.00000,0.00000
103.90250,0.49500,1.00000,0.00000,0.00000
104.00250,0.49500,1.00000,0.00000,0.00000
104.10250,0.49500,1.00000,0.00000,0.00000
104.20250,0.49500,1.00000,0.00000,0.00000
104.30250,0.49500,0.99748,0.00224,0.00028
104.40250,0.49500,0.58862,0.41042,0.00096
104.50250,0.49500,0.33399,0.66487,0.00114
104.60250,0.49500,0.91450,0.08550,0.00000
104.70250,0.49500,0.96331,0.03669,0.00000
104.80250,0.49500,0.96553,0.03447,0.00000
104.90250,0.49500,0.99638,0.00362,0.00000
105.00250,0.49500,0.99904,0.00096,0.00000
105.10250,0.49500,0.92244,0.07756,0.00000
105.20250,0.49500,0.91665,0.08332,0.00003
105.30250,0.49500,0.88681,0.11314,0.00005
105.40250,0.49500,0.95826,0.04173,0.00000
105.50250,0.49500,0.92343,0.07657,0.00000
105.60250,0.49500,0.98228,0.01772,0.00000
105.70250,0.49500,0.94841,0.05159,0.00000
105.80250,0.49500,0.91538,0.08462,0.00000
105.90250,0.49500,0.81704,0.18296,0.00000
106.00250,0.49500,0.86562,0.13424,0.00015
106.10250,0.49500,0.82652,0.16417,0.00931
106.20250,0.49500,0.58919,0.33278,0.07802
106.30250,0.49500,0.86183,0.12487,0.01331
106.40250,0.49500,0.85287,0.14253,0.00460
106.50250,0.49500,0.89818,0.10062,0.00119
106.60250,0.49500,0.94102,0.05779,0.00119
106.70250,0.49500,0.96284,0.03145,0.00571
106.80250,0.49500,0.93547,0.06140,0.00313
106.90250,0.49500,0.93167,0.06786,0.00047
107.00250,0.49500,0.89308,0.10644,0.00048
107.10250,0.49500,0.80201,0.19785,0.00014
107.20250,0.49500,0.58109,0.41857,0.00034
107.30250,0.49500,0.87451,0.12543,0.00006
107.40250,0.49500,0.97946,0.02054,0.00000
107.50250,0.49500,0.99991,0.00009,0.00000
107.60250,0.49500,0.99763,0.00237,0.00000
107.70250,0.49500,0.99995,0.00005,0.00000
107.80250,0.49500,1.00000,0.00000,0.00000
107.90250,0.49500,0.92737,0.07263,0.00000
108.00250,0.49500,0.96016,0.03984,0.00000
108.10250,0.49500,0.78787,0.21213,0.00000
108.20250,0.49500,0.85475,0.14525,0.00000
108.30250,0.49500,0.91990,0.08010,0.00000
108.40250,0.49500,0.73484,0.26516,0.00000
108.50250,0.49500,0.99991,0.00005,0.00005
108.60250,0.49500,0.99938,0.00000,0.00062
108.70250,0.49500,0.99850,0.00001,0.00149
108.80250,0.49500,0.98846,0.00000,0.01154
108.90250,0.49500,0.99366,0.00001,0.00634
109.00250,0.49500,0.86452,0.13167,0.00381
109.10250,0.49500,0.74817,0.24590,0.00593
109.20250,0.49500,0.84735,0.15234,0.00032
109.30250,0.49500,0.91937,0.08055,0.00007
109.40250,0.49500,0.78243,0.21654,0.00103
109.50250,0.49500,0.94312,0.05643,0.00046
109.60250,0.49500,0.94716,0.05246,0.00038
109.70250,0.49500,0.91280,0.07005,0.01714
109.80250,0.49500,0.96319,0.02924,0.00757
109.90250,0.49500,0.93829,0.06087,0.00084
110.00250,0.49500,0.86304,0.13183,0.00513
110.10250,0.49500,0.85305,0.13567,0.01128
110.20250,0.49500,0.87877,0.12057,0.00066
110.30250,0.49500,0.91019,0.08576,0.00404
110.40250,0.49500,0.86762,0.13161,0.00077
110.50250,0.49500,0.86575,0.13411,0.00014
110.60250,0.49500,0.94145,0.05698,0.00157
110.70250,0.49500,0.90871,0.09120,0.00009
110.80250,0.49500,0.87057,0.12802,0.00141
110.90250,0.49500,0.98871,0.01108,0.00021
111.00250,0.49500,0.94569,0.05306,0.00125
111.10250,0.49500,0.96481,0.03497,0.00022
111.20250,0.49500,0.95293,0.04547,0.00161
111.30250,0.49500,0.89780,0.10189,0.00030
111.40250,0.49500,0.95551,0.04443,0.00005
111.50250,0.49500,0.91351,0.08646,0.00003
111.60250,0.49500,0.94100,0.05895,0.00005
111.70250,0.49500,0.87860,0.12129,0.00011
111.80250,0.49500,0.71262,0.28687,0.00051
111.90250,0.49500,0.46424,0.53301,0.00275
112.00250,0.49500,0.67237,0.32268,0.00494
112.10250,0.49500,0.90286,0.09696,0.00018
112.20250,0.49500,0.82382,0.17542,0.00076
112.30250,0.49500,0.83809,0.16189,0.00002
112.40250,0.49500,0.91976,0.08022,0.00002
112.50250,0.49500,0.93142,0.06847,0.00011
112.60250,0.49500,0.82118,0.17880,0.00002
112.70250,0.49500,0.97465,0.02528,0.00007
112.80250,0.49500,0.87032,0.12967,0.00001
112.90250,0.49500,0.97550,0.02445,0.00005
113.00250,0.49500,0.95209,0.04790,0.00001
113.10250,0.49500,0.91796,0.08194,0.00010
113.20250,0.49500,0.88577,0.11410,0.00013
113.30250,0.49500,0.70566,0.29388,0.00046
113.40250,0.49500,0.68549,0.30127,0.01324
113.50250,0.49500,0.58610,0.40815,0.00575
113.60250,0.49500,0.56269,0.43018,0.00713
113.70250,0.49500,0.79137,0.20810,0.00053
113.80250,0.49500,0.82038,0.17914,0.00048
113.90250,0.49500,0.71392,0.28602,0.00006
114.00250,0.49500,0.87087,0.12889,0.00024
114.10250,0.49500,0.68577,0.31400,0.00023
114.20250,0.49500,0.81529,0.18177,0.00294
114.30250,0.49500,0.64914,0.34972,0.00114
114.40250,0.49500,0.80680,0.19180,0.00140
114.50250,0.49500,0.84282,0.15691,0.00027
114.60250,0.49500,0.87691,0.12296,0.00014
114.70250,0.49500,0.73017,0.26959,0.00023
114.80250,0.49500,0.78604,0.21377,0.00019
114.90250,0.49500,0.79041,0.20742,0.00217
115.00250,0.49500,0.42725,0.57200,0.00075
115.10250,0.49500,0.85551,0.14414,0.00035
115.20250,0.49500,0.86196,0.13769,0.00035
115.30250,0.49500,0.89447,0.10553,0.00001
115.40250,0.49500,0.93668,0.06332,0.00000
115.50250,0.49500,0.96644,0.03356,0.00000
115.60250,0.49500,0.81281,0.18716,0.00003
115.70250,0.49500,0.94967,0.05018,0.00015
115.80250,0.49500,0.97132,0.02865,0.00002
115.90250,0.49500,0.96277,0.03692,0.00031
116.00250,0.49500,0.85908,0.14072,0.00019
116.10250,0.49500,0.97673,0.02313,0.00013
116.20250,0.49500,0.96530,0.03456,0.00014
116.30250,0.49500,0.95766,0.04218,0.00015
116.40250,0.49500,0.92263,0.07694,0.00044
116.50250,0.49500,0.87666,0.12311,0.00023
116.60250,0.49500,0.86768,0.13205,0.00027
116.70250,0.49500,0.73514,0.26479,0.00007
116.80250,0.49500,0.88784,0.11207,0.00009
116.90250,0.49500,0.64643,0.35289,0.00068
117.00250,0.49500,0.88091,0.11906,0.00003
117.10250,0.49500,0.92828,0.07157,0.00015
117.20250,0.49500,0.72043,0.27950,0.00007
117.30250,0.49500,0.81983,0.17932,0.00085
117.40250,0.49500,0.98022,0.01941,0.00037
117.50250,0.49500,0.93997,0.05819,0.00184
117.60250,0.49500,0.98554,0.01421,0.00025
117.70250,0.49500,0.90847,0.09141,0.00011
117.80250,0.49500,0.92063,0.07922,0.00014
117.90250,0.49500,0.91025,0.08968,0.00006
118.00250,0.49500,0.81618,0.18378,0.00004
118.10250,0.49500,0.96719,0.03281,0.00000
118.20250,0.49500,0.88155,0.11844,0.00001
118.30250,0.49500,0.97549,0.02451,0.00000
118.40250,0.49500,0.91464,0.08536,0.00000
118.50250,0.49500,0.88903,0.11089,0.00008
118.60250,0.49500,0.83490,0.16507,0.00003
118.70250,0.49500,0.83166,0.16733,0.00101
118.80250,0.49500,0.93498,0.06494,0.00009
118.90250,0.49500,0.78708,0.21270,0.00022
119.00250,0.49500,0.83389,0.16592,0.00019
119.10250,0.49500,0.82021,0.17975,0.00004
119.20250,0.49500,0.72988,0.26995,0.00017
119.30250,0.49500,0.84278,0.15721,0.00001
119.40250,0.49500,0.83012,0.16984,0.00004
119.50250,0.49500,0.92634,0.07366,0.00001
119.60250,0.49500,0.95444,0.04556,0.00001
119.70250,0.49500,0.92385,0.07610,0.00005
119.80250,0.49500,0.91700,0.08285,0.00015
119.90250,0.49500,0.94722,0.05274,0.00004
120.00250,0.49500,0.98113,0.01801,0.00086
120.10250,0.49500,0.94181,0.05794,0.00025
120.20250,0.49500,0.91509,0.08389,0.00102
120.30250,0.49500,0.93320,0.06485,0.00195
120.40250,0.49500,0.93980,0.05801,0.00218
120.50250,0.49500,0.93326,0.06406,0.00268
120.60250,0.49500,0.95337,0.04650,0.00012
120.70250,0.49500,0.83539,0.16137,0.00324
120.80250,0.49500,0.52219,0.47730,0.00051
120.90250,0.49500,0.90858,0.09135,0.00007
121.00250,0.49500,0.76922,0.23078,0.00000
121.10250,0.49500,0.99630,0.00370,0.00000
121.20250,0.49500,0.98870,0.01130,0.00000
121.30250,0.49500,0.99774,0.00226,0.00000
121.40250,0.49500,0.99452,0.00548,0.00000
121.50250,0.49500,0.99844,0.00156,0.00000
121.60250,0.49500,0.99895,0.00105,0.00000
121.70250,0.49500,0.99591,0.00409,0.00000
121.80250,0.49500,0.80733,0.19267,0.00000
121.90250,0.49500,0.96378,0.03622,0.00000
122.00250,0.49500,0.95892,0.04108,0.00000
122.10250,0.49500,0.73747,0.26253,0.00000
122.20250,0.49500,0.93695,0.06305,0.00000
122.30250,0.49500,0.98463,0.01537,0.00000
122.40250,0.49500,0.99304,0.00696,0.00000
122.50250,0.49500,0.86408,0.13592,0.00000
122.60250,0.49500,0.96991,0.03009,0.00000
122.70250,0.49500,0.94622,0.05377,0.00000
122.80250,0.49500,0.75176,0.24751,0.00073
122.90250,0.49500,0.65690,0.34140,0.00170
123.00250,0.49500,0.75871,0.24044,0.00085
123.10250,0.49500,0.60131,0.38567,0.01302
123.20250,0.49500,0.90831,0.09096,0.00072
123.30250,0.49500,0.94781,0.05191,0.00028
123.40250,0.49500,0.99708,0.00290,0.00002
123.50250,0.49500,0.98260,0.01740,0.00000
123.60250,0.49500,0.96803,0.03197,0.00000
123.70250,0.49500,0.99718,0.00282,0.00000
123.80250,0.49500,0.89517,0.10483,0.00000
123.90250,0.49500,0.96614,0.03386,0.00000
124.00250,0.49500,0.91908,0.08091,0.00002
124.10250,0.49500,0.86853,0.13116,0.00030
124.20250,0.49500,0.89354,0.10645,0.00001
124.30250,0.49500,0.87494,0.12490,0.00016
124.40250,0.49500,0.94418,0.05576,0.00006
124.50250,0.49500,0.95937,0.04036,0.00027
124.60250,0.49500,0.97845,0.02154,0.00001
124.70250,0.49500,0.97846,0.02153,0.00001
124.80250,0.49500,0.99535,0.00465,0.00000
124.90250,0.49500,0.96831,0.03161,0.00008
125.00250,0.49500,0.84138,0.15783,0.00079
125.10250,0.49500,0.97758,0.02239,0.00002
125.20250,0.49500,0.92840,0.07156,0.00005
125.30250,0.49500,0.96655,0.03344,0.00001
125.40250,0.49500,0.96386,0.03610,0.00005
125.50250,0.49500,0.95575,0.04425,0.00000
125.60250,0.49500,0.95340,0.04655,0.00005
125.70250,0.49500,0.99126,0.00874,0.00000
125.80250,0.49500,0.95741,0.04257,0.00002
125.90250,0.49500,0.93621,0.06377,0.00002
126.00250,0.49500,0.93108,0.06887,0.00005
126.10250,0.49500,0.83786,0.16209,0.00005
126.20250,0.49500,0.92972,0.06998,0.00030
126.30250,0.49500,0.91873,0.08099,0.00027
126.40250,0.49500,0.96890,0.03091,0.00018
126.50250,0.49500,0.81957,0.17882,0.00161
126.60250,0.49500,0.73833,0.26069,0.00098
126.70250,0.49500,0.90708,0.09011,0.00281
126.80250,0.49500,0.52878,0.46955,0.00168
126.90250,0.49500,0.50463,0.49412,0.00126
127.00250,0.49500,0.58506,0.41421,0.00074
127.10250,0.49500,0.64929,0.34896,0.00174
127.20250,0.49500,0.20879,0.78043,0.01078
127.30250,0.49500,0.19644,0.80195,0.00161
127.40250,0.49500,0.49926,0.49321,0.00753
127.50250,0.49500,0.44121,0.55526,0.00354
127.60250,0.49500,0.52505,0.47189,0.00306
127.70250,0.49500,0.58815,0.41106,0.00078
127.80250,0.49500,0.75146,0.24687,0.00166
127.90250,0.49501,0.87806,0.12165,0.00030
128.00250,0.49500,0.84641,0.15358,0.00001
128.10249,0.49501,0.86624,0.13373,0.00003
128.20250,0.49500,0.79795,0.20200,0.00005
128.30251,0.49500,0.91300,0.08635,0.00065
128.40250,0.49501,0.73093,0.26889,0.00018
128.50250,0.49500,0.81105,0.18384,0.00511
128.60249,0.49501,0.74955,0.25024,0.00022
128.70250,0.49500,0.82363,0.17611,0.00026
128.80251,0.49500,0.88301,0.11687,0.00012
128.90250,0.49501,0.89105,0.10869,0.00025
129.00250,0.49500,0.94863,0.05113,0.00024
129.10249,0.49501,0.93789,0.06190,0.00021
129.20250,0.49500,0.97155,0.02822,0.00023
129.30251,0.49500,0.96845,0.03101,0.00054
129.40250,0.49501,0.98898,0.01090,0.00012
129.50250,0.49500,0.97829,0.02089,0.00082
129.60249,0.49501,0.99760,0.00157,0.00083
129.70250,0.49500,0.97735,0.02264,0.00001
129.80251,0.49500,0.97542,0.02200,0.00258
129.90250,0.49501,0.99015,0.00930,0.00055
130.00250,0.49500,0.88148,0.11743,0.00109
130.10249,0.49501,0.91010,0.08976,0.00014
130.20250,0.49500,0.94523,0.05061,0.00416
130.30251,0.49500,0.37616,0.60899,0.01485
130.40250,0.49501,0.78962,0.18360,0.02678
130.50250,0.49500,0.44712,0.55098,0.00190
130.60249,0.49501,0.62347,0.37052,0.00601
130.70250,0.49500,0.40322,0.59616,0.00062
130.80251,0.49500,0.40085,0.58840,0.01075
130.90250,0.49501,0.08097,0.91709,0.00194
131.00250,0.49500,0.46231,0.53321,0.00449
131.10249,0.49501,0.49396,0.50274,0.00330
131.20250,0.49500,0.62306,0.37596,0.00099
131.30251,0.49500,0.38739,0.61054,0.00207
131.40250,0.49501,0.52804,0.47011,0.00185
131.50250,0.49500,0.45036,0.54064,0.00900
131.60249,0.49501,0.24979,0.74603,0.00419
131.70250,0.49500,0.36327,0.62353,0.01319
131.80251,0.49500,0.06925,0.91515,0.01560
131.90250,0.49501,0.06956,0.89396,0.03648
132.00250,0.49500,0.02761,0.95262,0.01977
132.10249,0.49501,0.04021,0.85445,0.10535
132.20250,0.49500,0.01352,0.95890,0.02758
132.30251,0.49500,0.02904,0.89476,0.07620
132.40250,0.49501,0.01565,0.94529,0.03906
132.50250,0.49500,0.02123,0.93291,0.04586
132.60249,0.49501,0.01783,0.96138,0.02079
132.70250,0.49500,0.02564,0.95462,0.01975
132.80251,0.49500,0.03051,0.92021,0.04928
132.90250,0.49501,0.03715,0.90640,0.05645
133.00250,0.49500,0.05295,0.86970,0.07735
133.10249,0.49501,0.08791,0.88135,0.03074
133.20250,0.49500,0.09747,0.83716,0.06537
133.30251,0.49500,0.05418,0.87526,0.07056
133.40250,0.49501,0.06808,0.80765,0.12428
133.50250,0.49500,0.01599,0.89426,0.08976
133.60249,0.49501,0.01765,0.76976,0.21260
133.70250,0.49500,0.01967,0.62760,0.35273
133.80251,0.49500,0.02090,0.67752,0.30158
133.90250,0.49501,0.01370,0.83848,0.14782
134.00250,0.49500,0.02042,0.80852,0.17106
134.10249,0.49501,0.01757,0.88364,0.09878
134.20250,0.49500,0.02366,0.90142,0.07492
134.30251,0.49500,0.01620,0.95146,0.03234
134.40250,0.49501,0.02437,0.91786,0.05777
134.50250,0.49500,0.01248,0.91098,0.07654
134.60249,0.49501,0.01095,0.93191,0.05714
134.70250,0.49500,0.01580,0.92753,0.05667
134.80251,0.49500,0.02272,0.92369,0.05358
134.90250,0.49501,0.03035,0.89898,0.07067
135.00250,0.49500,0.03439,0.92405,0.04157
135.10249,0.49501,0.05432,0.79861,0.14707
135.20250,0.49500,0.05065,0.90262,0.04674
135.30251,0.49500,0.04493,0.86499,0.09008
135.40250,0.49501,0.02903,0.91689,0.05408
135.50250,0.49500,0.03085,0.89120,0.07795
135.60249,0.49501,0.00948,0.92922,0.06130
135.70250,0.49500,0.01607,0.89343,0.09050
135.80251,0.49500,0.01425,0.92016,0.06559
135.90250,0.49501,0.02112,0.88035,0.09853
136.00250,0.49500,0.03583,0.79973,0.16444
136.10249,0.49501,0.03233,0.92205,0.04562
136.20250,0.49500,0.04098,0.94162,0.01740
136.30251,0.49500,0.04063,0.91858,0.04080
136.40250,0.49501,0.03221,0.92019,0.04760
136.50250,0.49500,0.01326,0.95612,0.03062
136.60249,0.49501,0.02169,0.91071,0.06760
136.70250,0.49500,0.03441,0.82722,0.13837
136.80251,0.49500,0.04386,0.78571,0.17043
136.90250,0.49501,0.04136,0.73376,0.22488
137.00250,0.49500,0.03154,0.65483,0.31363
137.10249,0.49501,0.02147,0.72110,0.25743
137.20250,0.49500,0.02252,0.67231,0.30518
137.30251,0.49500,0.02456,0.56440,0.41104
137.40250,0.49501,0.01235,0.91039,0.07726
137.50250,0.49500,0.03753,0.92700,0.03547
137.60249,0.49501,0.06548,0.73249,0.20203
137.70250,0.49500,0.06750,0.79530,0.13720
137.80251,0.49500,0.03920,0.93680,0.02400
137.90250,0.49501,0.03816,0.90283,0.05901
138.00250,0.49500,0.03644,0.89303,0.07053
138.10249,0.49501,0.02658,0.96093,0.01249
138.20250,0.49500,0.02927,0.96105,0.00968
138.30251,0.49500,0.09001,0.87414,0.03585
138.40250,0.49501,0.06369,0.88204,0.05427
138.50250,0.49500,0.09480,0.87435,0.03084
138.60249,0.49501,0.06095,0.84036,0.09868
138.70250,0.49500,0.04915,0.74951,0.20134
138.80251,0.49500,0.03703,0.78346,0.17951
138.90250,0.49501,0.02902,0.91492,0.05606
139.00250,0.49500,0.02360,0.90490,0.07150
139.10249,0.49501,0.03301,0.89380,0.07318
139.20250,0.49500,0.03409,0.79988,0.16604
139.30251,0.49500,0.01985,0.85282,0.12734
139.40250,0.49501,0.01791,0.90940,0.07269
139.50250,0.49500,0.02288,0.80011,0.17701
139.60249,0.49501,0.01743,0.75830,0.22427
139.70250,0.49500,0.01297,0.84089,0.14615
139.80251,0.49500,0.02105,0.83791,0.14104
139.90250,0.49501,0.01522,0.80490,0.17988
140.00250,0.49500,0.02063,0.72008,0.25929
140.10249,0.49501,0.02436,0.60336,0.37228
140.20250,0.49500,0.04319,0.62865,0.32815
140.30251,0.49500,0.03348,0.80519,0.16133
140.40250,0.49501,0.04187,0.54671,0.41142
140.50250,0.49500,0.04708,0.66198,0.29094
140.60249,0.49501,0.01744,0.71692,0.26565
140.70250,0.49500,0.01992,0.85257,0.12751
140.80251,0.49500,0.01759,0.90044,0.08197
140.90250,0.49501,0.00967,0.92245,0.06789
141.00250,0.49500,0.01317,0.83700,0.14983
141.10249,0.49501,0.01194,0.86706,0.12099
141.20250,0.49500,0.01294,0.80503,0.18203
141.30251,0.49500,0.01271,0.92335,0.06393
141.40250,0.49501,0.01906,0.88425,0.09669
141.50250,0.49500,0.02207,0.88631,0.09162
141.60249,0.49501,0.03331,0.89976,0.06693
141.70250,0.49500,0.01387,0.94314,0.04299
141.80251,0.49500,0.01317,0.95510,0.03173
141.90250,0.49501,0.01288,0.95513,0.03200
142.00250,0.49500,0.01166,0.95135,0.03699
142.10249,0.49501,0.01521,0.96117,0.02363
142.20250,0.49500,0.01224,0.96681,0.02095
142.30251,0.49500,0.01380,0.94661,0.03959
142.40250,0.49501,0.01514,0.97392,0.01094
142.50250,0.49500,0.04079,0.94515,0.01406
142.60249,0.49501,0.09100,0.90012,0.00889
142.70250,0.49500,0.12785,0.83065,0.04151
142.80251,0.49500,0.06752,0.92638,0.00610
142.90250,0.49501,0.04442,0.86955,0.08603
143.00250,0.49500,0.05838,0.79561,0.14602
143.10249,0.49501,0.06968,0.49575,0.43457
143.20250,0.49500,0.03408,0.85854,0.10738
143.30251,0.49500,0.06710,0.86880,0.06411
143.40250,0.49501,0.08181,0.78123,0.13696
143.50250,0.49500,0.06684,0.88772,0.04545
143.60249,0.49501,0.09129,0.83313,0.07558
143.70250,0.49500,0.03953,0.90270,0.05776
143.80251,0.49500,0.01784,0.89377,0.08838
143.90250,0.49501,0.00943,0.93789,0.05268
144.00250,0.49500,0.01592,0.84144,0.14264
144.10249,0.49501,0.00954,0.96650,0.02396
144.20250,0.49500,0.00965,0.97878,0.01157
144.30251,0.49500,0.01246,0.94681,0.04073
144.40250,0.49501,0.01233,0.94143,0.04624
144.50250,0.49500,0.00942,0.95897,0.03161
144.60249,0.49501,0.00934,0.93233,0.05832
144.70250,0.49500,0.01200,0.80785,0.18015
144.80251,0.49500,0.01086,0.87202,0.11712
144.90250,0.49501,0.01140,0.86660,0.12200
145.00250,0.49500,0.01565,0.74185,0.24249
145.10249,0.49501,0.01714,0.61771,0.36515
145.20250,0.49500,0.01182,0.81028,0.17790
145.30251,0.49500,0.01474,0.84406,0.14120
145.40250,0.49501,0.02299,0.65151,0.32550
145.50250,0.49500,0.03235,0.73363,0.23401
145.60249,0.49501,0.02416,0.83014,0.14570
145.70250,0.49500,0.03065,0.81298,0.15637
145.80251,0.49500,0.02656,0.62644,0.34701
145.90250,0.49501,0.02543,0.76691,0.20766
146.00250,0.49500,0.01865,0.78221,0.19914
146.10249,0.49501,0.01926,0.75161,0.22913
146.20250,0.49500,0.02650,0.86227,0.11123
146.30251,0.49500,0.02300,0.88487,0.09213
146.40250,0.49501,0.02783,0.85629,0.11588
146.50250,0.49500,0.01417,0.89584,0.08999
146.60249,0.49501,0.01351,0.83676,0.14973
146.70250,0.49500,0.02639,0.78402,0.18959
146.80251,0.49500,0.02440,0.83274,0.14286
146.90250,0.49501,0.01908,0.91474,0.06618
147.00250,0.49500,0.01859,0.93546,0.04594
147.10249,0.49501,0.02123,0.92209,0.05667
147.20250,0.49500,0.01241,0.97691,0.01068
147.30251,0.49500,0.02081,0.95671,0.02249
147.40250,0.49501,0.01236,0.98167,0.00597
147.50250,0.49500,0.03208,0.96101,0.00691
147.60249,0.49501,0.03057,0.95290,0.01653
147.70250,0.49500,0.02572,0.96505,0.00924
147.80251,0.49500,0.04223,0.90700,0.05078
147.90250,0.49501,0.02353,0.94794,0.02853
148.00250,0.49500,0.02431,0.95733,0.01836
148.10249,0.49501,0.01699,0.95661,0.02640
148.20250,0.49500,0.02114,0.94736,0.03150
148.30251,0.49500,0.01369,0.97400,0.01231
148.40250,0.49501,0.00909,0.97826,0.01265
148.50250,0.49500,0.01400,0.93506,0.05094
148.60249,0.49501,0.01878,0.95902,0.02220
148.70250,0.49500,0.01421,0.95976,0.02603
148.80251,0.49500,0.01701,0.95726,0.02573
148.90250,0.49501,0.03045,0.92481,0.04474
149.00250,0.49500,0.00992,0.97385,0.01623
149.10249,0.49501,0.01177,0.96418,0.02405
149.20250,0.49500,0.01161,0.96902,0.01937
149.30251,0.49500,0.01052,0.92027,0.06921
149.40250,0.49501,0.00766,0.97760,0.01474
149.50250,0.49500,0.00867,0.97087,0.02046
149.60249,0.49501,0.00837,0.98052,0.01111
149.70250,0.49500,0.01354,0.95824,0.02821
149.80251,0.49500,0.01202,0.96071,0.02728
149.90250,0.49501,0.00866,0.97833,0.01301
150.00250,0.49500,0.00611,0.98493,0.00896
150.10249,0.49501,0.00757,0.95263,0.03979
150.20250,0.49500,0.00903,0.97319,0.01778
150.30251,0.49500,0.00918,0.98169,0.00913
150.40250,0.49501,0.00871,0.98635,0.00494
150.50250,0.49500,0.01275,0.98170,0.00555
150.60249,0.49501,0.01818,0.97739,0.00443
150.70250,0.49500,0.01028,0.98501,0.00471
150.80251,0.49500,0.00978,0.98632,0.00390
150.90250,0.49501,0.00933,0.98762,0.00304
151.00250,0.49500,0.00696,0.98855,0.00449
151.10249,0.49501,0.00962,0.98562,0.00476
151.20250,0.49500,0.00919,0.98609,0.00472
151.30251,0.49500,0.00928,0.98713,0.00358
151.40250,0.49501,0.01193,0.98305,0.00502
151.50250,0.49500,0.01121,0.97964,0.00915
151.60249,0.49501,0.01110,0.98153,0.00737
151.70250,0.49500,0.00930,0.98288,0.00782
151.80251,0.49500,0.00808,0.97824,0.01367
151.90250,0.49501,0.01219,0.96271,0.02510
152.00250,0.49500,0.01445,0.95188,0.03368
152.10249,0.49501,0.01079,0.95425,0.03497
152.20250,0.49500,0.00914,0.96917,0.02169
152.30251,0.49500,0.01263,0.93780,0.04957
152.40250,0.49501,0.01111,0.94088,0.04800
152.50250,0.49500,0.00873,0.96866,0.02261
152.60249,0.49501,0.00794,0.95987,0.03219
152.70250,0.49500,0.01144,0.81640,0.17216
152.80251,0.49500,0.01012,0.88589,0.10400
152.90250,0.49501,0.01146,0.95517,0.03338
153.00250,0.49500,0.01633,0.89467,0.08900
153.10249,0.49501,0.02199,0.76083,0.21718
153.20250,0.49500,0.02192,0.82499,0.15309
153.30251,0.49500,0.01556,0.82908,0.15536
153.40250,0.49501,0.01837,0.58051,0.40113
153.50250,0.49500,0.02095,0.51914,0.45991
153.60249,0.49501,0.01339,0.62654,0.36007
153.70250,0.49500,0.01270,0.70218,0.28513
153.80251,0.49500,0.01031,0.85517,0.13452
153.90250,0.49501,0.01270,0.88511,0.10220
154.00250,0.49500,0.01472,0.79347,0.19181
154.10249,0.49501,0.01497,0.85260,0.13243
154.20250,0.49500,0.01496,0.85104,0.13399
154.30251,0.49500,0.02002,0.57483,0.40516
154.40250,0.49501,0.02335,0.49786,0.47879
154.50250,0.49500,0.02361,0.50205,0.47434
154.60249,0.49501,0.02175,0.57201,0.40625
154.70250,0.49500,0.01681,0.41592,0.56728
154.80251,0.49500,0.01342,0.60715,0.37943
154.90250,0.49501,0.01107,0.73607,0.25286
155.00250,0.49500,0.01116,0.80093,0.18792
155.10249,0.49501,0.01000,0.80922,0.18078
155.20250,0.49500,0.01155,0.83849,0.14996
155.30251,0.49500,0.01564,0.78280,0.20156
155.40250,0.49501,0.01582,0.81749,0.16668
155.50250,0.49500,0.01571,0.95871,0.02557
155.60249,0.49501,0.03615,0.93946,0.02439
155.70250,0.49500,0.03031,0.94054,0.02915
155.80251,0.49500,0.01644,0.98109,0.00248
155.90250,0.49501,0.00931,0.98918,0.00151
156.00250,0.49500,0.01093,0.98069,0.00838
156.10249,0.49501,0.01391,0.97057,0.01552
156.20250,0.49500,0.00751,0.99033,0.00216
156.30251,0.49500,0.01535,0.94876,0.03589
156.40250,0.49501,0.02291,0.89524,0.08185
156.50250,0.49500,0.00922,0.98213,0.00865
156.60249,0.49501,0.01091,0.97406,0.01503
156.70250,0.49500,0.01677,0.94688,0.03635
156.80251,0.49500,0.01549,0.94924,0.03528
156.90250,0.49501,0.01264,0.97088,0.01648
157.00250,0.49500,0.01416,0.92197,0.06387
157.10249,0.49501,0.01118,0.91682,0.07200
157.20250,0.49500,0.01264,0.94112,0.04624
157.30251,0.49500,0.01243,0.91966,0.06790
157.40250,0.49501,0.01362,0.94751,0.03887
157.50250,0.49500,0.01041,0.96288,0.02671
157.60249,0.49501,0.00735,0.98205,0.01061
157.70250,0.49500,0.01724,0.88200,0.10076
157.80251,0.49500,0.01243,0.86941,0.11816
157.90250,0.49501,0.01451,0.88599,0.09949
158.00250,0.49500,0.01140,0.90126,0.08734
158.10249,0.49501,0.01338,0.91323,0.07338
158.20250,0.49500,0.02579,0.87856,0.09566
158.30251,0.49500,0.03616,0.66612,0.29772
158.40250,0.49501,0.02490,0.88735,0.08775
158.50250,0.49500,0.01681,0.88136,0.10183
158.60249,0.49501,0.01791,0.84151,0.14057
158.70250,0.49500,0.01707,0.86876,0.11418
158.80251,0.49500,0.01109,0.96713,0.02178
158.90250,0.49501,0.01344,0.94766,0.03889
159.00250,0.49500,0.00802,0.97812,0.01386
159.10249,0.49501,0.00877,0.95738,0.03385
159.20250,0.49500,0.00729,0.96412,0.02860
159.30251,0.49500,0.01161,0.96071,0.02768
159.40250,0.49501,0.00954,0.96817,0.02229
159.50250,0.49500,0.01678,0.97125,0.01197
159.60249,0.49501,0.01366,0.98040,0.00594
159.70250,0.49500,0.01335,0.97926,0.00739
159.80251,0.49500,0.00965,0.98613,0.00421
159.90250,0.49501,0.00948,0.98529,0.00523
160.00250,0.49500,0.00798,0.98762,0.00441
160.10249,0.49501,0.00974,0.98033,0.00993
160.20250,0.49500,0.00878,0.98122,0.01000
160.30251,0.49500,0.00820,0.98299,0.00881
160.40250,0.49501,0.00804,0.97859,0.01337
160.50250,0.49500,0.00749,0.97979,0.01273
160.60249,0.49501,0.00835,0.96787,0.02379
160.70250,0.49500,0.00722,0.97463,0.01815
160.80251,0.49500,0.00791,0.97915,0.01294
160.90250,0.49501,0.00772,0.97330,0.01898
161.00250,0.49500,0.00884,0.97978,0.01138
161.10249,0.49501,0.00986,0.97683,0.01331
161.20250,0.49500,0.01036,0.97623,0.01341
161.30251,0.49500,0.01153,0.95704,0.03142
161.40250,0.49501,0.00926,0.97457,0.01617
161.50250,0.49500,0.00867,0.95923,0.03209
161.60249,0.49501,0.00798,0.96258,0.02944
161.70250,0.49500,0.00818,0.95900,0.03281
161.80251,0.49500,0.00747,0.97624,0.01628
161.90250,0.49501,0.01049,0.95767,0.03183
162.00250,0.49500,0.00945,0.96545,0.02510
162.10249,0.49501,0.00874,0.97241,0.01885
162.20250,0.49500,0.00930,0.96192,0.02878
162.30251,0.49500,0.00805,0.95100,0.04096
162.40250,0.49501,0.00741,0.97018,0.02241
162.50250,0.49500,0.00882,0.95868,0.03250
162.60249,0.49501,0.00862,0.95314,0.03824
162.70250,0.49500,0.01316,0.87164,0.11520
162.80251,0.49500,0.01143,0.87140,0.11717
162.90250,0.49501,0.00968,0.80827,0.18205
163.00250,0.49500,0.01390,0.62927,0.35684
163.10249,0.49501,0.01653,0.38602,0.59745
163.20250,0.49500,0.01990,0.28432,0.69578
163.30251,0.49500,0.01888,0.34786,0.63326
163.40250,0.49501,0.01741,0.45104,0.53155
163.50250,0.49500,0.02140,0.20916,0.76944
163.60249,0.49501,0.01688,0.23058,0.75255
163.70250,0.49500,0.01562,0.47607,0.50831
163.80251,0.49500,0.02034,0.18715,0.79250
163.90250,0.49501,0.02095,0.09623,0.88282
164.00250,0.49500,0.01888,0.15337,0.82775
164.10249,0.49501,0.02498,0.10022,0.87479
164.20250,0.49500,0.02081,0.04540,0.93379
164.30251,0.49500,0.03059,0.10291,0.86650
164.40250,0.49501,0.03454,0.17423,0.79124
164.50250,0.49500,0.02997,0.16315,0.80688
164.60249,0.49501,0.03173,0.09040,0.87787
164.70250,0.49500,0.02631,0.15424,0.81945
164.80251,0.49500,0.02056,0.13842,0.84102
164.90250,0.49501,0.02375,0.09010,0.88615
165.00250,0.49500,0.01989,0.06114,0.91898
165.10249,0.49501,0.02195,0.06845,0.90960
165.20250,0.49500,0.02130,0.03707,0.94163
165.30251,0.49500,0.02176,0.02468,0.95356
165.40250,0.49501,0.02086,0.04746,0.93168
165.50250,0.49500,0.02395,0.06468,0.91137
165.60249,0.49501,0.02045,0.05932,0.92022
165.70250,0.49500,0.01966,0.09696,0.88337
165.80251,0.49500,0.02372,0.19151,0.78477
165.90250,0.49501,0.01893,0.14069,0.84038
166.00250,0.49500,0.01945,0.11545,0.86511
166.10249,0.49501,0.02180,0.14319,0.83501
166.20250,0.49500,0.02158,0.12599,0.85243
166.30251,0.49500,0.02484,0.11991,0.85525
166.40250,0.49501,0.02162,0.39553,0.58285
166.50250,0.49500,0.01916,0.40394,0.57690
166.60249,0.49501,0.01922,0.47421,0.50656
166.70250,0.49500,0.01726,0.83821,0.14454
166.80251,0.49500,0.02250,0.71236,0.26514
166.90250,0.49501,0.02661,0.43513,0.53826
167.00250,0.49500,0.02692,0.25708,0.71600
167.10249,0.49501,0.02514,0.19780,0.77706
167.20250,0.49500,0.02215,0.08207,0.89578
167.30251,0.49500,0.01955,0.04735,0.93310
167.40250,0.49501,0.02419,0.02158,0.95423
167.50250,0.49500,0.02400,0.02547,0.95053
167.60249,0.49501,0.03119,0.02945,0.93935
167.70250,0.49500,0.03547,0.02866,0.93587
167.80251,0.49500,0.02519,0.03769,0.93712
167.90250,0.49501,0.02303,0.05862,0.91835
168.00250,0.49500,0.01998,0.07994,0.90009
168.10249,0.49501,0.01917,0.11008,0.87075
168.20250,0.49500,0.01869,0.06613,0.91518
168.30251,0.49500,0.01868,0.13938,0.84194
168.40250,0.49501,0.02008,0.08720,0.89272
168.50250,0.49500,0.02281,0.12746,0.84973
168.60249,0.49501,0.02045,0.28930,0.69025
168.70250,0.49500,0.02577,0.52606,0.44817
168.80251,0.49500,0.02643,0.45438,0.51919
168.90250,0.49501,0.02366,0.48482,0.49152
169.00250,0.49500,0.02274,0.47312,0.50414
169.10249,0.49501,0.02279,0.26998,0.70723
169.20250,0.49500,0.01994,0.17946,0.80060
169.30251,0.49500,0.01831,0.13816,0.84353
169.40250,0.49501,0.01730,0.09988,0.88283
