Time (seconds), Duration (seconds),pred_(unlabeled),pred_empty_box,pred_table
0.00250,0.49500,0.03406,0.80438,0.16156
0.10250,0.49500,0.04633,0.84489,0.10878
0.20250,0.49500,0.03467,0.93794,0.02739
0.30250,0.49500,0.03405,0.94580,0.02015
0.40250,0.49500,0.04225,0.91601,0.04175
0.50250,0.49500,0.04201,0.78744,0.17054
0.60250,0.49500,0.04732,0.73030,0.22239
0.70250,0.49500,0.06394,0.57897,0.35709
0.80250,0.49500,0.06411,0.57085,0.36504
0.90250,0.49500,0.06189,0.74012,0.19798
1.00250,0.49500,0.04087,0.73161,0.22752
1.10250,0.49500,0.05805,0.48214,0.45981
1.20250,0.49500,0.05155,0.38042,0.56804
1.30250,0.49500,0.04665,0.69371,0.25965
1.40250,0.49500,0.05971,0.77823,0.16205
1.50250,0.49500,0.05035,0.88424,0.06541
1.60250,0.49500,0.02816,0.96161,0.01023
1.70250,0.49500,0.02631,0.96687,0.00682
1.80250,0.49500,0.01658,0.97824,0.00518
1.90250,0.49500,0.01657,0.97572,0.00771
2.00250,0.49500,0.02324,0.96502,0.01174
2.10250,0.49500,0.01878,0.97399,0.00723
2.20250,0.49500,0.02430,0.96497,0.01073
2.30250,0.49500,0.01631,0.98134,0.00235
2.40250,0.49500,0.02539,0.96427,0.01034
2.50250,0.49500,0.02652,0.96138,0.01211
2.60250,0.49500,0.02220,0.96945,0.00835
2.70250,0.49500,0.01773,0.97546,0.00681
2.80250,0.49500,0.02440,0.96628,0.00932
2.90250,0.49500,0.02606,0.96203,0.01192
3.00250,0.49500,0.03398,0.94384,0.02219
3.10250,0.49500,0.04659,0.89422,0.05919
3.20250,0.49500,0.05312,0.78914,0.15774
3.30250,0.49500,0.06736,0.63855,0.29409
3.40250,0.49500,0.04069,0.72438,0.23494
3.50250,0.49500,0.02466,0.88937,0.08596
3.60250,0.49500,0.02714,0.94171,0.03115
3.70250,0.49500,0.01942,0.97507,0.00550
3.80250,0.49500,0.02491,0.97032,0.00476
3.90250,0.49500,0.01872,0.97941,0.00188
4.00250,0.49500,0.01887,0.97778,0.00335
4.10250,0.49500,0.01604,0.97851,0.00545
4.20250,0.49500,0.03195,0.93187,0.03619
4.30250,0.49500,0.05405,0.72030,0.22565
4.40250,0.49500,0.06449,0.25078,0.68473
4.50250,0.49500,0.06725,0.08814,0.84461
4.60250,0.49500,0.05799,0.08691,0.85510
4.70250,0.49500,0.06224,0.21336,0.72440
4.80250,0.49500,0.04769,0.56475,0.38756
4.90250,0.49500,0.03858,0.86343,0.09798
5.00250,0.49500,0.03632,0.92875,0.03493
5.10250,0.49500,0.02310,0.96498,0.01192
5.20250,0.49500,0.01895,0.97442,0.00662
5.30250,0.49500,0.02568,0.96398,0.01034
5.40250,0.49500,0.02488,0.96903,0.00609
5.50250,0.49500,0.02643,0.96593,0.00764
5.60250,0.49500,0.02024,0.96734,0.01242
5.70250,0.49500,0.02700,0.95473,0.01827
5.80250,0.49500,0.02006,0.97057,0.00937
5.90250,0.49500,0.02988,0.94461,0.02551
6.00250,0.49500,0.03633,0.94794,0.01573
6.10250,0.49500,0.04554,0.93051,0.02395
6.20250,0.49500,0.04345,0.94039,0.01615
6.30250,0.49500,0.03596,0.95166,0.01237
6.40250,0.49500,0.05098,0.89688,0.05214
6.50250,0.49500,0.07404,0.84640,0.07956
6.60250,0.49500,0.04281,0.90744,0.04974
6.70250,0.49500,0.03885,0.93133,0.02981
6.80250,0.49500,0.05022,0.92243,0.02735
6.90250,0.49500,0.04247,0.89835,0.05918
7.00250,0.49500,0.02321,0.95327,0.02352
7.10250,0.49500,0.01631,0.97810,0.00559
7.20250,0.49500,0.01832,0.97422,0.00747
7.30250,0.49500,0.02146,0.97442,0.00412
7.40250,0.49500,0.04734,0.94145,0.01121
7.50250,0.49500,0.05860,0.93520,0.00620
7.60250,0.49500,0.05755,0.92388,0.01856
7.70250,0.49500,0.05022,0.93702,0.01277
7.80250,0.49500,0.04807,0.92500,0.02693
7.90250,0.49500,0.06420,0.87314,0.06266
8.00250,0.49500,0.07814,0.83569,0.08616
8.10250,0.49500,0.07570,0.83018,0.09412
8.20250,0.49500,0.11090,0.72186,0.16724
8.30250,0.49500,0.11251,0.68715,0.20034
8.40250,0.49500,0.13464,0.65107,0.21429
8.50250,0.49500,0.15215,0.77537,0.07248
8.60250,0.49500,0.17137,0.63667,0.19196
8.70250,0.49500,0.15747,0.67082,0.17171
8.80250,0.49500,0.13848,0.75704,0.10448
8.90250,0.49500,0.09138,0.70549,0.20313
9.00250,0.49500,0.06044,0.76143,0.17813
9.10250,0.49500,0.05424,0.84262,0.10314
9.20250,0.49500,0.03546,0.89157,0.07296
9.30250,0.49500,0.02644,0.95536,0.01821
9.40250,0.49500,0.03714,0.94743,0.01543
9.50250,0.49500,0.02972,0.96370,0.00657
9.60250,0.49500,0.02859,0.96790,0.00351
9.70250,0.49500,0.02645,0.97062,0.00293
9.80250,0.49500,0.02622,0.97113,0.00265
9.90250,0.49500,0.02262,0.97493,0.00245
10.00250,0.49500,0.01684,0.98038,0.00278
10.10250,0.49500,0.01843,0.97848,0.00309
10.20250,0.49500,0.02303,0.97376,0.00321
10.30250,0.49500,0.02215,0.97470,0.00315
10.40250,0.49500,0.02047,0.97560,0.00393
10.50250,0.49500,0.02247,0.97345,0.00409
10.60250,0.49500,0.02583,0.96873,0.00543
10.70250,0.49500,0.02183,0.97465,0.00352
10.80250,0.49500,0.05131,0.94476,0.00393
10.90250,0.49500,0.12137,0.87485,0.00378
11.00250,0.49500,0.11634,0.88179,0.00187
11.10250,0.49500,0.08033,0.91823,0.00144
11.20250,0.49500,0.05123,0.94794,0.00083
11.30250,0.49500,0.04544,0.95268,0.00189
11.40250,0.49500,0.06904,0.92948,0.00148
11.50250,0.49500,0.15245,0.84685,0.00070
11.60250,0.49500,0.19430,0.80506,0.00064
11.70250,0.49500,0.17907,0.82071,0.00022
11.80250,0.49500,0.32461,0.67532,0.00007
11.90250,0.49500,0.38358,0.61633,0.00009
12.00250,0.49500,0.47867,0.52132,0.00001
12.10250,0.49500,0.76411,0.23589,0.00000
12.20250,0.49500,0.76506,0.23494,0.00000
12.30250,0.49500,0.82750,0.17250,0.00000
12.40250,0.49500,0.75205,0.24795,0.00000
12.50250,0.49500,0.57124,0.42876,0.00000
12.60250,0.49500,0.94320,0.05680,0.00000
12.70250,0.49500,0.92943,0.07057,0.00000
12.80250,0.49500,0.99469,0.00531,0.00000
12.90250,0.49500,0.97672,0.02328,0.00000
13.00250,0.49500,0.94739,0.05261,0.00000
13.10250,0.49500,0.97376,0.02624,0.00000
13.20250,0.49500,0.92259,0.07741,0.00000
13.30250,0.49500,0.91127,0.08873,0.00000
13.40250,0.49500,0.20949,0.79051,0.00000
13.50250,0.49500,0.14133,0.85867,0.00000
13.60250,0.49500,0.04460,0.95540,0.00000
13.70250,0.49500,0.04462,0.95538,0.00000
13.80250,0.49500,0.02749,0.97251,0.00000
13.90250,0.49500,0.02615,0.97385,0.00000
14.00250,0.49500,0.02263,0.97736,0.00000
14.10250,0.49500,0.02412,0.97588,0.00000
14.20250,0.49500,0.01740,0.98260,0.00000
14.30250,0.49500,0.01654,0.98346,0.00000
14.40250,0.49500,0.01828,0.98171,0.00000
14.50250,0.49500,0.01507,0.98493,0.00000
14.60250,0.49500,0.02065,0.97935,0.00000
14.70250,0.49500,0.02268,0.97732,0.00000
14.80250,0.49500,0.02534,0.97466,0.00000
14.90250,0.49500,0.01706,0.98294,0.00000
15.00250,0.49500,0.01669,0.98331,0.00000
15.10250,0.49500,0.02005,0.97995,0.00000
15.20250,0.49500,0.02042,0.97957,0.00000
15.30250,0.49500,0.01790,0.98209,0.00000
15.40250,0.49500,0.01792,0.98208,0.00000
15.50250,0.49500,0.01773,0.98227,0.00000
15.60250,0.49500,0.02192,0.97807,0.00000
15.70250,0.49500,0.02032,0.97968,0.00000
15.80250,0.49500,0.01908,0.98092,0.00000
15.90250,0.49500,0.02140,0.97860,0.00000
16.00250,0.49500,0.01498,0.98502,0.00000
16.10250,0.49500,0.01796,0.98204,0.00000
16.20250,0.49500,0.01777,0.98223,0.00000
16.30250,0.49500,0.01955,0.98045,0.00000
16.40250,0.49500,0.01650,0.98350,0.00000
16.50250,0.49500,0.01388,0.98612,0.00000
16.60250,0.49500,0.01585,0.98415,0.00000
16.70250,0.49500,0.01433,0.98566,0.00000
16.80250,0.49500,0.02308,0.97690,0.00001
16.90250,0.49500,0.01381,0.98618,0.00001
17.00250,0.49500,0.01470,0.98528,0.00001
17.10250,0.49500,0.01034,0.98965,0.00000
17.20250,0.49500,0.01872,0.98127,0.00001
17.30250,0.49500,0.01420,0.98579,0.00000
17.40250,0.49500,0.01117,0.98883,0.00000
17.50250,0.49500,0.01888,0.98111,0.00001
17.60250,0.49500,0.01415,0.98585,0.00001
17.70250,0.49500,0.01623,0.98377,0.00000
17.80250,0.49500,0.01986,0.98013,0.00001
17.90250,0.49500,0.01774,0.98225,0.00001
18.00250,0.49500,0.01152,0.98848,0.00000
18.10250,0.49500,0.01208,0.98792,0.00001
18.20250,0.49500,0.02000,0.97999,0.00001
18.30250,0.49500,0.01679,0.98320,0.00000
18.40250,0.49500,0.01336,0.98664,0.00000
18.50250,0.49500,0.01314,0.98686,0.00000
18.60250,0.49500,0.01791,0.98207,0.00001
18.70250,0.49500,0.00996,0.99003,0.00000
18.80250,0.49500,0.01714,0.98285,0.00001
18.90250,0.49500,0.01877,0.98120,0.00003
19.00250,0.49500,0.02544,0.97447,0.00009
19.10250,0.49500,0.02087,0.97902,0.00011
19.20250,0.49500,0.01287,0.98688,0.00025
19.30250,0.49500,0.01269,0.98715,0.00017
19.40250,0.49500,0.01796,0.98186,0.00018
19.50250,0.49500,0.02185,0.97810,0.00005
19.60250,0.49500,0.02030,0.97968,0.00002
19.70250,0.49500,0.01497,0.98503,0.00001
19.80250,0.49500,0.01979,0.98020,0.00001
19.90250,0.49500,0.01832,0.98167,0.00000
20.00250,0.49500,0.01873,0.98127,0.00000
20.10250,0.49500,0.01363,0.98637,0.00000
20.20250,0.49500,0.01620,0.98380,0.00000
20.30250,0.49500,0.01785,0.98215,0.00000
20.40250,0.49500,0.01759,0.98240,0.00000
20.50250,0.49500,0.01497,0.98503,0.00000
20.60250,0.49500,0.01435,0.98565,0.00000
20.70250,0.49500,0.01481,0.98519,0.00001
20.80250,0.49500,0.01868,0.98129,0.00002
20.90250,0.49500,0.01471,0.98526,0.00003
21.00250,0.49500,0.01643,0.98352,0.00005
21.10250,0.49500,0.02061,0.97917,0.00021
21.20250,0.49500,0.01818,0.98150,0.00033
21.30250,0.49500,0.01712,0.98257,0.00031
21.40250,0.49500,0.01516,0.98455,0.00029
21.50250,0.49500,0.01250,0.98735,0.00015
21.60250,0.49500,0.01811,0.98176,0.00014
21.70250,0.49500,0.01733,0.98262,0.00005
21.80250,0.49500,0.01750,0.98248,0.00002
21.90250,0.49500,0.01498,0.98500,0.00001
22.00250,0.49500,0.01698,0.98299,0.00002
22.10250,0.49500,0.01397,0.98601,0.00001
22.20250,0.49500,0.01460,0.98537,0.00002
22.30250,0.49500,0.01475,0.98523,0.00002
22.40250,0.49500,0.01561,0.98437,0.00002
22.50250,0.49500,0.01564,0.98436,0.00001
22.60250,0.49500,0.02005,0.97994,0.00001
22.70250,0.49500,0.01952,0.98047,0.00001
22.80250,0.49500,0.02402,0.97597,0.00001
22.90250,0.49500,0.02441,0.97559,0.00001
23.00250,0.49500,0.02611,0.97388,0.00000
23.10250,0.49500,0.02976,0.97024,0.00000
23.20250,0.49500,0.02272,0.97728,0.00000
23.30250,0.49500,0.02102,0.97898,0.00000
23.40250,0.49500,0.01800,0.98200,0.00000
23.50250,0.49500,0.01624,0.98376,0.00000
23.60250,0.49500,0.01945,0.98054,0.00000
23.70250,0.49500,0.01719,0.98281,0.00000
23.80250,0.49500,0.02014,0.97986,0.00000
23.90250,0.49500,0.02331,0.97669,0.00000
24.00250,0.49500,0.02609,0.97391,0.00000
24.10250,0.49500,0.03330,0.96670,0.00000
24.20250,0.49500,0.06335,0.93665,0.00000
24.30250,0.49500,0.13221,0.86779,0.00000
24.40250,0.49500,0.38392,0.61608,0.00000
24.50250,0.49500,0.73793,0.26207,0.00000
24.60250,0.49500,0.96323,0.03677,0.00000
24.70250,0.49500,0.95823,0.04177,0.00000
24.80250,0.49500,0.99567,0.00433,0.00000
24.90250,0.49500,0.98250,0.01750,0.00000
25.00250,0.49500,0.97526,0.02474,0.00000
25.10250,0.49500,0.99960,0.00040,0.00000
25.20250,0.49500,0.99801,0.00199,0.00000
25.30250,0.49500,0.98054,0.01946,0.00000
25.40250,0.49500,0.94869,0.05131,0.00000
25.50250,0.49500,0.63872,0.36128,0.00000
25.60250,0.49500,0.15544,0.84456,0.00000
25.70250,0.49500,0.26696,0.73304,0.00000
25.80250,0.49500,0.17772,0.82228,0.00000
25.90250,0.49500,0.06182,0.93818,0.00000
26.00250,0.49500,0.06221,0.93779,0.00000
26.10250,0.49500,0.04103,0.95897,0.00000
26.20250,0.49500,0.04027,0.95973,0.00000
26.30250,0.49500,0.02642,0.97358,0.00000
26.40250,0.49500,0.02046,0.97954,0.00000
26.50250,0.49500,0.02009,0.97991,0.00000
26.60250,0.49500,0.02723,0.97277,0.00000
26.70250,0.49500,0.02872,0.97128,0.00000
26.80250,0.49500,0.03111,0.96889,0.00000
26.90250,0.49500,0.02569,0.97431,0.00000
27.00250,0.49500,0.02734,0.97266,0.00000
27.10250,0.49500,0.02013,0.97987,0.00000
27.20250,0.49500,0.02115,0.97885,0.00000
27.30250,0.49500,0.02211,0.97789,0.00000
27.40250,0.49500,0.02705,0.97295,0.00000
27.50250,0.49500,0.02896,0.97104,0.00000
27.60250,0.49500,0.03362,0.96638,0.00000
27.70250,0.49500,0.02944,0.97056,0.00000
27.80250,0.49500,0.02457,0.97543,0.00000
27.90250,0.49500,0.02303,0.97697,0.00000
28.00250,0.49500,0.02136,0.97864,0.00000
28.10250,0.49500,0.01947,0.98053,0.00000
28.20250,0.49500,0.01830,0.98170,0.00000
28.30250,0.49500,0.02188,0.97812,0.00000
28.40250,0.49500,0.02038,0.97962,0.00000
28.50250,0.49500,0.02473,0.97527,0.00000
28.60250,0.49500,0.02232,0.97767,0.00000
28.70250,0.49500,0.01956,0.98044,0.00000
28.80250,0.49500,0.01945,0.98055,0.00000
28.90250,0.49500,0.01847,0.98153,0.00000
29.00250,0.49500,0.02097,0.97903,0.00000
29.10250,0.49500,0.02449,0.97551,0.00000
29.20250,0.49500,0.02600,0.97400,0.00000
29.30250,0.49500,0.02069,0.97931,0.00000
29.40250,0.49500,0.02245,0.97755,0.00000
29.50250,0.49500,0.01736,0.98264,0.00000
29.60250,0.49500,0.01768,0.98232,0.00000
29.70250,0.49500,0.02078,0.97922,0.00000
29.80250,0.49500,0.01954,0.98046,0.00000
29.90250,0.49500,0.01771,0.98229,0.00000
30.00250,0.49500,0.01593,0.98407,0.00000
30.10250,0.49500,0.01753,0.98247,0.00000
30.20250,0.49500,0.02191,0.97809,0.00000
30.30250,0.49500,0.02229,0.97771,0.00000
30.40250,0.49500,0.02124,0.97876,0.00000
30.50250,0.49500,0.01949,0.98051,0.00000
30.60250,0.49500,0.01797,0.98203,0.00000
30.70250,0.49500,0.02462,0.97538,0.00000
30.80250,0.49500,0.02645,0.97355,0.00000
30.90250,0.49500,0.03183,0.96817,0.00000
31.00250,0.49500,0.02325,0.97675,0.00000
31.10250,0.49500,0.02465,0.97535,0.00000
31.20250,0.49500,0.02384,0.97616,0.00000
31.30250,0.49500,0.02345,0.97655,0.00000
31.40250,0.49500,0.02836,0.97164,0.00000
31.50250,0.49500,0.03007,0.96993,0.00000
31.60250,0.49500,0.02699,0.97301,0.00000
31.70250,0.49500,0.02342,0.97658,0.00000
31.80250,0.49500,0.02043,0.97957,0.00000
31.90250,0.49500,0.02601,0.97399,0.00000
32.00250,0.49500,0.02583,0.97417,0.00000
32.10250,0.49500,0.02224,0.97776,0.00000
32.20250,0.49500,0.02014,0.97986,0.00000
32.30250,0.49500,0.01535,0.98465,0.00000
32.40250,0.49500,0.01794,0.98206,0.00000
32.50250,0.49500,0.01643,0.98357,0.00000
32.60250,0.49500,0.01676,0.98324,0.00000
32.70250,0.49500,0.01409,0.98591,0.00000
32.80250,0.49500,0.01805,0.98195,0.00000
32.90250,0.49500,0.01823,0.98177,0.00000
33.00250,0.49500,0.02024,0.97976,0.00000
33.10250,0.49500,0.02290,0.97710,0.00000
33.20250,0.49500,0.01917,0.98083,0.00000
33.30250,0.49500,0.01743,0.98257,0.00000
33.40250,0.49500,0.01831,0.98169,0.00000
33.50250,0.49500,0.01575,0.98425,0.00000
33.60250,0.49500,0.01723,0.98277,0.00000
33.70250,0.49500,0.01678,0.98322,0.00000
33.80250,0.49500,0.01893,0.98107,0.00000
33.90250,0.49500,0.01738,0.98262,0.00000
34.00250,0.49500,0.01573,0.98427,0.00000
34.10250,0.49500,0.01532,0.98468,0.00000
34.20250,0.49500,0.01535,0.98465,0.00000
34.30250,0.49500,0.01512,0.98488,0.00000
34.40250,0.49500,0.01606,0.98394,0.00000
34.50250,0.49500,0.01924,0.98076,0.00000
34.60250,0.49500,0.01725,0.98275,0.00000
34.70250,0.49500,0.01760,0.98240,0.00000
34.80250,0.49500,0.02023,0.97977,0.00000
34.90250,0.49500,0.01997,0.98003,0.00000
35.00250,0.49500,0.01981,0.98019,0.00000
35.10250,0.49500,0.01886,0.98114,0.00000
35.20250,0.49500,0.01941,0.98059,0.00000
35.30250,0.49500,0.01917,0.98083,0.00000
35.40250,0.49500,0.01967,0.98033,0.00000
35.50250,0.49500,0.01992,0.98008,0.00000
35.60250,0.49500,0.01698,0.98302,0.00000
35.70250,0.49500,0.01828,0.98172,0.00000
35.80250,0.49500,0.01739,0.98261,0.00000
35.90250,0.49500,0.01742,0.98258,0.00000
36.00250,0.49500,0.01941,0.98059,0.00000
36.10250,0.49500,0.02425,0.97575,0.00000
36.20250,0.49500,0.02331,0.97669,0.00000
36.30250,0.49500,0.02393,0.97607,0.00000
36.40250,0.49500,0.02133,0.97867,0.00000
36.50250,0.49500,0.01816,0.98184,0.00000
36.60250,0.49500,0.02764,0.97236,0.00000
36.70250,0.49500,0.03013,0.96987,0.00000
36.80250,0.49500,0.04540,0.95460,0.00000
36.90250,0.49500,0.05970,0.94030,0.00000
37.00250,0.49500,0.40902,0.59098,0.00000
37.10250,0.49500,0.74250,0.25750,0.00000
37.20250,0.49500,0.95691,0.04309,0.00000
37.30250,0.49500,0.87200,0.12800,0.00000
37.40250,0.49500,0.90671,0.09329,0.00000
37.50250,0.49500,0.98125,0.01875,0.00000
37.60250,0.49500,0.99769,0.00231,0.00000
37.70250,0.49500,0.98863,0.01137,0.00000
37.80250,0.49500,0.99972,0.00028,0.00000
37.90250,0.49500,0.99983,0.00017,0.00000
38.00250,0.49500,0.97561,0.02439,0.00000
38.10250,0.49500,0.77749,0.22251,0.00000
38.20250,0.49500,0.87505,0.12495,0.00000
38.30250,0.49500,0.82849,0.17150,0.00000
38.40250,0.49500,0.72156,0.27824,0.00020
38.50250,0.49500,0.89152,0.10831,0.00017
38.60250,0.49500,0.90501,0.09434,0.00064
38.70250,0.49500,0.42925,0.45284,0.11791
38.80250,0.49500,0.10801,0.80632,0.08567
38.90250,0.49500,0.01805,0.95152,0.03043
39.00250,0.49500,0.05713,0.75178,0.19109
39.10250,0.49500,0.03611,0.44571,0.51818
39.20250,0.49500,0.02751,0.36117,0.61132
39.30250,0.49500,0.02475,0.65206,0.32319
39.40250,0.49500,0.01667,0.72249,0.26084
39.50250,0.49500,0.02609,0.63434,0.33957
39.60250,0.49500,0.03081,0.68865,0.28054
39.70250,0.49500,0.04869,0.52762,0.42369
39.80250,0.49500,0.03056,0.26521,0.70424
39.90250,0.49500,0.01775,0.44068,0.54157
40.00250,0.49500,0.02439,0.27449,0.70112
40.10250,0.49500,0.02917,0.28728,0.68355
40.20250,0.49500,0.02290,0.25220,0.72490
40.30250,0.49500,0.02530,0.19497,0.77972
40.40250,0.49500,0.01984,0.18956,0.79060
40.50250,0.49500,0.01646,0.19153,0.79200
40.60250,0.49500,0.02463,0.23612,0.73924
40.70250,0.49500,0.02918,0.20365,0.76717
40.80250,0.49500,0.03228,0.26332,0.70440
40.90250,0.49500,0.02822,0.19670,0.77508
41.00250,0.49500,0.01915,0.27483,0.70602
41.10250,0.49500,0.01965,0.31866,0.66168
41.20250,0.49500,0.02019,0.37718,0.60263
41.30250,0.49500,0.02049,0.42802,0.55149
41.40250,0.49500,0.01929,0.42857,0.55215
41.50250,0.49500,0.01717,0.41737,0.56546
41.60250,0.49500,0.01593,0.34188,0.64218
41.70250,0.49500,0.01763,0.29668,0.68569
41.80250,0.49500,0.01472,0.23014,0.75514
41.90250,0.49500,0.01522,0.27781,0.70697
42.00250,0.49500,0.01628,0.20277,0.78095
42.10250,0.49500,0.01642,0.26688,0.71671
42.20250,0.49500,0.01614,0.30595,0.67791
42.30250,0.49500,0.01949,0.35798,0.62253
42.40250,0.49500,0.01730,0.21681,0.76590
42.50250,0.49500,0.02002,0.32627,0.65370
42.60250,0.49500,0.01765,0.20761,0.77474
42.70250,0.49500,0.01593,0.24091,0.74316
42.80250,0.49500,0.01882,0.18724,0.79394
42.90250,0.49500,0.01950,0.22696,0.75354
43.00250,0.49500,0.02077,0.15377,0.82547
43.10250,0.49500,0.02050,0.18097,0.79853
43.20250,0.49500,0.02616,0.16873,0.80511
43.30250,0.49500,0.02472,0.14462,0.83066
43.40250,0.49500,0.02714,0.12920,0.84366
43.50250,0.49500,0.02827,0.12011,0.85162
43.60250,0.49500,0.02554,0.21414,0.76032
43.70250,0.49500,0.04200,0.31346,0.64454
43.80250,0.49500,0.04139,0.20618,0.75243
43.90250,0.49500,0.03912,0.28879,0.67209
44.00250,0.49500,0.04017,0.42550,0.53433
44.10250,0.49500,0.02559,0.40981,0.56460
44.20250,0.49500,0.02154,0.31109,0.66737
44.30250,0.49500,0.02164,0.45593,0.52243
44.40250,0.49500,0.02749,0.38426,0.58825
44.50250,0.49500,0.01836,0.47720,0.50444
44.60250,0.49500,0.01937,0.40641,0.57421
44.70250,0.49500,0.01806,0.33354,0.64840
44.80250,0.49500,0.02365,0.29362,0.68273
44.90250,0.49500,0.02170,0.30762,0.67068
45.00250,0.49500,0.02221,0.25943,0.71836
45.10250,0.49500,0.02653,0.18071,0.79276
45.20250,0.49500,0.01490,0.12835,0.85676
45.30250,0.49500,0.01659,0.18235,0.80105
45.40250,0.49500,0.01881,0.17937,0.80183
45.50250,0.49500,0.01944,0.23412,0.74644
45.60250,0.49500,0.01943,0.20361,0.77696
45.70250,0.49500,0.01717,0.23861,0.74423
45.80250,0.49500,0.01833,0.24943,0.73224
45.90250,0.49500,0.02036,0.24337,0.73627
46.00250,0.49500,0.02463,0.19447,0.78090
46.10250,0.49500,0.02620,0.18203,0.79177
46.20250,0.49500,0.02770,0.17671,0.79559
46.30250,0.49500,0.02454,0.15171,0.82375
46.40250,0.49500,0.01963,0.14136,0.83901
46.50250,0.49500,0.01696,0.25386,0.72918
46.60250,0.49500,0.01423,0.17322,0.81256
46.70250,0.49500,0.01364,0.15967,0.82669
46.80250,0.49500,0.01340,0.20489,0.78171
46.90250,0.49500,0.01747,0.20269,0.77984
47.00250,0.49500,0.01618,0.18026,0.80356
47.10250,0.49500,0.02098,0.16417,0.81486
47.20250,0.49500,0.01892,0.20191,0.77917
47.30250,0.49500,0.01718,0.20345,0.77937
47.40250,0.49500,0.02002,0.19530,0.78468
47.50250,0.49500,0.01977,0.21504,0.76518
47.60250,0.49500,0.02737,0.34535,0.62728
47.70250,0.49500,0.12700,0.41104,0.46196
47.80250,0.49500,0.30050,0.32155,0.37794
47.90250,0.49500,0.38457,0.37139,0.24404
48.00250,0.49500,0.50237,0.32850,0.16913
48.10250,0.49500,0.50953,0.38129,0.10918
48.20250,0.49500,0.33449,0.50782,0.15768
48.30250,0.49500,0.36353,0.55532,0.08115
48.40250,0.49500,0.43219,0.55355,0.01427
48.50250,0.49500,0.51770,0.48070,0.00160
48.60250,0.49500,0.65585,0.34409,0.00006
48.70250,0.49500,0.69480,0.30519,0.00000
48.80250,0.49500,0.50523,0.49477,0.00000
48.90250,0.49500,0.44619,0.55381,0.00000
49.00250,0.49500,0.24109,0.75891,0.00000
49.10250,0.49500,0.34221,0.65779,0.00000
49.20250,0.49500,0.84854,0.15146,0.00000
49.30250,0.49500,0.88866,0.11134,0.00000
49.40250,0.49500,0.88189,0.11811,0.00000
49.50250,0.49500,0.99503,0.00497,0.00000
49.60250,0.49500,0.97248,0.02752,0.00000
49.70250,0.49500,0.75562,0.24435,0.00003
49.80250,0.49500,0.72470,0.27525,0.00006
49.90250,0.49500,0.47748,0.52248,0.00003
50.00250,0.49500,0.29779,0.70205,0.00016
50.10250,0.49500,0.10544,0.89434,0.00022
50.20250,0.49500,0.04810,0.95135,0.00055
50.30250,0.49500,0.06850,0.93044,0.00107
50.40250,0.49500,0.07634,0.92067,0.00299
50.50250,0.49500,0.11123,0.88774,0.00103
50.60250,0.49500,0.08607,0.91339,0.00054
50.70250,0.49500,0.08954,0.90981,0.00065
50.80250,0.49500,0.05710,0.94203,0.00087
50.90250,0.49500,0.03421,0.96463,0.00116
51.00250,0.49500,0.03094,0.96646,0.00260
51.10250,0.49500,0.02354,0.97365,0.00281
51.20250,0.49500,0.02619,0.97205,0.00176
51.30250,0.49500,0.02212,0.97669,0.00119
51.40250,0.49500,0.02501,0.97217,0.00282
51.50250,0.49500,0.01822,0.97931,0.00247
51.60250,0.49500,0.01262,0.98486,0.00252
51.70250,0.49500,0.02146,0.97615,0.00239
51.80250,0.49500,0.03388,0.96493,0.00119
51.90250,0.49500,0.05646,0.94265,0.00089
52.00250,0.49500,0.09336,0.90580,0.00084
52.10250,0.49500,0.08016,0.91895,0.00089
52.20250,0.49500,0.04852,0.94943,0.00206
52.30250,0.49500,0.03325,0.96496,0.00179
52.40250,0.49500,0.01973,0.97900,0.00127
52.50250,0.49500,0.01418,0.98345,0.00236
52.60250,0.49500,0.01280,0.98494,0.00226
52.70250,0.49500,0.01465,0.98261,0.00273
52.80250,0.49500,0.01279,0.98519,0.00202
52.90250,0.49500,0.01479,0.98283,0.00238
53.00250,0.49500,0.01327,0.98508,0.00165
53.10250,0.49500,0.01221,0.98453,0.00326
53.20250,0.49500,0.01640,0.98017,0.00344
53.30250,0.49500,0.01723,0.98070,0.00207
53.40250,0.49500,0.01691,0.98188,0.00121
53.50250,0.49500,0.01961,0.97893,0.00146
53.60250,0.49500,0.02250,0.97634,0.00116
53.70250,0.49500,0.01323,0.98533,0.00144
53.80250,0.49500,0.01614,0.98188,0.00198
53.90250,0.49500,0.01929,0.97804,0.00267
54.00250,0.49500,0.01273,0.98580,0.00147
54.10250,0.49500,0.01323,0.98566,0.00111
54.20250,0.49500,0.01238,0.98654,0.00108
54.30250,0.49500,0.01349,0.98483,0.00169
54.40250,0.49500,0.01081,0.98732,0.00188
54.50250,0.49500,0.00951,0.98909,0.00140
54.60250,0.49500,0.01407,0.98400,0.00193
54.70250,0.49500,0.02478,0.97330,0.00192
54.80250,0.49500,0.04099,0.95827,0.00073
54.90250,0.49500,0.06398,0.93488,0.00114
55.00250,0.49500,0.03820,0.96093,0.00088
55.10250,0.49500,0.04206,0.95648,0.00146
55.20250,0.49500,0.01501,0.98219,0.00279
55.30250,0.49500,0.01169,0.98463,0.00367
55.40250,0.49500,0.01157,0.98613,0.00230
55.50250,0.49500,0.03425,0.96324,0.00251
55.60250,0.49500,0.02952,0.96836,0.00212
55.70250,0.49500,0.03062,0.96775,0.00163
55.80250,0.49500,0.03792,0.96060,0.00148
55.90250,0.49500,0.02361,0.97457,0.00182
56.00250,0.49500,0.02535,0.97333,0.00132
56.10250,0.49500,0.02203,0.97682,0.00115
56.20250,0.49500,0.01665,0.98249,0.00086
56.30250,0.49500,0.01619,0.98291,0.00090
56.40250,0.49500,0.01444,0.98431,0.00124
56.50250,0.49500,0.01826,0.98004,0.00169
56.60250,0.49500,0.01228,0.98595,0.00177
56.70250,0.49500,0.01782,0.97948,0.00269
56.80250,0.49500,0.02126,0.97701,0.00173
56.90250,0.49500,0.02166,0.97662,0.00172
57.00250,0.49500,0.03216,0.96579,0.00204
57.10250,0.49500,0.04240,0.95320,0.00441
57.20250,0.49500,0.02606,0.97130,0.00264
57.30250,0.49500,0.02260,0.97529,0.00211
57.40250,0.49500,0.04188,0.95629,0.00183
57.50250,0.49500,0.02247,0.97510,0.00242
57.60250,0.49500,0.01850,0.98038,0.00112
57.70250,0.49500,0.01767,0.98128,0.00105
57.80250,0.49500,0.01251,0.98600,0.00150
57.90250,0.49500,0.01128,0.98737,0.00136
58.00250,0.49500,0.01216,0.98582,0.00202
58.10250,0.49500,0.01096,0.98782,0.00122
58.20250,0.49500,0.04736,0.94984,0.00280
58.30250,0.49500,0.24098,0.75820,0.00082
58.40250,0.49500,0.32308,0.67681,0.00011
58.50250,0.49500,0.56234,0.43761,0.00006
58.60250,0.49500,0.56507,0.43490,0.00004
58.70250,0.49500,0.43567,0.56429,0.00004
58.80250,0.49500,0.29515,0.70466,0.00019
58.90250,0.49500,0.60842,0.39149,0.00009
59.00250,0.49500,0.46765,0.53226,0.00009
59.10250,0.49500,0.92437,0.07563,0.00001
59.20250,0.49500,0.73585,0.26415,0.00000
59.30250,0.49500,0.49690,0.50310,0.00000
59.40250,0.49500,0.73515,0.26485,0.00000
59.50250,0.49500,0.40094,0.59906,0.00000
59.60250,0.49500,0.37816,0.62184,0.00000
59.70250,0.49500,0.61245,0.38755,0.00000
59.80250,0.49500,0.78407,0.21593,0.00000
59.90250,0.49500,0.78289,0.21711,0.00000
60.00250,0.49500,0.91637,0.08363,0.00000
60.10250,0.49500,0.76726,0.23274,0.00000
60.20250,0.49500,0.19871,0.80128,0.00000
60.30250,0.49500,0.09029,0.90969,0.00002
60.40250,0.49500,0.08314,0.91682,0.00004
60.50250,0.49500,0.09728,0.90266,0.00006
60.60250,0.49500,0.07296,0.92700,0.00004
60.70250,0.49500,0.04814,0.95178,0.00008
60.80250,0.49500,0.03090,0.96898,0.00012
60.90250,0.49500,0.02339,0.97647,0.00015
61.00250,0.49500,0.01996,0.97985,0.00019
61.10250,0.49500,0.02236,0.97752,0.00012
61.20250,0.49500,0.02238,0.97742,0.00020
61.30250,0.49500,0.02824,0.97154,0.00022
61.40250,0.49500,0.02344,0.97634,0.00022
61.50250,0.49500,0.02227,0.97754,0.00018
61.60250,0.49500,0.02204,0.97779,0.00017
61.70250,0.49500,0.01760,0.98226,0.00014
61.80250,0.49500,0.01940,0.98047,0.00013
61.90250,0.49500,0.02154,0.97827,0.00019
62.00250,0.49500,0.02191,0.97788,0.00021
62.10250,0.49500,0.03309,0.96671,0.00020
62.20250,0.49500,0.02794,0.97189,0.00017
62.30250,0.49500,0.03038,0.96950,0.00013
62.40250,0.49500,0.02916,0.97070,0.00014
62.50250,0.49500,0.02092,0.97898,0.00010
62.60250,0.49500,0.02416,0.97569,0.00016
62.70250,0.49500,0.02297,0.97686,0.00017
62.80250,0.49500,0.02622,0.97363,0.00015
62.90250,0.49500,0.01829,0.98157,0.00014
63.00250,0.49500,0.01993,0.97992,0.00015
63.10250,0.49500,0.01979,0.98005,0.00017
63.20250,0.49500,0.01945,0.98043,0.00012
63.30250,0.49500,0.02360,0.97627,0.00013
63.40250,0.49500,0.02581,0.97411,0.00008
63.50250,0.49500,0.02454,0.97537,0.00009
63.60250,0.49500,0.02332,0.97658,0.00010
63.70250,0.49500,0.02346,0.97643,0.00012
63.80250,0.49500,0.02077,0.97900,0.00023
63.90250,0.49500,0.02133,0.97836,0.00030
64.00250,0.49500,0.02900,0.97063,0.00037
64.10250,0.49500,0.03139,0.96836,0.00024
64.20250,0.49500,0.03412,0.96566,0.00022
64.30250,0.49500,0.02604,0.97387,0.00009
64.40250,0.49500,0.02671,0.97314,0.00015
64.50250,0.49500,0.01903,0.98082,0.00015
64.60250,0.49500,0.01898,0.98090,0.00011
64.70250,0.49500,0.01935,0.98042,0.00023
64.80250,0.49500,0.01607,0.98378,0.00015
64.90250,0.49500,0.01956,0.98033,0.00011
65.00250,0.49500,0.02220,0.97759,0.00021
65.10250,0.49500,0.02282,0.97693,0.00025
65.20250,0.49500,0.01742,0.98245,0.00013
65.30250,0.49500,0.01859,0.98125,0.00017
65.40250,0.49500,0.01862,0.98118,0.00020
65.50250,0.49500,0.02124,0.97847,0.00030
65.60250,0.49500,0.01811,0.98169,0.00021
65.70250,0.49500,0.01906,0.98077,0.00017
65.80250,0.49500,0.01827,0.98155,0.00017
65.90250,0.49500,0.02183,0.97799,0.00018
66.00250,0.49500,0.02445,0.97537,0.00018
66.10250,0.49500,0.01734,0.98253,0.00013
66.20250,0.49500,0.02219,0.97758,0.00024
66.30250,0.49500,0.02281,0.97701,0.00018
66.40250,0.49500,0.02528,0.97449,0.00023
66.50250,0.49500,0.03525,0.96459,0.00016
66.60250,0.49500,0.03366,0.96623,0.00012
66.70250,0.49500,0.03297,0.96688,0.00015
66.80250,0.49500,0.03044,0.96940,0.00016
66.90250,0.49500,0.02252,0.97732,0.00016
67.00250,0.49500,0.02736,0.97227,0.00037
67.10250,0.49500,0.02528,0.97453,0.00018
67.20250,0.49500,0.03176,0.96804,0.00020
67.30250,0.49500,0.02770,0.97216,0.00014
67.40250,0.49500,0.02730,0.97258,0.00013
67.50250,0.49500,0.02790,0.97195,0.00016
67.60250,0.49500,0.02181,0.97803,0.00016
67.70250,0.49500,0.02136,0.97852,0.00012
67.80250,0.49500,0.01757,0.98236,0.00007
67.90250,0.49500,0.02424,0.97567,0.00008
68.00250,0.49500,0.02643,0.97347,0.00010
68.10250,0.49500,0.02652,0.97339,0.00008
68.20250,0.49500,0.02956,0.97031,0.00014
68.30250,0.49500,0.02355,0.97629,0.00015
68.40250,0.49500,0.01933,0.98056,0.00011
68.50250,0.49500,0.02337,0.97650,0.00014
68.60250,0.49500,0.02096,0.97894,0.00010
68.70250,0.49500,0.02715,0.97274,0.00011
68.80250,0.49500,0.02481,0.97511,0.00008
68.90250,0.49500,0.02277,0.97712,0.00011
69.00250,0.49500,0.02218,0.97771,0.00011
69.10250,0.49500,0.01713,0.98277,0.00010
69.20250,0.49500,0.01960,0.98027,0.00013
69.30250,0.49500,0.01934,0.98050,0.00015
69.40250,0.49500,0.02028,0.97954,0.00017
69.50250,0.49500,0.01895,0.98090,0.00014
69.60250,0.49500,0.01785,0.98202,0.00013
69.70250,0.49500,0.02050,0.97930,0.00020
69.80250,0.49500,0.01848,0.98133,0.00019
69.90250,0.49500,0.01540,0.98450,0.00010
70.00250,0.49500,0.01901,0.98081,0.00018
70.10250,0.49500,0.02123,0.97861,0.00016
70.20250,0.49500,0.01754,0.98228,0.00019
70.30250,0.49500,0.04419,0.95560,0.00021
70.40250,0.49500,0.04136,0.95844,0.00020
70.50250,0.49500,0.05398,0.94583,0.00019
70.60250,0.49500,0.04279,0.95708,0.00013
70.70250,0.49500,0.02483,0.97500,0.00016
70.80250,0.49500,0.02717,0.97262,0.00020
70.90250,0.49500,0.02251,0.97730,0.00018
71.00250,0.49500,0.02389,0.97590,0.00022
71.10250,0.49500,0.02258,0.97726,0.00016
71.20250,0.49500,0.02175,0.97813,0.00012
71.30250,0.49500,0.01750,0.98238,0.00011
71.40250,0.49500,0.01744,0.98243,0.00013
71.50250,0.49500,0.01747,0.98244,0.00009
71.60250,0.49500,0.02200,0.97788,0.00013
71.70250,0.49500,0.02427,0.97558,0.00014
71.80250,0.49500,0.02362,0.97624,0.00014
71.90250,0.49500,0.02586,0.97404,0.00010
72.00250,0.49500,0.02749,0.97240,0.00011
72.10250,0.49500,0.01747,0.98245,0.00008
72.20250,0.49500,0.02153,0.97838,0.00008
72.30250,0.49500,0.01562,0.98432,0.00006
72.40250,0.49500,0.01379,0.98615,0.00006
72.50250,0.49500,0.01613,0.98378,0.00009
72.60250,0.49500,0.02077,0.97912,0.00011
72.70250,0.49500,0.02242,0.97750,0.00008
72.80250,0.49500,0.06664,0.93332,0.00004
72.90250,0.49500,0.06957,0.93034,0.00009
73.00250,0.49500,0.23141,0.76857,0.00002
73.10250,0.49500,0.51079,0.48921,0.00001
73.20250,0.49500,0.87785,0.12215,0.00000
73.30250,0.49500,0.96946,0.03054,0.00000
73.40250,0.49500,0.97972,0.02028,0.00000
73.50250,0.49500,0.90776,0.09224,0.00000
73.60250,0.49500,0.95453,0.04547,0.00000
73.70250,0.49500,0.94498,0.05502,0.00000
73.80250,0.49500,0.40581,0.59416,0.00002
73.90250,0.49500,0.41682,0.58313,0.00005
74.00250,0.49500,0.64390,0.35606,0.00004
74.10250,0.49500,0.65539,0.34457,0.00004
74.20250,0.49500,0.73680,0.26313,0.00007
74.30250,0.49500,0.57418,0.42569,0.00013
74.40250,0.49500,0.25492,0.74470,0.00039
74.50250,0.49500,0.27561,0.72341,0.00098
74.60250,0.49500,0.17925,0.81822,0.00253
74.70250,0.49500,0.16480,0.83123,0.00396
74.80250,0.49500,0.07752,0.91605,0.00644
74.90250,0.49500,0.02640,0.96970,0.00390
75.00250,0.49500,0.04437,0.94782,0.00781
75.10250,0.49500,0.04610,0.94223,0.01168
75.20250,0.49500,0.05263,0.93104,0.01633
75.30250,0.49500,0.07439,0.90294,0.02267
75.40250,0.49500,0.07457,0.90600,0.01943
75.50250,0.49500,0.05776,0.91891,0.02333
75.60250,0.49500,0.03823,0.94218,0.01959
75.70250,0.49500,0.04708,0.92534,0.02758
75.80250,0.49500,0.03321,0.92663,0.04015
75.90250,0.49500,0.02312,0.90601,0.07086
76.00250,0.49500,0.01645,0.92205,0.06150
76.10250,0.49500,0.01951,0.90831,0.07218
76.20250,0.49500,0.01722,0.92693,0.05584
76.30250,0.49500,0.01924,0.92302,0.05774
76.40250,0.49500,0.01998,0.94161,0.03842
76.50250,0.49500,0.04559,0.91100,0.04342
76.60250,0.49500,0.03201,0.94956,0.01843
76.70250,0.49500,0.09360,0.87935,0.02706
76.80250,0.49500,0.05869,0.90787,0.03344
76.90250,0.49500,0.05873,0.86629,0.07498
77.00250,0.49500,0.02622,0.86689,0.10690
77.10250,0.49500,0.01567,0.83573,0.14860
77.20250,0.49500,0.01498,0.87405,0.11097
77.30250,0.49500,0.01458,0.89170,0.09372
77.40250,0.49500,0.01996,0.92919,0.05085
77.50250,0.49500,0.01828,0.95333,0.02839
77.60250,0.49500,0.02051,0.95849,0.02100
77.70250,0.49500,0.01750,0.97209,0.01041
77.80250,0.49500,0.01352,0.96529,0.02119
77.90250,0.49500,0.01167,0.97274,0.01559
78.00250,0.49500,0.01545,0.95532,0.02924
78.10250,0.49500,0.01253,0.96399,0.02348
78.20250,0.49500,0.01201,0.95245,0.03554
78.30250,0.49500,0.01012,0.95611,0.03376
78.40250,0.49500,0.00884,0.97130,0.01986
78.50250,0.49500,0.00915,0.96943,0.02141
78.60250,0.49500,0.01280,0.96262,0.02458
78.70250,0.49500,0.01445,0.95036,0.03519
78.80250,0.49500,0.01017,0.97127,0.01856
78.90250,0.49500,0.01254,0.95590,0.03156
79.00250,0.49500,0.01512,0.94573,0.03915
79.10250,0.49500,0.01690,0.93738,0.04572
79.20250,0.49500,0.01945,0.93681,0.04374
79.30250,0.49500,0.01980,0.92817,0.05203
79.40250,0.49500,0.01826,0.94845,0.03329
79.50250,0.49500,0.02006,0.93898,0.04096
79.60250,0.49500,0.01479,0.95746,0.02774
79.70250,0.49500,0.01664,0.95439,0.02897
79.80250,0.49500,0.01444,0.96078,0.02478
79.90250,0.49500,0.01593,0.94886,0.03521
80.00250,0.49500,0.01574,0.94611,0.03814
80.10250,0.49500,0.01320,0.95670,0.03009
80.20250,0.49500,0.01085,0.94618,0.04296
80.30250,0.49500,0.01009,0.96032,0.02959
80.40250,0.49500,0.01300,0.95345,0.03355
80.50250,0.49500,0.02009,0.89820,0.08171
80.60250,0.49500,0.01870,0.91987,0.06144
80.70250,0.49500,0.02100,0.91830,0.06070
80.80250,0.49500,0.02729,0.90084,0.07187
80.90250,0.49500,0.03022,0.92182,0.04796
81.00250,0.49500,0.02861,0.94827,0.02311
81.10250,0.49500,0.01939,0.97091,0.00970
81.20250,0.49500,0.01668,0.97668,0.00664
81.30250,0.49500,0.01535,0.97682,0.00784
81.40250,0.49500,0.00994,0.98287,0.00719
81.50250,0.49500,0.01383,0.96335,0.02282
81.60250,0.49500,0.00989,0.97736,0.01275
81.70250,0.49500,0.01062,0.97399,0.01538
81.80250,0.49500,0.01325,0.97427,0.01248
81.90250,0.49500,0.01809,0.96539,0.01652
82.00250,0.49500,0.01318,0.97643,0.01039
82.10250,0.49500,0.01395,0.97094,0.01512
82.20250,0.49500,0.01519,0.96453,0.02028
82.30250,0.49500,0.01238,0.95441,0.03321
82.40250,0.49500,0.01210,0.97245,0.01545
82.50250,0.49500,0.02557,0.95057,0.02385
82.60250,0.49500,0.01870,0.97250,0.00880
82.70250,0.49500,0.02137,0.97285,0.00578
82.80250,0.49500,0.02050,0.97592,0.00359
82.90250,0.49500,0.01470,0.98028,0.00502
83.00250,0.49500,0.02357,0.97279,0.00364
83.10250,0.49500,0.04980,0.93891,0.01129
83.20250,0.49500,0.09282,0.90311,0.00407
83.30250,0.49500,0.11709,0.87434,0.00857
83.40250,0.49500,0.18592,0.80695,0.00713
83.50250,0.49500,0.11532,0.88045,0.00423
83.60250,0.49500,0.18927,0.80687,0.00385
83.70250,0.49500,0.31735,0.68240,0.00025
83.80250,0.49500,0.19530,0.80450,0.00020
83.90250,0.49500,0.49592,0.50408,0.00000
84.00250,0.49500,0.60786,0.39214,0.00000
84.10250,0.49500,0.84554,0.15446,0.00000
84.20250,0.49500,0.87856,0.12144,0.00000
84.30250,0.49500,0.90398,0.09602,0.00000
84.40250,0.49500,0.98594,0.01406,0.00000
84.50250,0.49500,0.93011,0.06989,0.00000
84.60250,0.49500,0.63003,0.36997,0.00000
84.70250,0.49500,0.58373,0.41627,0.00000
84.80250,0.49500,0.13195,0.86805,0.00000
84.90250,0.49500,0.04018,0.95982,0.00000
85.00250,0.49500,0.03801,0.96199,0.00000
85.10250,0.49500,0.02908,0.97092,0.00000
85.20250,0.49500,0.02977,0.97023,0.00000
85.30250,0.49500,0.03025,0.96975,0.00000
85.40250,0.49500,0.02952,0.97048,0.00000
85.50250,0.49500,0.02762,0.97238,0.00000
85.60250,0.49500,0.02660,0.97340,0.00000
85.70250,0.49500,0.02888,0.97112,0.00000
85.80250,0.49500,0.02727,0.97273,0.00000
85.90250,0.49500,0.02555,0.97445,0.00000
86.00250,0.49500,0.02552,0.97448,0.00000
86.10250,0.49500,0.02347,0.97653,0.00000
86.20250,0.49500,0.02116,0.97884,0.00000
86.30250,0.49500,0.02366,0.97634,0.00000
86.40250,0.49500,0.02324,0.97676,0.00000
86.50250,0.49500,0.02306,0.97694,0.00000
86.60250,0.49500,0.02309,0.97691,0.00000
86.70250,0.49500,0.02314,0.97686,0.00000
86.80250,0.49500,0.02323,0.97677,0.00000
86.90250,0.49500,0.02328,0.97672,0.00000
87.00250,0.49500,0.02316,0.97684,0.00000
87.10250,0.49500,0.02298,0.97702,0.00000
87.20250,0.49500,0.02162,0.97838,0.00000
87.30250,0.49500,0.02130,0.97870,0.00000
87.40250,0.49500,0.02198,0.97802,0.00000
87.50250,0.49500,0.02238,0.97762,0.00000
87.60250,0.49500,0.02232,0.97768,0.00000
87.70250,0.49500,0.02201,0.97799,0.00000
87.80250,0.49500,0.02238,0.97762,0.00000
87.90250,0.49500,0.02130,0.97870,0.00000
88.00250,0.49500,0.02307,0.97693,0.00000
88.10250,0.49500,0.02299,0.97701,0.00000
88.20250,0.49500,0.02212,0.97788,0.00000
88.30250,0.49500,0.02256,0.97744,0.00000
88.40250,0.49500,0.02151,0.97849,0.00000
88.50250,0.49500,0.02141,0.97859,0.00000
88.60250,0.49500,0.02166,0.97834,0.00000
88.70250,0.49500,0.02171,0.97829,0.00000
88.80250,0.49500,0.02202,0.97798,0.00000
88.90250,0.49500,0.02157,0.97843,0.00000
89.00250,0.49500,0.02205,0.97795,0.00000
89.10250,0.49500,0.02169,0.97831,0.00000
89.20250,0.49500,0.02154,0.97846,0.00000
89.30250,0.49500,0.02225,0.97775,0.00000
89.40250,0.49500,0.02214,0.97786,0.00000
89.50250,0.49500,0.02231,0.97769,0.00000
89.60250,0.49500,0.02165,0.97835,0.00000
89.70250,0.49500,0.02237,0.97763,0.00000
89.80250,0.49500,0.02242,0.97758,0.00000
89.90250,0.49500,0.02173,0.97827,0.00000
90.00250,0.49500,0.02184,0.97816,0.00000
90.10250,0.49500,0.02119,0.97881,0.00000
90.20250,0.49500,0.02227,0.97773,0.00000
90.30250,0.49500,0.02108,0.97892,0.00000
90.40250,0.49500,0.02174,0.97826,0.00000
90.50250,0.49500,0.02234,0.97766,0.00000
90.60250,0.49500,0.02240,0.97760,0.00000
90.70250,0.49500,0.02148,0.97852,0.00000
90.80250,0.49500,0.02065,0.97935,0.00000
90.90250,0.49500,0.02025,0.97975,0.00000
91.00250,0.49500,0.02097,0.97903,0.00000
91.10250,0.49500,0.02089,0.97911,0.00000
91.20250,0.49500,0.02106,0.97894,0.00000
91.30250,0.49500,0.02102,0.97898,0.00000
91.40250,0.49500,0.02165,0.97835,0.00000
91.50250,0.49500,0.02146,0.97854,0.00000
91.60250,0.49500,0.02126,0.97874,0.00000
91.70250,0.49500,0.02163,0.97837,0.00000
91.80250,0.49500,0.02232,0.97768,0.00000
91.90250,0.49500,0.02215,0.97785,0.00000
92.00250,0.49500,0.02233,0.97767,0.00000
92.10250,0.49500,0.02229,0.97771,0.00000
92.20250,0.49500,0.02241,0.97759,0.00000
92.30250,0.49500,0.02168,0.97832,0.00000
92.40250,0.49500,0.02264,0.97736,0.00000
92.50250,0.49500,0.02154,0.97846,0.00000
92.60250,0.49500,0.02189,0.97811,0.00000
92.70250,0.49500,0.02188,0.97812,0.00000
92.80250,0.49500,0.02208,0.97792,0.00000
92.90250,0.49500,0.02212,0.97788,0.00000
93.00250,0.49500,0.02118,0.97882,0.00000
93.10250,0.49500,0.02262,0.97738,0.00000
93.20250,0.49500,0.02193,0.97807,0.00000
93.30250,0.49500,0.02219,0.97781,0.00000
93.40250,0.49500,0.02178,0.97822,0.00000
93.50250,0.49500,0.02149,0.97851,0.00000
93.60250,0.49500,0.02207,0.97793,0.00000
93.70250,0.49500,0.02213,0.97787,0.00000
93.80250,0.49500,0.02198,0.97802,0.00000
93.90250,0.49500,0.02192,0.97808,0.00000
94.00250,0.49500,0.02176,0.97824,0.00000
94.10250,0.49500,0.02189,0.97811,0.00000
94.20250,0.49500,0.02188,0.97812,0.00000
94.30250,0.49500,0.02251,0.97749,0.00000
94.40250,0.49500,0.02180,0.97820,0.00000
94.50250,0.49500,0.02304,0.97696,0.00000
94.60250,0.49500,0.02562,0.97438,0.00000
94.70250,0.49500,0.02668,0.97332,0.00000
94.80250,0.49500,0.02873,0.97127,0.00000
94.90250,0.49500,0.03062,0.96938,0.00000
95.00250,0.49500,0.03371,0.96629,0.00000
95.10250,0.49500,0.03769,0.96231,0.00000
95.20250,0.49500,0.04848,0.95152,0.00000
95.30250,0.49500,0.38765,0.61235,0.00000
95.40250,0.49500,0.71706,0.28294,0.00000
95.50250,0.49500,0.94761,0.05239,0.00000
95.60250,0.49500,0.99973,0.00027,0.00000
95.70250,0.49500,0.99729,0.00271,0.00000
95.80250,0.49500,0.99486,0.00514,0.00000
95.90250,0.49500,0.99351,0.00649,0.00000
96.00250,0.49500,0.99113,0.00887,0.00000
96.10250,0.49500,0.85277,0.14723,0.00000
96.20250,0.49500,0.11454,0.88546,0.00000
96.30250,0.49500,0.09950,0.90050,0.00000
96.40250,0.49500,0.06964,0.93036,0.00000
96.50250,0.49500,0.03253,0.96747,0.00000
96.60250,0.49500,0.04450,0.95550,0.00000
96.70250,0.49500,0.04755,0.95245,0.00000
96.80250,0.49500,0.04596,0.95404,0.00000
96.90250,0.49500,0.04818,0.95182,0.00000
97.00250,0.49500,0.05086,0.94914,0.00000
97.10250,0.49500,0.05744,0.94256,0.00000
97.20250,0.49500,0.05767,0.94233,0.00000
97.30250,0.49500,0.04285,0.95715,0.00000
97.40250,0.49500,0.04296,0.95704,0.00000
97.50250,0.49500,0.03440,0.96559,0.00000
97.60250,0.49500,0.04014,0.95986,0.00000
97.70250,0.49500,0.03734,0.96265,0.00000
97.80250,0.49500,0.03140,0.96860,0.00000
97.90250,0.49500,0.02585,0.97415,0.00000
98.00250,0.49500,0.02431,0.97568,0.00000
98.10250,0.49500,0.02295,0.97705,0.00000
98.20250,0.49500,0.02430,0.97570,0.00000
98.30250,0.49500,0.02583,0.97417,0.00000
98.40250,0.49500,0.02450,0.97550,0.00000
98.50250,0.49500,0.02378,0.97622,0.00000
98.60250,0.49500,0.02449,0.97551,0.00000
98.70250,0.49500,0.02321,0.97679,0.00000
98.80250,0.49500,0.02561,0.97439,0.00000
98.90250,0.49500,0.02606,0.97394,0.00000
99.00250,0.49500,0.02468,0.97532,0.00000
99.10250,0.49500,0.02659,0.97341,0.00000
99.20250,0.49500,0.02398,0.97601,0.00000
99.30250,0.49500,0.02449,0.97550,0.00000
99.40250,0.49500,0.02561,0.97439,0.00000
99.50250,0.49500,0.02729,0.97271,0.00000
99.60250,0.49500,0.02707,0.97293,0.00000
99.70250,0.49500,0.02746,0.97254,0.00000
99.80250,0.49500,0.02470,0.97530,0.00000
99.90250,0.49500,0.02840,0.97160,0.00000
100.00250,0.49500,0.02642,0.97358,0.00000
100.10250,0.49500,0.02824,0.97176,0.00000
100.20250,0.49500,0.02785,0.97215,0.00000
100.30250,0.49500,0.02520,0.97480,0.00000
100.40250,0.49500,0.02579,0.97421,0.00000
100.50250,0.49500,0.02540,0.97460,0.00000
100.60250,0.49500,0.02426,0.97574,0.00000
100.70250,0.49500,0.02391,0.97609,0.00000
100.80250,0.49500,0.02544,0.97456,0.00000
100.90250,0.49500,0.02558,0.97442,0.00000
101.00250,0.49500,0.02468,0.97532,0.00000
101.10250,0.49500,0.02697,0.97303,0.00000
101.20250,0.49500,0.02745,0.97255,0.00000
101.30250,0.49500,0.02430,0.97570,0.00000
101.40250,0.49500,0.02502,0.97498,0.00000
101.50250,0.49500,0.02479,0.97521,0.00000
101.60250,0.49500,0.02597,0.97403,0.00000
101.70250,0.49500,0.02458,0.97542,0.00000
101.80250,0.49500,0.02550,0.97450,0.00000
101.90250,0.49500,0.02584,0.97416,0.00000
102.00250,0.49500,0.02482,0.97518,0.00000
102.10250,0.49500,0.02452,0.97548,0.00000
102.20250,0.49500,0.02477,0.97523,0.00000
102.30250,0.49500,0.02586,0.97414,0.00000
102.40250,0.49500,0.02464,0.97536,0.00000
102.50250,0.49500,0.02518,0.97482,0.00000
102.60250,0.49500,0.02595,0.97404,0.00000
102.70250,0.49500,0.02702,0.97298,0.00000
102.80250,0.49500,0.02568,0.97431,0.00000
102.90250,0.49500,0.02604,0.97395,0.00000
103.00250,0.49500,0.02539,0.97461,0.00000
103.10250,0.49500,0.02580,0.97420,0.00000
103.20250,0.49500,0.02639,0.97360,0.00000
103.30250,0.49500,0.02583,0.97417,0.00000
103.40250,0.49500,0.02618,0.97382,0.00000
103.50250,0.49500,0.02497,0.97503,0.00000
103.60250,0.49500,0.02467,0.97533,0.00000
103.70250,0.49500,0.02659,0.97341,0.00000
103.80250,0.49500,0.02628,0.97372,0.00000
103.90250,0.49500,0.02676,0.97324,0.00000
104.00250,0.49500,0.02629,0.97371,0.00000
104.10250,0.49500,0.02740,0.97260,0.00000
104.20250,0.49500,0.02580,0.97420,0.00000
104.30250,0.49500,0.02559,0.97441,0.00000
104.40250,0.49500,0.02533,0.97467,0.00000
104.50250,0.49500,0.02505,0.97495,0.00000
104.60250,0.49500,0.02304,0.97696,0.00000
104.70250,0.49500,0.02461,0.97539,0.00000
104.80250,0.49500,0.02301,0.97699,0.00000
104.90250,0.49500,0.02809,0.97191,0.00000
105.00250,0.49500,0.03014,0.96986,0.00000
105.10250,0.49500,0.03282,0.96718,0.00000
105.20250,0.49500,0.04050,0.95950,0.00000
105.30250,0.49500,0.04966,0.95034,0.00000
105.40250,0.49500,0.04605,0.95395,0.00000
105.50250,0.49500,0.04710,0.95290,0.00000
105.60250,0.49500,0.22415,0.77585,0.00000
105.70250,0.49500,0.61875,0.38125,0.00000
105.80250,0.49500,0.49294,0.50706,0.00000
105.90250,0.49500,0.82080,0.17920,0.00000
106.00250,0.49500,0.69119,0.30881,0.00000
106.10250,0.49500,0.34623,0.65376,0.00000
106.20250,0.49500,0.58650,0.41350,0.00000
106.30250,0.49500,0.23400,0.76600,0.00000
106.40250,0.49500,0.05937,0.94063,0.00000
106.50250,0.49500,0.12873,0.87127,0.00000
106.60250,0.49500,0.05457,0.94543,0.00000
106.70250,0.49500,0.01357,0.98643,0.00000
106.80250,0.49500,0.00416,0.99584,0.00000
106.90250,0.49500,0.00174,0.99826,0.00000
107.00250,0.49500,0.00143,0.99857,0.00000
107.10250,0.49500,0.00148,0.99852,0.00000
107.20250,0.49500,0.00189,0.99811,0.00000
107.30250,0.49500,0.00288,0.99712,0.00000
107.40250,0.49500,0.00255,0.99745,0.00000
107.50250,0.49500,0.00235,0.99765,0.00000
107.60250,0.49500,0.00249,0.99751,0.00000
107.70250,0.49500,0.00238,0.99762,0.00000
107.80250,0.49500,0.00170,0.99830,0.00000
107.90250,0.49500,0.00193,0.99807,0.00000
108.00250,0.49500,0.00174,0.99826,0.00000
108.10250,0.49500,0.00209,0.99791,0.00000
108.20250,0.49500,0.00180,0.99820,0.00000
108.30250,0.49500,0.00149,0.99851,0.00000
108.40250,0.49500,0.00128,0.99872,0.00000
108.50250,0.49500,0.00123,0.99877,0.00000
108.60250,0.49500,0.00104,0.99896,0.00000
108.70250,0.49500,0.00130,0.99870,0.00000
108.80250,0.49500,0.00127,0.99873,0.00000
108.90250,0.49500,0.00136,0.99864,0.00000
109.00250,0.49500,0.00118,0.99882,0.00000
109.10250,0.49500,0.00123,0.99877,0.00000
109.20250,0.49500,0.00098,0.99902,0.00000
109.30250,0.49500,0.00111,0.99889,0.00000
109.40250,0.49500,0.00137,0.99863,0.00000
109.50250,0.49500,0.00155,0.99845,0.00000
109.60250,0.49500,0.00179,0.99821,0.00000
109.70250,0.49500,0.00193,0.99807,0.00000
109.80250,0.49500,0.00181,0.99819,0.00000
109.90250,0.49500,0.00149,0.99851,0.00000
110.00250,0.49500,0.00186,0.99814,0.00000
110.10250,0.49500,0.00148,0.99852,0.00000
110.20250,0.49500,0.00139,0.99861,0.00000
110.30250,0.49500,0.00155,0.99845,0.00000
110.40250,0.49500,0.00133,0.99867,0.00000
110.50250,0.49500,0.00157,0.99843,0.00000
110.60250,0.49500,0.00153,0.99847,0.00000
110.70250,0.49500,0.00133,0.99867,0.00000
110.80250,0.49500,0.00148,0.99852,0.00000
110.90250,0.49500,0.00143,0.99857,0.00000
111.00250,0.49500,0.00121,0.99879,0.00000
111.10250,0.49500,0.00116,0.99884,0.00000
111.20250,0.49500,0.00109,0.99891,0.00000
111.30250,0.49500,0.00114,0.99886,0.00000
111.40250,0.49500,0.00144,0.99856,0.00000
111.50250,0.49500,0.00130,0.99870,0.00000
111.60250,0.49500,0.00223,0.99777,0.00000
111.70250,0.49500,0.00216,0.99784,0.00000
111.80250,0.49500,0.00285,0.99714,0.00000
111.90250,0.49500,0.00218,0.99782,0.00000
112.00250,0.49500,0.00216,0.99784,0.00000
112.10250,0.49500,0.00202,0.99798,0.00000
112.20250,0.49500,0.00174,0.99826,0.00000
112.30250,0.49500,0.00183,0.99817,0.00000
112.40250,0.49500,0.00153,0.99847,0.00000
112.50250,0.49500,0.00120,0.99879,0.00000
112.60250,0.49500,0.00148,0.99852,0.00000
112.70250,0.49500,0.00129,0.99871,0.00000
112.80250,0.49500,0.00137,0.99863,0.00000
112.90250,0.49500,0.00180,0.99820,0.00000
113.00250,0.49500,0.00182,0.99818,0.00000
113.10250,0.49500,0.00638,0.99362,0.00000
113.20250,0.49500,0.00421,0.99579,0.00000
113.30250,0.49500,0.00436,0.99564,0.00000
113.40250,0.49500,0.00345,0.99655,0.00000
113.50250,0.49500,0.00223,0.99777,0.00000
113.60250,0.49500,0.00333,0.99667,0.00000
113.70250,0.49500,0.00581,0.99419,0.00000
113.80250,0.49500,0.00499,0.99501,0.00000
113.90250,0.49500,0.00680,0.99320,0.00000
114.00250,0.49500,0.00702,0.99298,0.00000
114.10250,0.49500,0.00991,0.99009,0.00000
114.20250,0.49500,0.00583,0.99417,0.00000
114.30250,0.49500,0.18071,0.81929,0.00000
114.40250,0.49500,0.69925,0.30075,0.00000
114.50250,0.49500,0.88259,0.11741,0.00000
114.60250,0.49500,0.91340,0.08660,0.00000
114.70250,0.49500,0.98417,0.01583,0.00000
114.80250,0.49500,0.93565,0.06435,0.00000
114.90250,0.49500,0.46296,0.53704,0.00000
115.00250,0.49500,0.63390,0.36610,0.00000
115.10250,0.49500,0.84213,0.15787,0.00000
115.20250,0.49500,0.95703,0.04297,0.00000
115.30250,0.49500,0.67720,0.32280,0.00000
115.40250,0.49500,0.79191,0.20809,0.00000
115.50250,0.49500,0.90065,0.09935,0.00000
115.60250,0.49500,0.71306,0.28694,0.00000
115.70250,0.49500,0.61902,0.38097,0.00000
115.80250,0.49500,0.71106,0.28894,0.00000
115.90250,0.49500,0.65306,0.34694,0.00000
116.00250,0.49500,0.20816,0.79179,0.00005
116.10250,0.49500,0.07301,0.92672,0.00027
116.20250,0.49500,0.05120,0.94852,0.00028
116.30250,0.49500,0.03212,0.96778,0.00010
116.40250,0.49500,0.02393,0.97597,0.00009
116.50250,0.49500,0.01937,0.98051,0.00012
116.60250,0.49500,0.08816,0.91175,0.00009
116.70250,0.49500,0.32944,0.67051,0.00004
116.80250,0.49500,0.57848,0.42151,0.00001
116.90250,0.49500,0.64841,0.35158,0.00000
117.00250,0.49500,0.52357,0.47643,0.00001
117.10250,0.49500,0.35676,0.64322,0.00002
117.20250,0.49500,0.11636,0.88361,0.00003
117.30250,0.49500,0.03332,0.96665,0.00002
117.40250,0.49500,0.03851,0.96144,0.00006
117.50250,0.49500,0.02767,0.97220,0.00013
117.60250,0.49500,0.14390,0.85590,0.00020
117.70250,0.49500,0.15205,0.84787,0.00007
117.80250,0.49500,0.16232,0.83764,0.00004
117.90250,0.49500,0.18314,0.81682,0.00004
118.00250,0.49500,0.08856,0.91140,0.00005
118.10250,0.49500,0.03387,0.96601,0.00012
118.20250,0.49500,0.01516,0.98457,0.00027
118.30250,0.49500,0.00828,0.99151,0.00021
118.40250,0.49500,0.00606,0.99375,0.00019
118.50250,0.49500,0.00787,0.99199,0.00014
118.60250,0.49500,0.01031,0.98949,0.00020
118.70250,0.49500,0.00872,0.99104,0.00024
118.80250,0.49500,0.00715,0.99252,0.00032
118.90250,0.49500,0.00782,0.99200,0.00018
119.00250,0.49500,0.00707,0.99282,0.00011
119.10250,0.49500,0.00863,0.99112,0.00025
119.20250,0.49500,0.00775,0.99212,0.00013
119.30250,0.49500,0.00718,0.99266,0.00017
119.40250,0.49500,0.00443,0.99541,0.00016
119.50250,0.49500,0.00414,0.99569,0.00017
119.60250,0.49500,0.00491,0.99490,0.00019
119.70250,0.49500,0.00588,0.99391,0.00021
119.80250,0.49500,0.00827,0.99159,0.00014
119.90250,0.49500,0.00757,0.99221,0.00021
120.00250,0.49500,0.00785,0.99204,0.00011
120.10250,0.49500,0.00886,0.99098,0.00016
120.20250,0.49500,0.00716,0.99264,0.00020
120.30250,0.49500,0.00746,0.99231,0.00022
120.40250,0.49500,0.00653,0.99323,0.00024
120.50250,0.49500,0.00542,0.99429,0.00029
120.60250,0.49500,0.00465,0.99512,0.00023
120.70250,0.49500,0.00551,0.99420,0.00029
120.80250,0.49500,0.00481,0.99490,0.00029
120.90250,0.49500,0.00611,0.99371,0.00018
121.00250,0.49500,0.00770,0.99204,0.00026
121.10250,0.49500,0.00948,0.98994,0.00057
121.20250,0.49500,0.00831,0.99132,0.00036
121.30250,0.49500,0.00583,0.99366,0.00051
121.40250,0.49500,0.00666,0.99266,0.00068
121.50250,0.49500,0.00620,0.99344,0.00036
121.60250,0.49500,0.00699,0.99249,0.00052
121.70250,0.49500,0.00498,0.99467,0.00035
121.80250,0.49500,0.00514,0.99448,0.00038
121.90250,0.49500,0.00540,0.99414,0.00046
